0.4910000000
0.0390000000
0.0316000000
0.0323000000
0.0261000000
0.0285000000
0.0233000000
0.0226000000
0.0170000000
0.0170000000
0.0156000000
0.0157000000
0.0138000000
0.0116000000
0.0110000000
0.0090000000
0.0067000000
0.0092000000
0.0072000000
0.0066000000
0.0062000000
0.0064000000
0.0040000000
0.0038000000
0.0051000000
0.0042000000
0.0030000000
0.0027000000
0.0014000000
0.0024000000
0.0029000000
0.0027000000
0.0012000000
0.0033000000
0.0068000000
0.0077000000
0.0069000000
0.0062000000
0.0058000000
0.0063000000
0.0064000000
0.0075000000
0.0066000000
0.0053000000
0.0059000000
0.0057000000
0.0052000000
0.0078000000
0.0072000000
0.0065000000
0.0071000000
0.0050000000
