0.4934000000
0.0361000000
0.0326000000
0.0322000000
0.0266000000
0.0262000000
0.0222000000
0.0196000000
0.0190000000
0.0183000000
0.0163000000
0.0151000000
0.0127000000
0.0110000000
0.0104000000
0.0087000000
0.0095000000
0.0062000000
0.0073000000
0.0077000000
0.0054000000
0.0058000000
0.0045000000
0.0055000000
0.0047000000
0.0039000000
0.0033000000
0.0035000000
0.0025000000
0.0025000000
0.0018000000
0.0016000000
0.0021000000
0.0018000000
0.0028000000
0.0056000000
0.0077000000
0.0075000000
0.0058000000
0.0071000000
0.0057000000
0.0063000000
0.0058000000
0.0065000000
0.0057000000
0.0046000000
0.0050000000
0.0076000000
0.0070000000
0.0062000000
0.0050000000
0.0062000000
0.0065000000
0.0054000000
