0.4997000000
0.0498000000
0.0397000000
0.0301000000
0.0313000000
0.0295000000
0.0249000000
0.0233000000
0.0197000000
0.0179000000
0.0180000000
0.0139000000
0.0104000000
0.0095000000
0.0096000000
0.0088000000
0.0078000000
0.0071000000
0.0060000000
0.0046000000
0.0038000000
0.0041000000
0.0038000000
0.0028000000
0.0032000000
0.0026000000
0.0038000000
0.0093000000
0.0088000000
0.0080000000
0.0084000000
0.0077000000
0.0094000000
0.0080000000
0.0096000000
0.0077000000
0.0075000000
0.0075000000
0.0078000000
0.0069000000
0.0077000000
