0.4980000000
0.0458000000
0.0430000000
0.0386000000
0.0328000000
0.0283000000
0.0253000000
0.0224000000
0.0175000000
0.0192000000
0.0155000000
0.0145000000
0.0111000000
0.0106000000
0.0091000000
0.0068000000
0.0077000000
0.0063000000
0.0061000000
0.0056000000
0.0032000000
0.0032000000
0.0032000000
0.0043000000
0.0034000000
0.0023000000
0.0078000000
0.0085000000
0.0110000000
0.0085000000
0.0087000000
0.0087000000
0.0078000000
0.0072000000
0.0081000000
0.0073000000
0.0083000000
0.0082000000
0.0090000000
0.0071000000
