0.0573000000
0.0000000000
0.1039000000
0.0000000000
0.0910000000
0.0000000000
0.0798000000
0.0000000000
0.0701000000
0.0000000000
0.0614000000
0.0000000000
0.0538000000
0.0000000000
0.0472000000
0.0000000000
0.0414000000
0.0000000000
0.0362000000
0.0000000000
0.0318000000
0.0000000000
0.0279000000
0.0000000000
0.0244000000
0.0000000000
0.0215000000
0.0000000000
0.0188000000
0.0000000000
0.0165000000
0.0000000000
0.0145000000
0.0000000000
0.0126000000
0.0000000000
0.0111000000
0.0000000000
0.0097000000
0.0000000000
0.0085000000
0.0000000000
0.0075000000
0.0000000000
0.0066000000
0.1465000000
