0.0448000000
0.0000000000
0.0829000000
0.0000000000
0.0749000000
0.0000000000
0.0677000000
0.0000000000
0.0611000000
0.0000000000
0.0552000000
0.0000000000
0.0498000000
0.0000000000
0.0450000000
0.0000000000
0.0406000000
0.0000000000
0.0367000000
0.0000000000
0.0331000000
0.0000000000
0.0299000000
0.0000000000
0.0270000000
0.0000000000
0.0244000000
0.0000000000
0.0220000000
0.0000000000
0.0199000000
0.0000000000
0.0179000000
0.0000000000
0.0162000000
0.0000000000
0.0146000000
0.0000000000
0.0132000000
0.0000000000
0.0119000000
0.0000000000
0.0108000000
0.0000000000
0.0097000000
0.0000000000
0.0088000000
0.0000000000
0.0080000000
0.0000000000
0.0072000000
0.0000000000
0.0065000000
0.0000000000
0.0058000000
0.0000000000
0.0053000000
0.0000000000
0.1491000000
