0.0558000000
0.0000000000
0.1014000000
0.0000000000
0.0892000000
0.0000000000
0.0785000000
0.0000000000
0.0690000000
0.0000000000
0.0608000000
0.0000000000
0.0535000000
0.0000000000
0.0471000000
0.0000000000
0.0414000000
0.0000000000
0.0364000000
0.0000000000
0.0320000000
0.0000000000
0.0283000000
0.0000000000
0.0248000000
0.0000000000
0.0219000000
0.0000000000
0.0192000000
0.0000000000
0.0169000000
0.0000000000
0.0149000000
0.0000000000
0.0131000000
0.0000000000
0.0115000000
0.0000000000
0.0101000000
0.0000000000
0.0089000000
0.0000000000
0.0078000000
0.0000000000
0.0069000000
0.0000000000
0.1506000000
