0.0000000000
0.0047000000
0.0139000000
0.0186000000
0.0244000000
0.0288000000
0.0317000000
0.0278000000
0.0273000000
0.0281000000
0.0243000000
0.0252000000
0.0243000000
0.0243000000
0.0223000000
0.0200000000
0.0196000000
0.0198000000
0.0211000000
0.0175000000
0.0181000000
0.0163000000
0.0166000000
0.0158000000
0.0152000000
0.0154000000
0.0136000000
0.0134000000
0.0136000000
0.0127000000
0.0116000000
0.0122000000
0.0103000000
0.0123000000
0.0091000000
0.0099000000
0.0101000000
0.0083000000
0.0098000000
0.0087000000
0.0074000000
0.0086000000
0.0074000000
0.0086000000
0.0072000000
0.0061000000
0.0079000000
0.0063000000
0.0050000000
0.0069000000
0.0053000000
0.0051000000
0.2415000000
