0.0000000000
0.0085000000
0.0140000000
0.0234000000
0.0327000000
0.0362000000
0.0321000000
0.0332000000
0.0291000000
0.0286000000
0.0297000000
0.0295000000
0.0235000000
0.0240000000
0.0224000000
0.0234000000
0.0218000000
0.0225000000
0.0200000000
0.0178000000
0.0197000000
0.0167000000
0.0188000000
0.0162000000
0.0152000000
0.0126000000
0.0133000000
0.0145000000
0.0131000000
0.0118000000
0.0114000000
0.0125000000
0.0095000000
0.0115000000
0.0098000000
0.0086000000
0.0094000000
0.0084000000
0.0096000000
0.0079000000
0.0069000000
0.0069000000
0.0056000000
0.0077000000
0.0064000000
0.2436000000
