0.0000000000
0.0051000000
0.0096000000
0.0141000000
0.0206000000
0.0244000000
0.0288000000
0.0257000000
0.0267000000
0.0262000000
0.0220000000
0.0209000000
0.0224000000
0.0230000000
0.0201000000
0.0203000000
0.0200000000
0.0214000000
0.0174000000
0.0181000000
0.0148000000
0.0167000000
0.0168000000
0.0148000000
0.0153000000
0.0134000000
0.0150000000
0.0149000000
0.0133000000
0.0109000000
0.0125000000
0.0122000000
0.0111000000
0.0113000000
0.0105000000
0.0096000000
0.0105000000
0.0105000000
0.0101000000
0.0083000000
0.0100000000
0.0075000000
0.0075000000
0.0074000000
0.0082000000
0.0078000000
0.0062000000
0.0057000000
0.0068000000
0.0072000000
0.0063000000
0.0067000000
0.0058000000
0.0047000000
0.0053000000
0.0051000000
0.0045000000
0.0053000000
0.0051000000
0.2376000000
