0.0000000000
0.0046000000
0.0095000000
0.0145000000
0.0192000000
0.0250000000
0.0298000000
0.0236000000
0.0256000000
0.0262000000
0.0223000000
0.0240000000
0.0234000000
0.0212000000
0.0226000000
0.0192000000
0.0194000000
0.0212000000
0.0184000000
0.0177000000
0.0151000000
0.0152000000
0.0155000000
0.0166000000
0.0148000000
0.0146000000
0.0164000000
0.0132000000
0.0121000000
0.0133000000
0.0124000000
0.0112000000
0.0134000000
0.0105000000
0.0088000000
0.0111000000
0.0102000000
0.0094000000
0.0098000000
0.0081000000
0.0084000000
0.0078000000
0.0093000000
0.0081000000
0.0080000000
0.0086000000
0.0053000000
0.0057000000
0.0081000000
0.0062000000
0.0066000000
0.0056000000
0.0063000000
0.0056000000
0.0045000000
0.0051000000
0.0052000000
0.0061000000
0.2404000000
