0.0000000000
0.0095000000
0.0205000000
0.0328000000
0.0385000000
0.0392000000
0.0361000000
0.0339000000
0.0354000000
0.0265000000
0.0317000000
0.0316000000
0.0261000000
0.0239000000
0.0234000000
0.0256000000
0.0237000000
0.0209000000
0.0196000000
0.0200000000
0.0166000000
0.0193000000
0.0173000000
0.0149000000
0.0142000000
0.0158000000
0.0138000000
0.0119000000
0.0121000000
0.0127000000
0.0108000000
0.0114000000
0.0091000000
0.0100000000
0.0093000000
0.0096000000
0.0076000000
0.0075000000
0.0073000000
0.0080000000
0.2419000000
