0.0000000000
0.0037000000
0.0068000000
0.0095000000
0.0132000000
0.0162000000
0.0171000000
0.0186000000
0.0198000000
0.0229000000
0.0265000000
0.0251000000
0.0260000000
0.0272000000
0.0301000000
0.0330000000
0.0325000000
0.0331000000
0.0321000000
0.0324000000
0.0316000000
0.0350000000
0.0369000000
0.0308000000
0.0295000000
0.0304000000
0.0248000000
0.0230000000
0.0230000000
0.0208000000
0.0161000000
0.0171000000
0.0142000000
0.0152000000
0.0135000000
0.0090000000
0.0094000000
0.0087000000
0.0083000000
0.0076000000
0.0064000000
0.0059000000
0.0054000000
0.0051000000
0.0035000000
0.0038000000
0.0040000000
0.0040000000
0.0028000000
0.0026000000
0.0019000000
0.1239000000
