0.0000000000
0.0035000000
0.0059000000
0.0075000000
0.0103000000
0.0114000000
0.0166000000
0.0184000000
0.0167000000
0.0187000000
0.0222000000
0.0214000000
0.0217000000
0.0251000000
0.0249000000
0.0252000000
0.0250000000
0.0284000000
0.0269000000
0.0325000000
0.0301000000
0.0303000000
0.0309000000
0.0329000000
0.0337000000
0.0320000000
0.0295000000
0.0249000000
0.0267000000
0.0226000000
0.0182000000
0.0155000000
0.0167000000
0.0147000000
0.0135000000
0.0133000000
0.0131000000
0.0126000000
0.0114000000
0.0099000000
0.0095000000
0.0089000000
0.0076000000
0.0082000000
0.0056000000
0.0049000000
0.0045000000
0.0048000000
0.0039000000
0.0039000000
0.0024000000
0.0037000000
0.0033000000
0.0028000000
0.0025000000
0.0032000000
0.1255000000
