0.0000000000
0.0045000000
0.0077000000
0.0116000000
0.0139000000
0.0194000000
0.0199000000
0.0205000000
0.0263000000
0.0257000000
0.0291000000
0.0314000000
0.0324000000
0.0320000000
0.0328000000
0.0333000000
0.0329000000
0.0388000000
0.0344000000
0.0369000000
0.0385000000
0.0392000000
0.0319000000
0.0312000000
0.0288000000
0.0245000000
0.0238000000
0.0185000000
0.0180000000
0.0176000000
0.0144000000
0.0125000000
0.0139000000
0.0088000000
0.0097000000
0.0073000000
0.0089000000
0.0062000000
0.0063000000
0.0060000000
0.0047000000
0.0055000000
0.0029000000
0.0035000000
0.0032000000
0.0031000000
0.1276000000
