0.0000000000
0.0037000000
0.0055000000
0.0083000000
0.0097000000
0.0107000000
0.0141000000
0.0153000000
0.0183000000
0.0171000000
0.0183000000
0.0221000000
0.0200000000
0.0191000000
0.0265000000
0.0256000000
0.0257000000
0.0253000000
0.0267000000
0.0276000000
0.0277000000
0.0294000000
0.0282000000
0.0304000000
0.0262000000
0.0320000000
0.0305000000
0.0333000000
0.0261000000
0.0223000000
0.0219000000
0.0209000000
0.0195000000
0.0179000000
0.0160000000
0.0157000000
0.0139000000
0.0134000000
0.0115000000
0.0105000000
0.0097000000
0.0083000000
0.0083000000
0.0080000000
0.0076000000
0.0049000000
0.0053000000
0.0050000000
0.0040000000
0.0033000000
0.0033000000
0.0037000000
0.0030000000
0.0034000000
0.0030000000
0.0019000000
0.0025000000
0.0014000000
0.1265000000
