0.0000000000
0.0026000000
0.0068000000
0.0094000000
0.0144000000
0.0145000000
0.0172000000
0.0174000000
0.0223000000
0.0209000000
0.0239000000
0.0258000000
0.0250000000
0.0261000000
0.0292000000
0.0295000000
0.0303000000
0.0305000000
0.0292000000
0.0362000000
0.0329000000
0.0352000000
0.0353000000
0.0331000000
0.0336000000
0.0333000000
0.0266000000
0.0241000000
0.0206000000
0.0195000000
0.0182000000
0.0172000000
0.0142000000
0.0140000000
0.0119000000
0.0108000000
0.0069000000
0.0100000000
0.0067000000
0.0074000000
0.0072000000
0.0066000000
0.0070000000
0.0041000000
0.0032000000
0.0048000000
0.0047000000
0.0035000000
0.0034000000
0.0031000000
0.0023000000
0.1274000000
