0.0000000000
0.0025000000
0.0065000000
0.0101000000
0.0138000000
0.0163000000
0.0176000000
0.0186000000
0.0226000000
0.0232000000
0.0232000000
0.0271000000
0.0287000000
0.0276000000
0.0289000000
0.0294000000
0.0305000000
0.0302000000
0.0327000000
0.0355000000
0.0346000000
0.0326000000
0.0329000000
0.0334000000
0.0293000000
0.0291000000
0.0277000000
0.0250000000
0.0225000000
0.0197000000
0.0178000000
0.0194000000
0.0136000000
0.0143000000
0.0104000000
0.0108000000
0.0085000000
0.0093000000
0.0074000000
0.0086000000
0.0066000000
0.0055000000
0.0048000000
0.0053000000
0.0041000000
0.0034000000
0.0035000000
0.0025000000
0.0027000000
0.0035000000
0.1262000000
