0.0000000000
0.0036000000
0.0063000000
0.0092000000
0.0149000000
0.0169000000
0.0173000000
0.0185000000
0.0206000000
0.0229000000
0.0229000000
0.0262000000
0.0280000000
0.0255000000
0.0277000000
0.0297000000
0.0312000000
0.0307000000
0.0375000000
0.0306000000
0.0329000000
0.0322000000
0.0363000000
0.0350000000
0.0302000000
0.0298000000
0.0255000000
0.0237000000
0.0191000000
0.0194000000
0.0178000000
0.0156000000
0.0156000000
0.0125000000
0.0154000000
0.0112000000
0.0093000000
0.0092000000
0.0107000000
0.0062000000
0.0077000000
0.0037000000
0.0051000000
0.0059000000
0.0044000000
0.0040000000
0.0042000000
0.0030000000
0.0027000000
0.0030000000
0.0029000000
0.1256000000
