0.0000000000
0.0058000000
0.0114000000
0.0161000000
0.0184000000
0.0234000000
0.0258000000
0.0288000000
0.0329000000
0.0326000000
0.0373000000
0.0340000000
0.0382000000
0.0418000000
0.0361000000
0.0425000000
0.0436000000
0.0409000000
0.0459000000
0.0406000000
0.0356000000
0.0301000000
0.0303000000
0.0223000000
0.0214000000
0.0175000000
0.0152000000
0.0132000000
0.0144000000
0.0130000000
0.0114000000
0.0093000000
0.0080000000
0.0065000000
0.0056000000
0.0062000000
0.0050000000
0.0036000000
0.0043000000
0.0034000000
0.1276000000
