0.0000000000
0.0054000000
0.0136000000
0.0164000000
0.0214000000
0.0260000000
0.0297000000
0.0297000000
0.0330000000
0.0346000000
0.0363000000
0.0338000000
0.0358000000
0.0426000000
0.0411000000
0.0431000000
0.0403000000
0.0463000000
0.0474000000
0.0341000000
0.0341000000
0.0315000000
0.0256000000
0.0219000000
0.0199000000
0.0194000000
0.0164000000
0.0124000000
0.0134000000
0.0102000000
0.0108000000
0.0076000000
0.0080000000
0.0071000000
0.0054000000
0.0058000000
0.0053000000
0.0047000000
0.0029000000
0.1270000000
