0.0000000000
0.0054000000
0.0080000000
0.0142000000
0.0159000000
0.0185000000
0.0218000000
0.0251000000
0.0262000000
0.0331000000
0.0334000000
0.0344000000
0.0329000000
0.0348000000
0.0368000000
0.0386000000
0.0392000000
0.0376000000
0.0332000000
0.0373000000
0.0282000000
0.0260000000
0.0240000000
0.0225000000
0.0216000000
0.0204000000
0.0189000000
0.0153000000
0.0149000000
0.0137000000
0.0127000000
0.0108000000
0.0103000000
0.0103000000
0.0084000000
0.0091000000
0.0086000000
0.0076000000
0.0073000000
0.0055000000
0.0067000000
0.0051000000
0.0050000000
0.0040000000
0.0043000000
0.0041000000
0.0027000000
0.0032000000
0.0028000000
0.0029000000
0.1367000000
