0.0000000000
0.0035000000
0.0072000000
0.0090000000
0.0133000000
0.0165000000
0.0197000000
0.0194000000
0.0219000000
0.0237000000
0.0273000000
0.0292000000
0.0305000000
0.0312000000
0.0349000000
0.0351000000
0.0356000000
0.0363000000
0.0331000000
0.0319000000
0.0309000000
0.0270000000
0.0293000000
0.0217000000
0.0219000000
0.0210000000
0.0228000000
0.0180000000
0.0171000000
0.0162000000
0.0165000000
0.0129000000
0.0128000000
0.0103000000
0.0110000000
0.0106000000
0.0096000000
0.0090000000
0.0068000000
0.0079000000
0.0069000000
0.0072000000
0.0067000000
0.0061000000
0.0065000000
0.0053000000
0.0047000000
0.0041000000
0.0038000000
0.0036000000
0.0042000000
0.0035000000
0.0026000000
0.0026000000
0.0025000000
0.0021000000
0.1350000000
