0.0000000000
0.0033000000
0.0069000000
0.0090000000
0.0111000000
0.0149000000
0.0161000000
0.0182000000
0.0184000000
0.0249000000
0.0251000000
0.0311000000
0.0262000000
0.0335000000
0.0323000000
0.0340000000
0.0343000000
0.0343000000
0.0306000000
0.0321000000
0.0308000000
0.0283000000
0.0272000000
0.0250000000
0.0248000000
0.0213000000
0.0187000000
0.0196000000
0.0173000000
0.0144000000
0.0171000000
0.0149000000
0.0146000000
0.0130000000
0.0118000000
0.0110000000
0.0121000000
0.0093000000
0.0078000000
0.0102000000
0.0062000000
0.0067000000
0.0059000000
0.0056000000
0.0071000000
0.0070000000
0.0049000000
0.0046000000
0.0041000000
0.0036000000
0.0040000000
0.0029000000
0.0031000000
0.0028000000
0.0033000000
0.0039000000
0.0023000000
0.0019000000
0.1346000000
