0.0736666667
0.0556666667
0.0916666667
0.1276666667
0.0916666667
0.0376666667
0.0376666667
0.0016666667
0.0196666667
0.0196666667
0.0196666667
0.0196666667
0.0016666667
0.0016666667
0.0016666667
0.0196666667
0.0016666667
0.0016666667
0.0196666667
0.0016666667
0.0016666667
0.0196666667
0.0016666667
0.0016666667
0.0196666667
0.0016666667
0.0016666667
0.0376666667
0.0016666667
0.0016666667
0.0016666667
0.0016666667
0.0196666667
0.0196666667
0.0016666667
0.0016666667
0.0016666667
0.0016666667
0.0016666667
0.0016666667
0.0196666667
0.0016666667
0.0016666667
0.0016666667
0.0016666667
0.0196666667
0.0016666667
0.0016666667
0.0016666667
0.0016666667
0.0016666667
0.0016666667
0.0016666667
0.0016666667
0.0016666667
0.0196666667
0.0016666667
0.0016666667
0.0016666667
0.1276666667
