0.0790296496
0.1561725067
0.1047439353
0.0533153639
0.1304582210
0.1047439353
0.0018867925
0.0018867925
0.0276010782
0.0018867925
0.0276010782
0.0018867925
0.0018867925
0.0018867925
0.0018867925
0.0533153639
0.0018867925
0.0018867925
0.0018867925
0.0018867925
0.0018867925
0.0018867925
0.0018867925
0.0018867925
0.0018867925
0.0018867925
0.0018867925
0.0533153639
0.0018867925
0.0018867925
0.0018867925
0.0018867925
0.0018867925
0.0018867925
0.0018867925
0.0276010782
0.0018867925
0.0018867925
0.0018867925
0.0018867925
0.0018867925
0.0018867925
0.0018867925
0.0018867925
0.0018867925
0.0018867925
0.0018867925
0.0018867925
0.0018867925
0.0018867925
0.0018867925
0.0018867925
0.1047439353
