0.0586309524
0.2836309524
0.0305059524
0.1148809524
0.0305059524
0.0867559524
0.0305059524
0.0305059524
0.0023809524
0.0023809524
0.0023809524
0.0023809524
0.0023809524
0.0023809524
0.0305059524
0.0305059524
0.0023809524
0.0023809524
0.0023809524
0.0023809524
0.0023809524
0.0023809524
0.0023809524
0.0305059524
0.0023809524
0.0023809524
0.0023809524
0.0023809524
0.0023809524
0.0023809524
0.0023809524
0.0305059524
0.0023809524
0.0023809524
0.0023809524
0.0023809524
0.0023809524
0.0023809524
0.0023809524
0.0023809524
0.0023809524
0.1430059524
