0.0022222222
0.0397222222
0.0772222222
0.0022222222
0.0022222222
0.0022222222
0.0022222222
0.0022222222
0.0022222222
0.1147222222
0.0022222222
0.0772222222
0.0397222222
0.0022222222
0.0022222222
0.0772222222
0.0022222222
0.0022222222
0.0397222222
0.0022222222
0.0397222222
0.0022222222
0.0022222222
0.0397222222
0.0022222222
0.0022222222
0.0022222222
0.0022222222
0.0397222222
0.0022222222
0.0022222222
0.0022222222
0.0022222222
0.0022222222
0.0022222222
0.0022222222
0.0022222222
0.0022222222
0.0022222222
0.0022222222
0.0022222222
0.0397222222
0.0022222222
0.0022222222
0.3022222222
