0.1303571429
0.0982142857
0.0660714286
0.0339285714
0.1303571429
0.0660714286
0.0017857143
0.0339285714
0.0017857143
0.0339285714
0.0017857143
0.0339285714
0.0017857143
0.0017857143
0.0017857143
0.0017857143
0.0017857143
0.0017857143
0.0339285714
0.0339285714
0.0017857143
0.0017857143
0.0017857143
0.0017857143
0.0017857143
0.0017857143
0.0017857143
0.0339285714
0.0017857143
0.0017857143
0.0017857143
0.0017857143
0.0017857143
0.0017857143
0.0017857143
0.0017857143
0.0017857143
0.0017857143
0.0017857143
0.0017857143
0.0017857143
0.0017857143
0.0017857143
0.0339285714
0.0339285714
0.0017857143
0.0017857143
0.0017857143
0.0339285714
0.0017857143
0.0017857143
0.0017857143
0.0017857143
0.0017857143
0.0017857143
0.0982142857
