0.4049000000
0.0413000000
0.0396000000
0.0334000000
0.0288000000
0.0349000000
0.0279000000
0.0231000000
0.0248000000
0.0213000000
0.0163000000
0.0166000000
0.0132000000
0.0138000000
0.0132000000
0.0121000000
0.0113000000
0.0101000000
0.0093000000
0.0090000000
0.0092000000
0.0057000000
0.0069000000
0.0064000000
0.0057000000
0.0045000000
0.0039000000
0.0049000000
0.0037000000
0.0037000000
0.0035000000
0.0032000000
0.0025000000
0.0030000000
0.0022000000
0.0020000000
0.0021000000
0.0014000000
0.0015000000
0.0019000000
0.0013000000
0.0013000000
0.0010000000
0.0040000000
0.0092000000
0.0081000000
0.0083000000
0.0068000000
0.0082000000
0.0090000000
0.0076000000
0.0082000000
0.0081000000
0.0073000000
0.0067000000
0.0077000000
0.0069000000
0.0075000000
