0.4174000000
0.0504000000
0.0450000000
0.0426000000
0.0395000000
0.0303000000
0.0243000000
0.0254000000
0.0232000000
0.0192000000
0.0195000000
0.0183000000
0.0149000000
0.0156000000
0.0133000000
0.0093000000
0.0089000000
0.0095000000
0.0073000000
0.0079000000
0.0061000000
0.0059000000
0.0044000000
0.0042000000
0.0036000000
0.0031000000
0.0024000000
0.0029000000
0.0031000000
0.0024000000
0.0016000000
0.0018000000
0.0013000000
0.0016000000
0.0042000000
0.0122000000
0.0107000000
0.0107000000
0.0100000000
0.0079000000
0.0099000000
0.0095000000
0.0101000000
0.0091000000
0.0106000000
0.0089000000
