0.4051000000
0.0465000000
0.0412000000
0.0370000000
0.0373000000
0.0292000000
0.0290000000
0.0239000000
0.0243000000
0.0230000000
0.0188000000
0.0172000000
0.0139000000
0.0138000000
0.0130000000
0.0116000000
0.0101000000
0.0107000000
0.0089000000
0.0089000000
0.0077000000
0.0052000000
0.0064000000
0.0059000000
0.0046000000
0.0043000000
0.0032000000
0.0032000000
0.0032000000
0.0023000000
0.0021000000
0.0030000000
0.0028000000
0.0022000000
0.0016000000
0.0017000000
0.0018000000
0.0014000000
0.0014000000
0.0085000000
0.0081000000
0.0093000000
0.0097000000
0.0089000000
0.0080000000
0.0109000000
0.0078000000
0.0085000000
0.0075000000
0.0081000000
0.0087000000
0.0086000000
