0.4128000000
0.0475000000
0.0418000000
0.0373000000
0.0348000000
0.0315000000
0.0273000000
0.0287000000
0.0224000000
0.0189000000
0.0182000000
0.0164000000
0.0160000000
0.0120000000
0.0112000000
0.0120000000
0.0117000000
0.0098000000
0.0084000000
0.0076000000
0.0071000000
0.0061000000
0.0063000000
0.0038000000
0.0052000000
0.0046000000
0.0033000000
0.0038000000
0.0030000000
0.0032000000
0.0029000000
0.0017000000
0.0021000000
0.0018000000
0.0017000000
0.0014000000
0.0016000000
0.0017000000
0.0047000000
0.0088000000
0.0093000000
0.0090000000
0.0098000000
0.0107000000
0.0085000000
0.0092000000
0.0081000000
0.0081000000
0.0082000000
0.0092000000
0.0088000000
