0.4140000000
0.0592000000
0.0511000000
0.0444000000
0.0406000000
0.0341000000
0.0291000000
0.0259000000
0.0245000000
0.0202000000
0.0186000000
0.0143000000
0.0111000000
0.0140000000
0.0101000000
0.0120000000
0.0077000000
0.0077000000
0.0073000000
0.0080000000
0.0061000000
0.0047000000
0.0040000000
0.0023000000
0.0029000000
0.0033000000
0.0029000000
0.0021000000
0.0020000000
0.0017000000
0.0030000000
0.0111000000
0.0119000000
0.0102000000
0.0111000000
0.0109000000
0.0107000000
0.0108000000
0.0119000000
0.0099000000
0.0126000000
