0.4122000000
0.0460000000
0.0388000000
0.0351000000
0.0311000000
0.0286000000
0.0283000000
0.0241000000
0.0241000000
0.0185000000
0.0189000000
0.0181000000
0.0154000000
0.0131000000
0.0147000000
0.0113000000
0.0111000000
0.0092000000
0.0085000000
0.0092000000
0.0071000000
0.0071000000
0.0065000000
0.0048000000
0.0052000000
0.0053000000
0.0045000000
0.0033000000
0.0031000000
0.0034000000
0.0027000000
0.0029000000
0.0029000000
0.0027000000
0.0018000000
0.0019000000
0.0014000000
0.0014000000
0.0011000000
0.0018000000
0.0037000000
0.0105000000
0.0090000000
0.0089000000
0.0080000000
0.0083000000
0.0083000000
0.0064000000
0.0088000000
0.0083000000
0.0082000000
0.0080000000
0.0092000000
0.0072000000
