0.0444000000
0.0000000000
0.0824000000
0.0000000000
0.0745000000
0.0000000000
0.0673000000
0.0000000000
0.0608000000
0.0000000000
0.0550000000
0.0000000000
0.0497000000
0.0000000000
0.0449000000
0.0000000000
0.0406000000
0.0000000000
0.0367000000
0.0000000000
0.0331000000
0.0000000000
0.0299000000
0.0000000000
0.0271000000
0.0000000000
0.0244000000
0.0000000000
0.0221000000
0.0000000000
0.0199000000
0.0000000000
0.0180000000
0.0000000000
0.0163000000
0.0000000000
0.0148000000
0.0000000000
0.0133000000
0.2248000000
