45.20409536361694 577 0 60.0
0 1005 1 12.860265493392944
0 134 2 0.5679912567138672
0 1181 3 16.936884880065918
0 2853 4 13.160621643066406
0 357 5 1.3750085830688477
0 878 6 18.084932327270508
0 846 7 18.72974944114685
0 985 8 14.067183017730713
0 192 9 3.240276336669922
0 34 10 0.5734846591949463
0 1585 11 15.33976936340332
0 1456 12 10.945168495178223
0 1094 13 10.085093259811401
0 901 14 12.967776536941528
0 1492 15 24.041855335235596
0 159 16 4.144416570663452
0 418 17 7.808291912078857
0 464 18 12.455731868743896
0 372 19 4.88100528717041
0 39 20 0.6747646331787109
0 1417 21 21.193331480026245
0 70 22 1.2909517288208008
0 24 23 0.5707993507385254
0 520 24 6.346423625946045
0 114 25 1.711167573928833
0 747 26 4.3319478034973145
0 211 27 2.102437973022461
0 1468 28 12.980983972549438
0 489 29 3.7023282051086426
0 572 30 7.906740665435791
0 815 31 9.582834720611572
0 150 32 2.1888413429260254
0 1417 33 15.705690622329712
0 1115 34 16.41929006576538
0 271 35 2.5430662631988525
0 96 36 1.4392168521881104
0 557 37 10.96665072441101
0.009329409231042973 4690 38 14.557834386825562
0 43 39 0.5801935195922852
0 1419 40 16.066962003707886
0 515 41 4.935622692108154
0 1589 42 13.043086290359497
0 63 43 0.8113954067230225
0 127 44 0.8729655742645264
0 455 45 2.987445831298828
0 116 46 1.3833715915679932
0 1726 47 10.530243873596191
0 282 48 3.8870368003845215
0 431 49 6.776947259902954
0 732 50 10.977087497711182
0 247 51 2.8432869911193848
0 1884 52 17.583858013153076
0 194 53 3.0153417587280273
0 1592 54 20.4352445602417
0 148 55 1.7570195198059082
0 533 56 9.811560153961182
0 897 57 17.69833779335022
0 556 58 10.330223321914673
0 207 59 1.992203950881958
0 233 60 4.776552677154541
0 587 61 6.9366538524627686
0 4394 62 59.52346348762512
0 912 63 12.84338665008545
0 368 64 4.372692584991455
0 2614 65 31.268179893493652
0 109 66 1.4662508964538574
0 2343 67 10.869013786315918
0 326 68 3.8391849994659424
0 1385 69 19.79556679725647
0 856 70 9.518558263778687
0 2121 71 12.481337308883667
0 385 72 6.2930073738098145
0 181 73 3.3889901638031006
0 1121 74 15.230686664581299
0 2860 75 32.776294469833374
0 165 76 2.1796374320983887
0 79 77 1.100980520248413
0 338 78 5.465360879898071
0 385 79 4.801342964172363
