33.869128704071045 1005 0 60.0
6.364379644393921 13951 1 165.44757747650146
0 135 2 0.585064172744751
0.7017791271209717 2014 3 53.80579590797424
0 120 4 2.610551357269287
0.268277645111084 360 5 0.5958549976348877
0.5620014667510986 1870 6 60.388031244277954
0.2676823139190674 1507 7 36.54648947715759
0.33326292037963867 1268 8 25.205076456069946
1.4585707187652588 961 9 9.350230932235718
0 393 10 1.5155112743377686
0 183 11 3.7609665393829346
0.7462737560272217 800 12 6.063780307769775
2.3731510639190674 727 13 8.969799995422363
0 400 14 5.078266143798828
0 468 15 7.951368808746338
0 151 16 2.2662360668182373
0.6862199306488037 1761 17 10.657439708709717
8.239638566970825 4379 18 50.17223525047302
1.5715620517730713 1134 19 6.909834384918213
0.11064958572387695 559 20 0.5989959239959717
0.9893491268157959 2861 21 22.176164627075195
0.5125360488891602 267 22 1.5655434131622314
0 158 23 0.5584132671356201
0 247 24 1.774231195449829
0 123 25 1.006164789199829
0.2770218849182129 371 26 1.0048279762268066
0.6312906742095947 257 27 1.7929518222808838
6.407252073287964 3390 28 33.49678611755371
0.36836743354797363 646 29 1.6431493759155273
0 799 30 6.101637363433838
0.7052993774414062 1944 31 10.713589906692505
0 201 32 1.195674180984497
0 520 33 9.52975845336914
0.49981236457824707 1516 34 18.87794589996338
0 91 35 1.4281599521636963
0 116 36 1.3838465213775635
0.30191922187805176 1170 37 10.679223537445068
0.15508651733398438 1107 38 1.6663026809692383
0.3315083980560303 57 39 0.566152811050415
1.383502721786499 2492 40 11.509073257446289
0 263 41 4.882783651351929
0.12324881553649902 1010 42 8.531826257705688
0.2264420986175537 285 43 0.6313178539276123
0 441 44 0.7621579170227051
0.6117875576019287 72 45 0.8325719833374023
1.5563380718231201 110 46 2.1001603603363037
0.42175841331481934 1153 47 5.053040027618408
1.8876821994781494 595 48 4.125109910964966
16.220436334609985 637 49 20.729692459106445
0.07548785209655762 1061 50 4.03022837638855
0 168 51 2.0471315383911133
0.6009054183959961 1270 52 9.387701034545898
0 54 53 0.7998089790344238
0.8684804439544678 2044 54 28.590301752090454
0 96 55 1.3828184604644775
0.9579555988311768 1863 56 27.635213613510132
0 10881 57 168.5613613128662
0.9819600582122803 1547 58 14.566678524017334
1.4669198989868164 464 59 6.706491708755493
0 245 60 4.2375428676605225
0 858 61 22.746761083602905
0 797 62 16.478161334991455
0 843 63 14.44154953956604
0.7206041812896729 975 64 9.573805570602417
1.667027235031128 4201 65 51.34575343132019
1.436084508895874 277 66 5.814319133758545
0.48671960830688477 555 67 6.021197557449341
4.733476638793945 2275 68 31.080728769302368
0.5960655212402344 1754 69 13.022810220718384
1.1023213863372803 1882 70 20.792688608169556
0.5932343006134033 1496 71 7.346978664398193
0.5669693946838379 1107 72 10.756697654724121
1.4569475650787354 529 73 4.074629783630371
1.6944584846496582 4664 74 39.04848837852478
0.351024866104126 1553 75 16.833157062530518
0.7349865436553955 467 76 3.4591002464294434
1.8108561038970947 39 77 2.2119319438934326
1.688819169998169 2065 78 12.908157110214233
2.65273118019104 2297 79 18.876481294631958
