45.56274724006653 577 0 60.0
0 766 1 12.847368717193604
0 134 2 0.5704874992370605
0 1181 3 16.95747399330139
0 1929 4 8.89755392074585
0 242 5 0.935030460357666
0 878 6 18.09109854698181
0 981 7 14.78774881362915
0 937 8 13.121199369430542
0 133 9 2.249387741088867
0 34 10 0.5706396102905273
0 1068 11 10.339921236038208
0 984 12 7.398594617843628
0 739 13 6.815232515335083
0 608 14 8.757781267166138
0 1492 15 24.03728723526001
0 109 16 2.843421459197998
0 289 17 5.2906341552734375
0 312 18 8.382126569747925
0 256 19 3.362487316131592
0 34 20 0.590402364730835
0 1417 21 21.232989072799683
0 53 22 0.974114179611206
0 25 23 0.5937526226043701
0 354 24 4.326560735702515
0 82 25 1.222839593887329
1.6903052644412355 538 26 2.9824059009552
0 151 27 1.507995843887329
0 1229 28 8.745063304901123
0 340 29 2.5804595947265625
0 521 30 6.961351633071899
0 551 31 6.486395835876465
0 107 32 1.553213357925415
0 1092 33 15.708523035049438
0 788 34 11.04313039779663
0 190 35 1.7869350910186768
0 69 36 1.0457961559295654
0 396 37 7.587409973144531
0.5346556612146856 3366 38 9.790781259536743
0 42 39 0.566673755645752
0 1184 40 10.792126417160034
0 288 41 3.375133752822876
0 1589 42 13.040945768356323
0 48 43 0.6266376972198486
0 98 44 0.6689882278442383
0 320 45 2.1037118434906006
0 84 46 1.0059926509857178
0 676 47 7.125042676925659
0 625 48 2.6829123497009277
0 294 49 4.613456726074219
0 494 50 7.4059271812438965
0 174 51 2.004258871078491
0 1280 52 11.807308673858643
0 135 53 2.106233835220337
0 1592 54 20.437663555145264
0 105 55 1.247018575668335
0 533 56 9.833001375198364
0 897 57 17.693434476852417
0 375 58 6.977738380432129
0 147 59 1.4142932891845703
0 159 60 3.268599271774292
0 510 61 5.78670859336853
0 4394 62 59.53026056289673
0 912 63 12.821884393692017
0 252 64 3.001530647277832
0 2614 65 23.50895071029663
0 79 66 1.0647268295288086
0 1582 67 7.342019557952881
0 224 68 2.636592388153076
0 1369 69 14.238323450088501
0 578 70 6.430990219116211
0 1741 71 8.40974760055542
0 262 72 4.280394077301025
0 126 73 2.3673524856567383
0 1121 74 15.231398344039917
0 2860 75 21.92618727684021
0 117 76 1.5409526824951172
0 59 77 0.8199784755706787
0 338 78 3.7359628677368164
0 264 79 3.295060634613037
