33.57297348976135 1005 0 60.0
6.114678859710693 14482 1 165.5004484653473
0 321 2 0.7104401588439941
0.3466348648071289 1043 3 12.880161762237549
1.2524330615997314 1343 4 16.41709566116333
0 255 5 1.1767520904541016
1.487699031829834 1870 6 60.38834095001221
0.08316421508789062 1064 7 25.692129611968994
0.1603715419769287 1268 8 27.030357122421265
1.3302216529846191 1625 9 17.40019702911377
0 34 10 0.695382833480835
0.8516569137573242 1859 11 27.635735988616943
0.5783841609954834 1260 12 5.309117078781128
0 178 13 2.6598622798919678
0 374 14 6.140257120132446
1.1417338848114014 2861 15 22.17650532722473
0.7106797695159912 1038 16 7.6121721267700195
2.3819878101348877 6215 17 39.72885990142822
4.29736852645874 7398 18 75.13247656822205
0.4923973083496094 1502 19 4.781675338745117
0.5706737041473389 144 20 1.1055545806884766
0.9527084827423096 2598 21 20.454013347625732
0.4327268600463867 453 22 2.2193245887756348
0.5592851638793945 0 23 0.5592851638793945
0.3588736057281494 1331 24 4.80976939201355
0.22318601608276367 1019 25 1.379446268081665
0.11398434638977051 644 26 1.376291275024414
0 154 27 0.9622554779052734
0 896 28 5.9134838581085205
0.6463420391082764 669 29 3.8724277019500732
0 520 30 9.529409170150757
0 847 31 5.033495903015137
0.3565866947174072 1072 32 7.115815162658691
0.48827481269836426 1273 33 10.87998628616333
0.18442916870117188 1107 34 8.546028137207031
0.15909528732299805 1138 35 2.0082919597625732
0 171 36 2.675150156021118
0.3572371006011963 1461 37 8.531050443649292
0 176 38 3.2583229541778564
0.452211856842041 64 39 0.7133901119232178
0.3082544803619385 1282 40 8.189176082611084
1.2650768756866455 2387 41 10.966158390045166
1.5578854084014893 4310 42 39.95345759391785
1.3627729415893555 82 43 1.7447118759155273
0.6099410057067871 16 44 0.6592113971710205
0.6837146282196045 168 45 1.316328525543213
0.2304069995880127 1153 46 1.7168030738830566
0.049231767654418945 1061 47 6.467987537384033
0.49512314796447754 1495 48 7.849166631698608
1.0771875381469727 2150 49 13.14844536781311
0 566 50 5.7439234256744385
0 311 51 2.832832098007202
2.985943555831909 4229 52 32.87683439254761
0.5347390174865723 332 53 1.8674535751342773
1.556215524673462 3596 54 28.59142279624939
0 287 55 1.944779396057129
0.44531869888305664 1863 56 27.642261028289795
5.565883636474609 12649 57 168.5639283657074
4.518589973449707 5108 58 35.10624098777771
0.9096455574035645 637 59 6.287395238876343
1.3525676727294922 1891 60 22.71612310409546
0.27965426445007324 1387 61 15.696319103240967
1.037947654724121 2777 62 27.407500743865967
0 797 63 16.475067138671875
0.6221890449523926 1491 64 5.41861629486084
0.9535355567932129 2726 65 38.7003960609436
3.683199167251587 294 66 7.160254716873169
1.3737726211547852 1007 67 17.282723426818848
0.5852987766265869 1442 68 14.961180448532104
4.244081258773804 10187 69 131.5069704055786
0.5260818004608154 1754 70 11.8550865650177
0 449 71 5.698288202285767
0.9920654296875 1793 72 19.752538442611694
0.5568122863769531 852 73 4.401335000991821
0.41640257835388184 1833 74 38.49568152427673
1.330000400543213 3757 75 21.174505949020386
1.8134498596191406 948 76 7.960858345031738
0.2930483818054199 221 77 1.7657842636108398
0.8886797428131104 2280 78 16.994678258895874
1.6810479164123535 2935 79 31.247695207595825
