33.5524001121521 1005 0 60.0
2.0920801162719727 6516 1 165.5002725124359
0.5557713508605957 11 2 0.7096560001373291
0 579 3 12.878614664077759
0.3712763786315918 1307 4 16.409060955047607
0.5446031093597412 64 5 1.1729724407196045
0.9288640022277832 3404 6 27.03198480606079
0.5807082653045654 1678 7 25.693110704421997
1.1148185729980469 3351 8 60.385807275772095
2.2663466930389404 2324 9 17.3945209980011
0 34 10 0.6991901397705078
3.2339932918548584 4618 11 47.45602369308472
1.516700029373169 1169 12 7.26296067237854
0.8778185844421387 790 13 6.127241849899292
0 589 14 8.789350509643555
0 468 15 7.9516308307647705
1.9552440643310547 1616 16 16.606606483459473
0.9834451675415039 1761 17 15.85600733757019
2.219660758972168 4967 18 28.883275985717773
0.27573394775390625 1502 19 4.7811267375946045
0.8491172790527344 70 20 1.1119580268859863
1.9262006282806396 2598 21 20.46025252342224
0.585087776184082 414 22 2.218646287918091
0 195 23 0.5626206398010254
1.5581750869750977 1378 24 7.779682636260986
1.4373416900634766 230 25 2.1889960765838623
0.25127601623535156 435 26 1.111483097076416
0 153 27 0.9554150104522705
0.4978313446044922 1944 28 17.074500560760498
0 109 29 1.9524312019348145
0.22748231887817383 1516 30 29.70295810699463
0 488 31 5.538153886795044
0 280 32 1.665177583694458
0.4528992176055908 1273 33 10.883981943130493
0 941 34 14.68128514289856
0.0762014389038086 1107 35 1.2661020755767822
0.1707761287689209 1170 36 2.6750431060791016
0 669 37 12.67646598815918
0 1010 38 2.263655662536621
0 110 39 0.752122163772583
0 903 40 8.185370445251465
0.3576695919036865 1660 41 10.109460353851318
1.352391004562378 4310 42 39.954800605773926
0.4243433475494385 239 43 1.040278434753418
0 213 44 1.0134551525115967
1.1910381317138672 33 45 1.316009759902954
0.25548291206359863 1153 46 1.7189297676086426
0.25252556800842285 1061 47 6.471599578857422
2.0917458534240723 1365 48 9.75419282913208
0 509 49 4.635245323181152
0 566 50 5.7421886920928955
0.7298462390899658 1134 51 6.3098955154418945
3.246326208114624 3283 52 32.87931227684021
0.5291221141815186 333 53 1.8680095672607422
0.55745530128479 2044 54 28.591837644577026
0 136 55 1.948277235031128
0.9641623497009277 1863 56 27.637479543685913
8.244750261306763 12649 57 168.56787991523743
2.7534635066986084 4049 58 35.104464292526245
0.7864172458648682 652 59 6.287518501281738
1.0883076190948486 1915 60 22.71489906311035
0.23265910148620605 1387 61 15.700175285339355
0.7713301181793213 2777 62 27.41019558906555
0 797 63 16.479554176330566
0.5531952381134033 1512 64 5.419444561004639
0.8668920993804932 2726 65 38.699129819869995
1.4822807312011719 480 66 7.1588616371154785
1.1430697441101074 1022 67 17.285682201385498
0.4841301441192627 1452 68 14.961425304412842
3.6117796897888184 10187 69 131.5024962425232
0.4728701114654541 1754 70 11.853343725204468
0 449 71 5.696755647659302
0.8366420269012451 1809 72 19.763211965560913
0.46334147453308105 873 73 4.402329444885254
0.4414243698120117 1833 74 38.49402046203613
1.8228225708007812 3757 75 21.17328643798828
1.438481092453003 1006 76 7.961513042449951
0.2537248134613037 227 77 1.7683801651000977
0.5460045337677002 2280 78 16.995583057403564
1.428471565246582 2960 79 31.2472984790802
