27.260722875595093 388 0 60.0
0 376 1 8.346749782562256
0 19 2 0.5599520206451416
0 899 3 16.068224906921387
0 76 4 1.6717426776885986
0 29 5 0.5607657432556152
0 920 6 19.571226835250854
3.988325834274292 1552 7 16.632421255111694
0 368 8 12.091405391693115
0 91 9 2.692466974258423
0 21 10 0.8552863597869873
0 155 11 3.7937369346618652
1.6285393238067627 0 12 1.6285393238067627
3.7005727291107178 0 13 3.7005727291107178
4.943566560745239 0 14 4.943566560745239
8.733002185821533 758 15 27.644119024276733
0 41 16 1.5160598754882812
3.106287717819214 1125 17 14.284746646881104
0 294 18 5.655657768249512
3.626704692840576 0 19 3.626704692840576
0.5612726211547852 0 20 0.5612726211547852
5.197202920913696 225 21 8.999344825744629
1.4377758502960205 0 22 1.4377758502960205
0.5612995624542236 0 23 0.5612995624542236
5.503751993179321 0 24 5.503751993179321
0.7243204116821289 0 25 0.7243204116821289
0.7617323398590088 0 26 0.7617323398590088
0.5836553573608398 0 27 0.5836553573608398
2.376859664916992 21 28 2.957300901412964
1.3639671802520752 0 29 1.3639671802520752
3.9427144527435303 41 30 4.828453302383423
2.362724781036377 8 31 2.6944477558135986
1.6741313934326172 0 32 1.6741313934326172
4.550058126449585 616 33 15.832053899765015
0 312 34 5.9332435131073
0 41 35 0.7630057334899902
0.03484296798706055 33 36 0.9351434707641602
4.209457635879517 62 37 6.441243648529053
0.007559061050415039 31 38 1.0909879207611084
0.5679075717926025 0 39 0.5679075717926025
3.1685125827789307 0 40 3.1685125827789307
1.7459697723388672 0 41 1.7459697723388672
4.3766374588012695 320 42 11.484799146652222
0 18 43 0.5665829181671143
0 39 44 0.5646042823791504
0.5708186626434326 0 45 0.5708186626434326
0.5708191394805908 0 46 0.5708191394805908
2.452650308609009 0 47 2.452650308609009
3.10335111618042 0 48 3.10335111618042
3.4164645671844482 0 49 3.4164645671844482
2.7393033504486084 0 50 2.7393033504486084
1.745393991470337 0 51 1.745393991470337
5.4333508014678955 0 52 5.4333508014678955
0.6000702381134033 0 53 0.6000702381134033
3.355715036392212 244 54 8.14017128944397
0 54 55 1.0195128917694092
4.793290376663208 91 56 7.005491733551025
5.400136470794678 179 57 7.719051122665405
7.140180587768555 48 58 8.719821214675903
0.6823110580444336 0 59 0.6823110580444336
2.9675447940826416 0 60 2.9675447940826416
7.176141977310181 0 61 7.176141977310181
3.675712823867798 256 62 13.04177474975586
12.362216472625732 0 63 12.362216472625732
1.8963367938995361 0 64 1.8963367938995361
6.976912975311279 168 65 13.503496408462524
0 28 66 0.8883905410766602
4.413730144500732 0 67 4.413730144500732
2.36116886138916 0 68 2.36116886138916
17.22703790664673 209 69 22.48910355567932
3.2259774208068848 45 70 4.682096004486084
12.751000165939331 0 71 12.751000165939331
2.7806904315948486 0 72 2.7806904315948486
2.1187682151794434 0 73 2.1187682151794434
51.506832122802734 0 74 51.506832122802734
4.798301935195923 19 75 5.245857238769531
1.47153902053833 0 76 1.47153902053833
1.4326279163360596 0 77 1.4326279163360596
4.777930498123169 77 78 6.849353790283203
2.5627171993255615 0 79 2.5627171993255615
