18.797508239746094 388 0 60.0
1.3848586082458496 324 1 8.347033500671387
0 19 2 0.5619781017303467
0 899 3 16.070851802825928
0 93 4 2.024514675140381
0 30 5 0.5691533088684082
0 920 6 19.57737445831299
4.841821670532227 1714 7 20.727325439453125
0 525 8 15.050486087799072
0 112 9 3.3008437156677246
0 25 10 1.003814697265625
0 190 11 4.661573886871338
0 65 12 1.9683382511138916
4.561863422393799 0 13 4.561863422393799
6.114012718200684 0 14 6.114012718200684
8.307790756225586 775 15 27.640180110931396
0 49 16 1.8301112651824951
1.7082228660583496 1125 17 17.787105798721313
0 365 18 7.00687575340271
4.4728991985321045 0 19 4.4728991985321045
0.5601003170013428 0 20 0.5601003170013428
5.664769649505615 197 21 8.993972301483154
1.7316386699676514 0 22 1.7316386699676514
0.5597388744354248 0 23 0.5597388744354248
6.505656957626343 8 24 6.809169054031372
0.8392431735992432 0 25 0.8392431735992432
0.8947899341583252 0 26 0.8947899341583252
0.6712768077850342 0 27 0.6712768077850342
3.633927822113037 0 28 3.633927822113037
1.635645866394043 0 29 1.635645866394043
3.8779892921447754 97 30 5.956090450286865
2.822983503341675 12 31 3.301628351211548
2.0305685997009277 0 32 2.0305685997009277
7.053328514099121 479 33 15.827213287353516
0 386 34 7.345141172409058
0 48 35 0.8873820304870605
0 40 36 1.0979979038238525
4.017455577850342 111 37 7.981750965118408
0 37 38 1.2958533763885498
0.5636987686157227 0 39 0.5636987686157227
3.8961598873138428 0 40 3.8961598873138428
2.122664213180542 0 41 2.122664213180542
5.519050359725952 269 42 11.482852458953857
0 18 43 0.55887770652771
0 39 44 0.5629317760467529
0.5643343925476074 0 45 0.5643343925476074
0.6513793468475342 0 46 0.6513793468475342
2.997724771499634 0 47 2.997724771499634
3.8177149295806885 0 48 3.8177149295806885
4.199619293212891 0 49 4.199619293212891
3.3553285598754883 0 50 3.3553285598754883
2.1175975799560547 0 51 2.1175975799560547
6.731522560119629 0 52 6.731522560119629
0.6899240016937256 0 53 0.6899240016937256
6.3751983642578125 179 54 9.87989068031311
1.2079277038574219 0 55 1.2079277038574219
4.619981527328491 167 56 8.691916942596436
5.976962089538574 134 57 7.718508005142212
7.459653854370117 102 58 10.835670471191406
0.009408712387084961 30 59 0.7877264022827148
2.957658052444458 19 60 3.6456031799316406
8.90916895866394 0 61 8.90916895866394
3.9317057132720947 249 62 13.05350136756897
0 2209 63 15.389199018478394
2.304255247116089 0 64 2.304255247116089
4.691135406494141 312 65 16.81475591659546
0 33 66 1.0468802452087402
5.456129789352417 0 67 5.456129789352417
2.8859968185424805 0 68 2.8859968185424805
21.019429206848145 280 69 28.05189871788025
0 170 70 5.79263162612915
8.421310901641846 635 71 15.872463941574097
0 171 72 3.407102584838867
0 83 73 2.5827558040618896
9.222054243087769 3362 74 51.511229038238525
0 289 75 6.494951963424683
0.7762396335601807 785 76 1.7741820812225342
0 75 77 1.7247819900512695
0 317 78 8.497095584869385
0 184 79 3.1382319927215576
