45.659167528152466 577 0 60.0
0 1005 1 12.948026895523071
0 137 2 0.582716703414917
0 3198 3 46.395949363708496
0 591 4 5.237882852554321
0 328 5 1.2635860443115234
0 924 6 16.93382501602173
0 435 7 8.203782320022583
0 568 8 11.904738903045654
0 435 9 6.556041479110718
0 37 10 0.6262292861938477
0 463 11 6.488161325454712
0 255 12 5.581389665603638
0 771 13 7.461118221282959
0 375 14 6.156206846237183
1.757152025377593 3398 15 45.86111378669739
0 159 16 4.134258270263672
0 633 17 17.061380863189697
0 1492 18 17.286667346954346
0 221 19 4.046723365783691
0 285 20 2.1468586921691895
0 330 21 9.61359429359436
0 70 22 1.297372579574585
0 53 23 0.5715572834014893
0 124 24 2.9192662239074707
0 70 25 1.2062268257141113
0 196 26 1.3953461647033691
0 109 27 1.6372289657592773
0 3097 28 46.333372592926025
0 250 29 3.050004243850708
0 1245 30 15.339461326599121
0 815 31 9.58145260810852
0 152 32 2.0411994457244873
0 1595 33 19.115015268325806
0 559 34 8.11535096168518
0 154 35 2.048210620880127
0 212 36 2.9766037464141846
0 557 37 10.951229810714722
0 137 38 2.0598294734954834
0 648 39 1.7829844951629639
0 927 40 17.677369594573975
0 248 41 4.9193737506866455
0 1589 42 13.045113563537598
0 37 43 0.8009967803955078
0 128 44 0.8772115707397461
0 455 45 2.990668296813965
0 118 46 2.361846685409546
0 483 47 5.739891767501831
0 322 48 5.060888051986694
0 379 49 5.213512659072876
0 731 50 10.956732511520386
0 247 51 2.842411756515503
0 1884 52 17.594570875167847
0 194 53 3.0153565406799316
0 1106 54 20.443514585494995
0 147 55 1.7389543056488037
0 533 56 9.813942909240723
0 897 57 17.698424577713013
0 557 58 10.34136176109314
0 209 59 2.009085178375244
0 250 60 2.845764636993408
1.4282851492444024 4394 61 59.53158235549927
0 951 62 11.560914278030396
0 2614 63 31.270833492279053
0 344 64 4.602705955505371
0 3362 65 51.51349401473999
0 84 66 1.2894036769866943
0 207 67 2.8606386184692383
0 685 68 7.134120464324951
0 1143 69 14.48831820487976
0 2121 70 14.082895278930664
0 531 71 8.663021087646484
0 322 72 6.007032632827759
0 297 73 3.616812229156494
0 2860 74 39.96475172042847
0 755 75 8.173634767532349
0 260 76 3.6004176139831543
0 40 77 0.6509823799133301
0 501 78 6.253846645355225
0 3683 79 28.115559339523315
