45.453739166259766 577 0 60.0
1.8033361434936523 673 1 12.832653999328613
0 136 2 0.5759665966033936
0.9588342560155638 3198 3 46.39809560775757
0 592 4 5.247200965881348
0 330 5 1.27091383934021
0 465 6 16.935821294784546
0 294 7 8.216416835784912
0 568 8 11.91085958480835
0 301 9 6.556317329406738
0 36 10 0.6128697395324707
0 463 11 6.489963054656982
0 254 12 5.571901798248291
0 773 13 7.478573560714722
0 375 14 6.15951681137085
0 3398 15 45.8711051940918
0 159 16 4.134407997131348
0 633 17 17.063090324401855
0 1492 18 17.28632402420044
0 221 19 4.042497873306274
0 285 20 2.1452555656433105
0 712 21 9.60634183883667
0 70 22 1.2924964427947998
0 54 23 0.5825469493865967
0 124 24 2.9204556941986084
0 70 25 1.1949365139007568
0 196 26 1.4009246826171875
0 108 27 1.6196444034576416
0 3097 28 46.332380294799805
0 288 29 3.0425446033477783
0 1040 30 15.350419282913208
0 675 31 9.584567308425903
0 112 32 2.0478341579437256
0 980 33 19.111701011657715
0 559 34 8.112513780593872
0 153 35 2.035743236541748
0 211 36 2.968073844909668
0 557 37 10.948489904403687
0 139 38 2.083730936050415
0 648 39 1.782331943511963
2.8321852684020996 819 40 17.676780700683594
0 248 41 4.931910037994385
0 1589 42 13.04080319404602
0 38 43 0.8118505477905273
0 128 44 0.8760666847229004
0 456 45 2.997652053833008
0 118 46 2.3531978130340576
0 482 47 5.738377332687378
0 322 48 5.060495376586914
0 377 49 5.185113191604614
0 731 50 10.960443496704102
0 248 51 2.846628189086914
0 1884 52 17.57491374015808
0 195 53 3.024649143218994
0 1106 54 20.438774824142456
0 148 55 1.7521333694458008
0 533 56 9.821901798248291
0 897 57 17.713074207305908
0 556 58 10.334354877471924
0 207 59 1.9907267093658447
0 250 60 2.839479446411133
0.7241466318646417 4394 61 59.53016495704651
0 951 62 11.56380295753479
0 1394 63 31.285083055496216
0 343 64 4.5979697704315186
0 3362 65 51.508960247039795
0 84 66 1.28851318359375
0 207 67 2.8615469932556152
0 685 68 7.13129997253418
0 1143 69 14.488430976867676
0 2121 70 14.081888675689697
0 531 71 8.6627779006958
0 321 72 6.003830671310425
0 689 73 3.6205062866210938
0 2860 74 39.95585346221924
0 619 75 8.157081842422485
0 259 76 3.592820644378662
0 39 77 0.6359593868255615
0 504 78 6.285049200057983
0 3683 79 28.12588596343994
