60.0 0 0 60.0
8.351035594940186 0 1 8.351035594940186
0.567112922668457 0 2 0.567112922668457
16.06505274772644 0 3 16.06505274772644
2.60925030708313 0 4 2.60925030708313
0.5769717693328857 0 5 0.5769717693328857
19.57294535636902 0 6 19.57294535636902
27.55741000175476 0 7 27.55741000175476
19.998332977294922 0 8 19.998332977294922
4.310320615768433 0 9 4.310320615768433
1.260941505432129 0 10 1.260941505432129
6.136411666870117 0 11 6.136411666870117
6.093456983566284 0 12 6.093456983566284
1.8009059429168701 0 13 1.8009059429168701
8.074030876159668 0 14 8.074030876159668
40.19779419898987 0 15 40.19779419898987
3.647836923599243 0 16 3.647836923599243
7.923680782318115 0 17 7.923680782318115
17.21209716796875 0 18 17.21209716796875
5.876690626144409 0 19 5.876690626144409
0.656451940536499 0 20 0.656451940536499
33.684459924697876 0 21 33.684459924697876
0.7814502716064453 0 22 0.7814502716064453
0.5685341358184814 0 23 0.5685341358184814
2.6665375232696533 0 24 2.6665375232696533
1.7123324871063232 0 25 1.7123324871063232
0.6070539951324463 0 26 0.6070539951324463
0.9302506446838379 0 27 0.9302506446838379
8.852994918823242 0 28 8.852994918823242
1.3170130252838135 0 29 1.3170130252838135
13.900254964828491 0 30 13.900254964828491
8.218592166900635 0 31 8.218592166900635
2.588618755340576 0 32 2.588618755340576
7.9568541049957275 0 33 7.9568541049957275
7.152507305145264 0 34 7.152507305145264
1.4127147197723389 0 35 1.4127147197723389
1.3818707466125488 0 36 1.3818707466125488
12.423386573791504 0 37 12.423386573791504
1.6637053489685059 0 38 1.6637053489685059
0.5811395645141602 0 39 0.5811395645141602
4.185508728027344 0 40 4.185508728027344
3.111868143081665 0 41 3.111868143081665
11.502296924591064 0 42 11.502296924591064
0.5679535865783691 0 43 0.5679535865783691
0.5629081726074219 0 44 0.5629081726074219
0.63671875 0 45 0.63671875
1.9873902797698975 0 46 1.9873902797698975
7.181776523590088 0 47 7.181776523590088
2.801535129547119 0 48 2.801535129547119
4.482468128204346 0 49 4.482468128204346
2.9228878021240234 0 50 2.9228878021240234
2.058044672012329 0 51 2.058044672012329
8.885751485824585 0 52 8.885751485824585
0.8678886890411377 0 53 0.8678886890411377
9.529048442840576 0 54 9.529048442840576
1.525132656097412 0 55 1.525132656097412
10.649524211883545 0 56 10.649524211883545
7.719036817550659 0 57 7.719036817550659
14.362680673599243 0 58 14.362680673599243
1.015672206878662 0 59 1.015672206878662
4.795770645141602 0 60 4.795770645141602
11.79201054573059 0 61 11.79201054573059
13.044736862182617 0 62 13.044736862182617
20.433663606643677 0 63 20.433663606643677
2.9908063411712646 0 64 2.9908063411712646
22.32794451713562 0 65 22.32794451713562
1.3123536109924316 0 66 1.3123536109924316
7.193738222122192 0 67 7.193738222122192
3.766608476638794 0 68 3.766608476638794
37.317137002944946 0 69 37.317137002944946
7.6383137702941895 0 70 7.6383137702941895
21.086764812469482 0 71 21.086764812469482
4.46225118637085 0 72 4.46225118637085
3.35898494720459 0 73 3.35898494720459
51.51653742790222 0 74 51.51653742790222
8.574564456939697 0 75 8.574564456939697
2.28395676612854 0 76 2.28395676612854
2.2224762439727783 0 77 2.2224762439727783
11.25621509552002 0 78 11.25621509552002
4.09632420539856 0 79 4.09632420539856
