60.0 0 0 60.0
8.363925457000732 0 1 8.363925457000732
0.5610907077789307 0 2 0.5610907077789307
16.076578617095947 0 3 16.076578617095947
2.0215635299682617 0 4 2.0215635299682617
0.566521167755127 0 5 0.566521167755127
19.57265853881836 0 6 19.57265853881836
20.728309869766235 0 7 20.728309869766235
12.713463068008423 0 8 12.713463068008423
7.02806282043457 0 9 7.02806282043457
0.6265857219696045 0 10 0.6265857219696045
6.905266523361206 0 11 6.905266523361206
2.5174005031585693 0 12 2.5174005031585693
1.420527458190918 0 13 1.420527458190918
15.54786992073059 0 14 15.54786992073059
17.765124559402466 0 15 17.765124559402466
2.3341898918151855 0 16 2.3341898918151855
13.78344988822937 0 17 13.78344988822937
4.428121328353882 0 18 4.428121328353882
4.918215751647949 0 19 4.918215751647949
0.5747623443603516 0 20 0.5747623443603516
33.09189438819885 0 21 33.09189438819885
1.7306060791015625 0 22 1.7306060791015625
0.5641868114471436 0 23 0.5641868114471436
7.3549346923828125 0 24 7.3549346923828125
0.8264472484588623 0 25 0.8264472484588623
0.6597230434417725 0 26 0.6597230434417725
1.490060806274414 0 27 1.490060806274414
7.3755223751068115 0 28 7.3755223751068115
4.5624542236328125 0 29 4.5624542236328125
5.508210182189941 0 30 5.508210182189941
6.271259546279907 0 31 6.271259546279907
1.2848782539367676 0 32 1.2848782539367676
15.34990644454956 0 33 15.34990644454956
7.646263837814331 0 34 7.646263837814331
0.7086052894592285 0 35 0.7086052894592285
1.4525537490844727 0 36 1.4525537490844727
5.873032808303833 0 37 5.873032808303833
2.077432632446289 0 38 2.077432632446289
6.573406219482422 0 39 6.573406219482422
8.057308197021484 0 40 8.057308197021484
2.6592650413513184 0 41 2.6592650413513184
8.541994094848633 0 42 8.541994094848633
0.5639140605926514 0 43 0.5639140605926514
0.5752770900726318 0 44 0.5752770900726318
0.6497597694396973 0 45 0.6497597694396973
0.6728157997131348 0 46 0.6728157997131348
3.0058274269104004 0 47 3.0058274269104004
3.828944206237793 0 48 3.828944206237793
6.572016954421997 0 49 6.572016954421997
3.3596103191375732 0 50 3.3596103191375732
2.129946708679199 0 51 2.129946708679199
2.019334554672241 0 52 2.019334554672241
0.6874186992645264 0 53 0.6874186992645264
9.879987239837646 0 54 9.879987239837646
3.382000684738159 0 55 3.382000684738159
8.698271989822388 0 56 8.698271989822388
7.719712734222412 0 57 7.719712734222412
10.838726997375488 0 58 10.838726997375488
6.570440769195557 0 59 6.570440769195557
4.284933805465698 0 60 4.284933805465698
9.901495456695557 0 61 9.901495456695557
17.278644561767578 0 62 17.278644561767578
15.386255979537964 0 63 15.386255979537964
2.9805119037628174 0 64 2.9805119037628174
4.351114988327026 0 65 4.351114988327026
0.9657118320465088 0 66 0.9657118320465088
1.0354211330413818 0 67 1.0354211330413818
1.8970248699188232 0 68 1.8970248699188232
6.573868751525879 0 69 6.573868751525879
5.226104736328125 0 70 5.226104736328125
14.991108417510986 0 71 14.991108417510986
10.603436470031738 0 72 10.603436470031738
1.4617962837219238 0 73 1.4617962837219238
15.550189018249512 0 74 15.550189018249512
10.621609926223755 0 75 10.621609926223755
0.9063489437103271 0 76 0.9063489437103271
0.5599915981292725 0 77 0.5599915981292725
5.544595003128052 0 78 5.544595003128052
6.573859930038452 0 79 6.573859930038452
