34.12147808074951 1005 0 60.0
2.7058346271514893 6516 1 165.4970715045929
0.5628831386566162 0 2 0.5628831386566162
0 579 3 12.874234914779663
0.4023418426513672 514 4 6.7174224853515625
0.4391486644744873 20 5 0.7369437217712402
1.216660976409912 3404 6 27.03123688697815
1.2200970649719238 2125 7 22.035824060440063
0.5223357677459717 1678 8 14.471123933792114
2.666107416152954 682 9 7.111576080322266
0 811 10 0.8591861724853516
0 115 11 2.3638923168182373
1.0397682189941406 411 12 3.061694383621216
2.1295111179351807 370 13 5.485401630401611
0.5498549938201904 1210 14 8.591854572296143
0.5489287376403809 2103 15 15.456480979919434
0.5535905361175537 358 16 1.2483601570129395
3.991812229156494 3923 17 41.554176330566406
0.9910080432891846 1073 18 6.041485786437988
0 108 19 1.7793433666229248
0 37 20 0.5585117340087891
0.3663797378540039 1761 21 16.059325218200684
0.3346993923187256 179 22 1.0434887409210205
0.4308593273162842 63 23 0.561882495880127
0.19627022743225098 958 24 2.088162660598755
0.7653815746307373 103 25 1.2336251735687256
0 89 26 0.5586626529693604
0.9051682949066162 25 27 0.9876129627227783
0 382 28 2.5226266384124756
0.5624492168426514 239 29 1.7167766094207764
0 289 30 5.139121055603027
0 365 31 2.16898512840271
0.2703683376312256 433 32 3.001706838607788
0.24291610717773438 1273 33 10.882879972457886
0.15134143829345703 1170 34 6.0228612422943115
0 61 35 0.9602367877960205
0.23299551010131836 977 36 0.8156001567840576
0.47588562965393066 1282 37 3.9685075283050537
0.41423916816711426 380 38 1.0578465461730957
0 30 39 0.5606234073638916
1.2948448657989502 1409 40 7.019617795944214
0.39342331886291504 934 41 4.198060989379883
1.6029038429260254 4310 42 39.95771551132202
0.09596681594848633 446 43 0.5609941482543945
0 325 44 0.5618200302124023
0.6429276466369629 10 45 0.6823406219482422
1.0370516777038574 107 46 1.640320062637329
0.5294461250305176 1013 47 3.6277573108673096
0.5113425254821777 566 48 3.2967255115509033
0.04987788200378418 1061 49 2.1453802585601807
0 241 50 2.452504873275757
0 141 51 1.2890007495880127
2.9943413734436035 1458 52 13.306068420410156
0 593 53 1.3303630352020264
0.5477035045623779 1727 54 14.210829973220825
0 138 55 0.9347236156463623
0.5892846584320068 1863 56 18.047301292419434
5.6200621128082275 12649 57 168.5649163722992
4.459364652633667 1626 58 14.196598291397095
1.654944658279419 120 59 2.6716835498809814
0.5723147392272949 715 60 2.653362274169922
0.9734787940979004 2073 61 13.752365827560425
0 797 62 16.47879958152771
0.5682876110076904 1616 63 8.768508672714233
0.7865450382232666 575 64 5.846562623977661
1.542529821395874 2482 65 30.903462648391724
1.3819713592529297 140 66 3.5922324657440186
1.2366950511932373 338 67 5.0608367919921875
0.5615768432617188 560 68 6.1435768604278564
4.482059478759766 4506 69 56.665289640426636
0.6360280513763428 1008 70 4.8978798389434814
0 192 71 2.432640552520752
0.9629628658294678 678 72 8.057538747787476
0.5014848709106445 313 73 1.9173011779785156
1.584181308746338 1833 74 38.49092435836792
1.3907806873321533 1464 75 8.62535810470581
1.9202816486358643 219 76 3.3438334465026855
0.24585771560668945 93 77 0.8656289577484131
0.6919617652893066 1074 78 6.954377174377441
1.7452316284179688 1083 79 12.652212619781494
