34.15215754508972 1005 0 60.0
5.343447208404541 14042 1 165.46474742889404
0 252 2 0.5596311092376709
0 579 3 12.876777172088623
0.3464822769165039 519 4 6.718787908554077
0.2562117576599121 37 5 0.6264915466308594
0.1531238555908203 1268 6 27.03601312637329
0.07110786437988281 1064 7 12.262945175170898
0.43828797340393066 1870 8 33.871318101882935
2.2997636795043945 739 9 7.115438461303711
0 27 10 0.5587778091430664
3.0783960819244385 1677 11 19.13609552383423
0.7317109107971191 474 12 3.064134120941162
0.6302680969238281 298 13 2.6136152744293213
0 246 14 3.670421838760376
0 468 15 7.948911666870117
1.7367844581604004 558 16 6.797387599945068
0.41428351402282715 1621 17 6.499634265899658
3.1772875785827637 1589 18 11.708152770996094
0.36659884452819824 878 19 2.0695571899414062
0.5347862243652344 17 20 0.5981683731079102
0.7709870338439941 2598 21 20.454623222351074
0.21358776092529297 211 22 1.0456643104553223
0 195 23 0.5610496997833252
1.2062344551086426 459 24 3.280102252960205
0 625 25 1.0324804782867432
0.550929069519043 25 26 0.600578784942627
0 90 27 0.5620937347412109
1.251084327697754 562 28 6.984966278076172
0 52 29 0.9415805339813232
1.7465991973876953 721 30 15.734903573989868
0 359 31 2.3722169399261475
0 138 32 0.8203444480895996
0.47170138359069824 1273 33 10.878974437713623
0 386 34 6.022098779678345
0.10982728004455566 921 35 0.658933162689209
0.16183781623840332 654 36 1.2247693538665771
0 290 37 5.367758750915527
0.06938052177429199 1010 38 1.061546802520752
0.4275195598602295 29 39 0.5591905117034912
0 378 40 3.430342674255371
0.7525486946105957 846 41 4.200372219085693
3.4019689559936523 4310 42 39.95691132545471
0.5276944637298584 16 43 0.5708351135253906
0 120 44 0.5715916156768799
0 81 45 0.6833341121673584
0.37630796432495117 448 46 0.842975378036499
0 253 47 2.7493767738342285
1.7061145305633545 393 48 4.055008888244629
0 136 49 2.009747266769409
0 241 50 2.4521162509918213
1.0898306369781494 323 51 2.6791343688964844
3.4089879989624023 1097 52 13.313045740127563
0.8767926692962646 6 53 0.9047071933746338
1.5427510738372803 2044 54 23.45843005180359
0 65 55 0.9330897331237793
0.503631591796875 1863 56 18.040847063064575
8.249507188796997 12649 57 168.56648683547974
4.520977735519409 1210 58 14.194236516952515
1.133594274520874 182 59 2.675483226776123
2.273624897003174 617 60 9.241395235061646
0.44704627990722656 1387 61 7.9295735359191895
0.3325803279876709 1797 62 27.41357421875
0 490 63 9.97684121131897
1.0688161849975586 390 64 2.325953960418701
1.4994747638702393 1824 65 17.54506540298462
0 848 66 3.01963472366333
3.057771921157837 254 67 7.073476076126099
0.9153702259063721 524 68 6.142487525939941
3.637176990509033 4579 69 56.66520547866821
0.40900421142578125 1061 70 4.8957061767578125
0 192 71 2.4325969219207764
1.3066790103912354 645 72 8.059610843658447
0.4272747039794922 338 73 1.916588544845581
0.5211806297302246 1833 74 38.49465775489807
0.5911710262298584 1297 75 8.624926567077637
1.5935494899749756 269 76 3.340635061264038
0.4225308895111084 65 77 0.8600203990936279
0.7564125061035156 1063 78 6.9517762660980225
1.4592020511627197 1111 79 12.655412673950195
