36.001009702682495 335 0 60.0
5.976696252822876 110 1 8.353832483291626
0.5705878734588623 0 2 0.5705878734588623
14.949591875076294 63 3 16.066500902175903
3.7838711738586426 0 4 3.7838711738586426
0.6667840480804443 0 5 0.6667840480804443
19.581279516220093 0 6 19.581279516220093
34.977062463760376 0 7 34.977062463760376
21.4328875541687 0 8 21.4328875541687
6.337184429168701 0 9 6.337184429168701
1.7519805431365967 0 10 1.7519805431365967
9.069473505020142 0 11 9.069473505020142
9.013259649276733 0 12 9.013259649276733
2.5756378173828125 0 13 2.5756378173828125
11.986841201782227 0 14 11.986841201782227
40.19171977043152 0 15 40.19171977043152
5.338841676712036 0 16 5.338841676712036
8.215096235275269 96 17 11.759769201278687
25.68745470046997 0 18 25.68745470046997
8.681584119796753 0 19 8.681584119796753
0.8631367683410645 0 20 0.8631367683410645
33.68242573738098 0 21 33.68242573738098
1.0383648872375488 0 22 1.0383648872375488
0.5700953006744385 0 23 0.5700953006744385
3.847644805908203 0 24 3.847644805908203
2.431558609008789 0 25 2.431558609008789
0.7627222537994385 0 26 0.7627222537994385
1.2347080707550049 0 27 1.2347080707550049
12.054458141326904 28 28 13.15386414527893
1.842236042022705 0 29 1.842236042022705
12.834264755249023 163 30 15.82767915725708
12.192650079727173 0 31 12.192650079727173
3.754906177520752 0 32 3.754906177520752
5.747292757034302 58 33 7.952514171600342
10.605228662490845 0 34 10.605228662490845
1.9878931045532227 0 35 1.9878931045532227
1.9332149028778076 0 36 1.9332149028778076
17.99657654762268 0 37 17.99657654762268
2.3413784503936768 0 38 2.3413784503936768
0.5625512599945068 0 39 0.5625512599945068
6.124300003051758 0 40 6.124300003051758
4.523004531860352 0 41 4.523004531860352
11.500999450683594 0 42 11.500999450683594
0.6138780117034912 0 43 0.6138780117034912
0.5645320415496826 0 44 0.5645320415496826
0.8200228214263916 0 45 0.8200228214263916
2.852846622467041 0 46 2.852846622467041
10.636892080307007 0 47 10.636892080307007
4.06527853012085 0 48 4.06527853012085
6.583963394165039 0 49 6.583963394165039
4.226741313934326 0 50 4.226741313934326
2.9606151580810547 0 51 2.9606151580810547
13.20250129699707 0 52 13.20250129699707
1.1748557090759277 0 53 1.1748557090759277
9.537230491638184 0 54 9.537230491638184
2.156604528427124 0 55 2.156604528427124
9.079543828964233 64 56 10.655574083328247
7.721587657928467 0 57 7.721587657928467
21.409854412078857 0 58 21.409854412078857
1.3477365970611572 0 59 1.3477365970611572
7.034072637557983 0 60 7.034072637557983
14.212748289108276 0 61 14.212748289108276
10.147626876831055 79 62 13.059942483901978
20.47713875770569 0 63 20.47713875770569
4.3498125076293945 0 64 4.3498125076293945
29.714443922042847 0 65 29.714443922042847
1.8434545993804932 0 66 1.8434545993804932
10.659683227539062 0 67 10.659683227539062
5.524811267852783 0 68 5.524811267852783
52.00884962081909 0 69 52.00884962081909
8.964326620101929 69 70 11.337359428405762
31.489900588989258 0 71 31.489900588989258
6.554328680038452 0 72 6.554328680038452
4.904490947723389 0 73 4.904490947723389
51.508705139160156 0 74 51.508705139160156
12.729988098144531 0 75 12.729988098144531
3.2912163734436035 0 76 3.2912163734436035
3.192591667175293 0 77 3.192591667175293
16.754303216934204 0 78 16.754303216934204
6.014296293258667 0 79 6.014296293258667
