37.03564763069153 335 0 60.0
7.821335315704346 24 1 8.3517484664917
0.566481351852417 0 2 0.566481351852417
16.074744939804077 0 3 16.074744939804077
2.6445019245147705 0 4 2.6445019245147705
0.5715985298156738 0 5 0.5715985298156738
19.576372861862183 0 6 19.576372861862183
27.561177730560303 0 7 27.561177730560303
9.738911151885986 312 8 19.986827611923218
4.314990520477295 0 9 4.314990520477295
1.25722336769104 0 10 1.25722336769104
6.134238004684448 0 11 6.134238004684448
6.097062826156616 0 12 6.097062826156616
1.812835454940796 0 13 1.812835454940796
8.066524267196655 0 14 8.066524267196655
40.19454312324524 0 15 40.19454312324524
3.652391195297241 0 16 3.652391195297241
5.461719751358032 66 17 7.920903205871582
17.205631494522095 0 18 17.205631494522095
5.888615608215332 0 19 5.888615608215332
0.6575462818145752 0 20 0.6575462818145752
33.693793296813965 0 21 33.693793296813965
0.7867460250854492 0 22 0.7867460250854492
0.5839278697967529 0 23 0.5839278697967529
2.6537461280822754 0 24 2.6537461280822754
1.7181286811828613 0 25 1.7181286811828613
0.6025524139404297 0 26 0.6025524139404297
0.925133466720581 0 27 0.925133466720581
8.859300136566162 0 28 8.859300136566162
1.3265395164489746 0 29 1.3265395164489746
13.903234720230103 0 30 13.903234720230103
8.215595722198486 0 31 8.215595722198486
2.583012580871582 0 32 2.583012580871582
7.779499053955078 4 33 7.953734874725342
7.1613709926605225 0 34 7.1613709926605225
1.430619239807129 0 35 1.430619239807129
1.3777167797088623 0 36 1.3777167797088623
12.421975374221802 0 37 12.421975374221802
1.653961420059204 0 38 1.653961420059204
0.5727877616882324 0 39 0.5727877616882324
4.190613031387329 0 40 4.190613031387329
3.114518642425537 0 41 3.114518642425537
9.660711765289307 82 42 11.493039608001709
0.5752460956573486 0 43 0.5752460956573486
0.568943977355957 0 44 0.568943977355957
0.6433827877044678 0 45 0.6433827877044678
1.9897944927215576 0 46 1.9897944927215576
7.1797895431518555 0 47 7.1797895431518555
2.8016159534454346 0 48 2.8016159534454346
4.489084005355835 0 49 4.489084005355835
2.929007053375244 0 50 2.929007053375244
2.058400869369507 0 51 2.058400869369507
8.883998394012451 0 52 8.883998394012451
0.8731410503387451 0 53 0.8731410503387451
9.538483381271362 0 54 9.538483381271362
1.5367701053619385 0 55 1.5367701053619385
10.64756155014038 0 56 10.64756155014038
7.725710391998291 0 57 7.725710391998291
14.36203408241272 0 58 14.36203408241272
0.9695589542388916 0 59 0.9695589542388916
4.7801032066345215 0 60 4.7801032066345215
11.795343399047852 0 61 11.795343399047852
8.163763284683228 133 62 13.04787015914917
20.44361686706543 0 63 20.44361686706543
2.9903714656829834 0 64 2.9903714656829834
22.16382646560669 4 65 22.344496965408325
1.3109679222106934 0 66 1.3109679222106934
7.192986726760864 0 67 7.192986726760864
3.767198085784912 0 68 3.767198085784912
37.31160283088684 0 69 37.31160283088684
7.6377482414245605 0 70 7.6377482414245605
21.086976528167725 0 71 21.086976528167725
4.464084148406982 0 72 4.464084148406982
3.3680620193481445 0 73 3.3680620193481445
51.51150178909302 0 74 51.51150178909302
8.567161798477173 0 75 8.567161798477173
2.2868001461029053 0 76 2.2868001461029053
2.2154178619384766 0 77 2.2154178619384766
11.255823135375977 0 78 11.255823135375977
4.119138956069946 0 79 4.119138956069946
