45.81562781333923 376 0 60.0
0 766 1 12.848525285720825
0 27 2 0.5966572761535645
0 2209 3 20.457903146743774
0 525 4 5.438154935836792
0 22 5 0.5799567699432373
0 465 6 16.936739206314087
0 413 7 9.008764028549194
0 306 8 5.16668963432312
0 92 9 2.7087228298187256
0 40 10 0.5653653144836426
0 63 11 1.4769492149353027
0 617 12 2.982832431793213
0 275 13 3.7964680194854736
1.3187146186828613 125 14 3.882721185684204
0 725 15 15.3487868309021
0 60 16 1.7766656875610352
0 140 17 3.961817979812622
0 94 18 2.548647165298462
0 737 19 8.170722723007202
0 50 20 0.5743856430053711
0 421 21 7.92042088508606
0 66 22 0.815950870513916
0 29 23 0.5685381889343262
0 213 24 2.9954721927642822
0 44 25 1.0800206661224365
0 326 26 1.892460584640503
1.023681402206421 0 27 1.023681402206421
4.3058764934539795 0 28 4.3058764934539795
1.1111054420471191 0 29 1.1111054420471191
4.8228936195373535 0 30 4.8228936195373535
3.6532089710235596 0 31 3.6532089710235596
1.6628696918487549 0 32 1.6628696918487549
33.69455599784851 0 33 33.69455599784851
2.852642297744751 21 34 3.2004995346069336
1.193648099899292 0 35 1.193648099899292
1.1866464614868164 0 36 1.1866464614868164
7.994323253631592 114 37 10.704921007156372
2.2963550090789795 0 38 2.2963550090789795
0.5857720375061035 0 39 0.5857720375061035
4.3861048221588135 0 40 4.3861048221588135
3.1331675052642822 38 41 3.97517466545105
17.297117233276367 0 42 17.297117233276367
0 26 43 0.5696818828582764
0.9639701843261719 0 44 0.9639701843261719
0 95 45 0.681957483291626
0 33 46 0.9359574317932129
0 1672 47 10.977699279785156
2.899590015411377 0 48 2.899590015411377
1.4280920028686523 0 49 1.4280920028686523
3.929722547531128 0 50 3.929722547531128
1.6958434581756592 0 51 1.6958434581756592
8.90369701385498 0 52 8.90369701385498
0 24 53 0.5929064750671387
48.82315015792847 0 54 48.82315015792847
0 59 55 2.090104818344116
0 336 56 3.96437406539917
0 753 57 8.908124208450317
0 235 58 3.3215324878692627
0 35 59 0.9070675373077393
1.9274754524230957 0 60 1.9274754524230957
0 497 61 5.898171901702881
0 700 62 20.070167779922485
0 436 63 5.444251537322998
0 101 64 2.734036445617676
0 577 65 15.294660329818726
0 52 66 1.4434969425201416
1.000657558441162 0 67 1.000657558441162
0 123 68 2.4486944675445557
0 491 69 4.711369752883911
3.604572296142578 0 70 3.604572296142578
4.464774131774902 0 71 4.464774131774902
2.9165515899658203 0 72 2.9165515899658203
0.8470213413238525 0 73 0.8470213413238525
40.21080756187439 0 74 40.21080756187439
3.130110502243042 0 75 3.130110502243042
1.926323652267456 0 76 1.926323652267456
0.5624735355377197 0 77 0.5624735355377197
5.215883493423462 0 78 5.215883493423462
0 1289 79 6.570615768432617
