60.0 0 0 60.0
8.346163034439087 0 1 8.346163034439087
0.5595262050628662 0 2 0.5595262050628662
16.06392741203308 0 3 16.06392741203308
3.7826812267303467 0 4 3.7826812267303467
0.653977632522583 0 5 0.653977632522583
19.579060316085815 0 6 19.579060316085815
34.96648359298706 0 7 34.96648359298706
18.12992525100708 0 8 18.12992525100708
13.810604572296143 0 9 13.810604572296143
0.9953172206878662 0 10 0.9953172206878662
13.55591630935669 0 11 13.55591630935669
4.718738317489624 0 12 4.718738317489624
2.561418056488037 0 13 2.561418056488037
30.799479484558105 0 14 30.799479484558105
17.7651047706604 0 15 17.7651047706604
4.412268161773682 0 16 4.412268161773682
27.2847740650177 0 17 27.2847740650177
8.600560665130615 0 18 8.600560665130615
9.574573755264282 0 19 9.574573755264282
0.8759024143218994 0 20 0.8759024143218994
33.08131408691406 0 21 33.08131408691406
3.1961512565612793 0 22 3.1961512565612793
0.5591640472412109 0 23 0.5591640472412109
14.444172382354736 0 24 14.444172382354736
1.3920154571533203 0 25 1.3920154571533203
1.0634562969207764 0 26 1.0634562969207764
2.727945566177368 0 27 2.727945566177368
14.493615627288818 0 28 14.493615627288818
1.4724671840667725 0 29 1.4724671840667725
8.212099552154541 0 30 8.212099552154541
12.288057088851929 0 31 12.288057088851929
2.2839677333831787 0 32 2.2839677333831787
15.34020185470581 0 33 15.34020185470581
15.04521131515503 0 34 15.04521131515503
1.1470162868499756 0 35 1.1470162868499756
2.6343729496002197 0 36 2.6343729496002197
11.165598154067993 0 37 11.165598154067993
3.889944314956665 0 38 3.889944314956665
0.5641343593597412 0 39 0.5641343593597412
15.860029220581055 0 40 15.860029220581055
5.0481791496276855 0 41 5.0481791496276855
8.53877878189087 0 42 8.53877878189087
0.6725165843963623 0 43 0.6725165843963623
0.5749683380126953 0 44 0.5749683380126953
1.0452837944030762 0 45 1.0452837944030762
1.0406506061553955 0 46 1.0406506061553955
5.734189033508301 0 47 5.734189033508301
7.394248008728027 0 48 7.394248008728027
8.132797241210938 0 49 8.132797241210938
6.457402229309082 0 50 6.457402229309082
3.980703353881836 0 51 3.980703353881836
3.770061492919922 0 52 3.770061492919922
1.1156156063079834 0 53 1.1156156063079834
9.882530927658081 0 54 9.882530927658081
6.482527494430542 0 55 6.482527494430542
10.646051406860352 0 56 10.646051406860352
7.743896961212158 0 57 7.743896961212158
21.411667346954346 0 58 21.411667346954346
2.134098529815674 0 59 2.134098529815674
8.293554544448853 0 60 8.293554544448853
15.804781675338745 0 61 15.804781675338745
17.29211187362671 0 62 17.29211187362671
20.46332311630249 0 63 20.46332311630249
5.683568477630615 0 64 5.683568477630615
7.539364814758301 0 65 7.539364814758301
1.661463975906372 0 66 1.661463975906372
1.800513744354248 0 67 1.800513744354248
3.5231924057006836 0 68 3.5231924057006836
8.307290077209473 0 69 8.307290077209473
10.174930334091187 0 70 10.174930334091187
29.725553035736084 0 71 29.725553035736084
20.952351808547974 0 72 20.952351808547974
2.657480239868164 0 73 2.657480239868164
15.550622940063477 0 74 15.550622940063477
20.984894514083862 0 75 20.984894514083862
1.5274171829223633 0 76 1.5274171829223633
0.6375813484191895 0 77 0.6375813484191895
10.810054063796997 0 78 10.810054063796997
27.42362141609192 0 79 27.42362141609192
