34.09522533416748 1005 0 60.0
2.8421578407287598 4740 1 53.807085037231445
0 129 2 0.5595083236694336
0.42842626571655273 1043 3 12.878442287445068
1.7397146224975586 375 4 5.4142045974731445
0 134 5 0.739220142364502
1.314354419708252 3404 6 27.033931493759155
4.087427139282227 3056 7 23.979032278060913
0 330 8 6.766469478607178
0 122 9 1.5484750270843506
0.5654637813568115 13 10 0.6423866748809814
0.5915703773498535 671 11 3.1111865043640137
0 113 12 1.694544792175293
0 56 13 0.9219119548797607
2.2382304668426514 1829 14 18.819031238555908
0.5537283420562744 1572 15 15.464276790618896
0.1581122875213623 1150 16 1.2477478981018066
0.7012066841125488 1551 17 11.01118803024292
1.5612313747406006 1012 18 6.534848690032959
4.451137542724609 1721 19 20.930946350097656
0 232 20 0.7115442752838135
3.459585666656494 5131 21 40.24677324295044
0.41774582862854004 172 22 0.7893548011779785
0 163 23 0.561394453048706
0.4935147762298584 1017 24 1.6474533081054688
0 78 25 0.5596528053283691
0.4918379783630371 62 26 0.6152806282043457
0 76 27 0.5860872268676758
1.7497532367706299 513 28 6.983670234680176
0 117 29 0.6998627185821533
0 288 30 5.1303369998931885
0.4511427879333496 1448 31 9.577618598937988
0 7118 32 5.727888822555542
0 973 33 15.466818809509277
0.33142852783203125 1273 34 4.289626121520996
0.3147132396697998 397 35 0.9603347778320312
0.1763627529144287 1072 36 0.8157548904418945
0.04471731185913086 1010 37 3.663816213607788
2.0165045261383057 296 38 4.096073389053345
0 30 39 0.5618112087249756
0.4542109966278076 1465 40 7.0234763622283936
0 250 41 2.2696421146392822
0.5942971706390381 1660 42 17.929688453674316
0.5685553550720215 0 43 0.5685553550720215
0 118 44 0.5627896785736084
0.1692192554473877 374 45 0.5590667724609375
0.35791611671447754 1061 46 0.7661252021789551
0.6735715866088867 1311 47 4.417653799057007
0 170 48 1.548124074935913
0 206 49 2.0889391899108887
0.6169962882995605 933 50 5.208998918533325
0.960411787033081 416 51 3.2957653999328613
5.463057279586792 1110 52 13.31003713607788
0.7810642719268799 30 53 0.9025580883026123
2.0462324619293213 3596 54 23.46156072616577
0 65 55 0.9353306293487549
0.6092643737792969 1863 56 18.038530826568604
3.0760810375213623 4832 57 87.53331065177917
6.928693532943726 2721 58 40.18313694000244
10.189016103744507 102 59 11.276356220245361
2.3717169761657715 608 60 9.24117374420166
0.7300384044647217 1616 61 7.3153839111328125
0 797 62 16.478826761245728
1.3405733108520508 1387 63 9.511365175247192
2.186077117919922 675 64 10.168844223022461
1.5874450206756592 1764 65 12.464523077011108
1.2510969638824463 64 66 1.8165645599365234
1.788440227508545 334 67 7.070952415466309
6.08997654914856 1093 68 18.751624584197998
0.8163836002349854 1680 69 7.918792009353638
0.7065234184265137 1045 70 11.12514328956604
0.8128886222839355 820 71 4.513962745666504
1.5424370765686035 622 72 8.05720067024231
0.7481536865234375 290 73 2.548544406890869
0.3611316680908203 1553 74 30.612837553024292
2.675447463989258 2125 75 17.684373140335083
1.2025337219238281 186 76 2.4323768615722656
0 155 77 0.7392325401306152
2.2132112979888916 1431 78 16.626521825790405
0.538707971572876 842 79 8.289722681045532
