33.972784996032715 1005 0 60.0
5.471555948257446 14033 1 165.49723720550537
0 253 2 0.5613315105438232
0 579 3 12.879336595535278
0.6657848358154297 625 4 8.333595275878906
0.35781216621398926 36 5 0.7172892093658447
0.2526988983154297 1268 6 27.03414535522461
0.1446535587310791 1064 7 15.263311862945557
0.585660457611084 1870 8 42.274314403533936
1.3172590732574463 759 9 8.825538873672485
0 15 10 0.5589122772216797
1.4681453704833984 1211 11 23.858028411865234
0.4051167964935303 756 12 3.761585235595703
0.5396995544433594 399 13 3.196383237838745
0 303 14 4.523408651351929
0 468 15 7.953230381011963
1.9539060592651367 714 16 8.433514833450317
0.3948681354522705 1761 17 8.058472156524658
2.210822820663452 2302 18 14.572623252868652
0.5185635089874268 1031 19 2.5190541744232178
0.6835942268371582 0 20 0.6835942268371582
1.0487539768218994 2598 21 20.452934741973877
0.3762657642364502 219 22 1.2404301166534424
0.3796672821044922 88 23 0.5623929500579834
0.6032958030700684 757 24 4.021677255630493
0.855722188949585 113 25 1.2244796752929688
0.27210021018981934 208 26 0.6834743022918701
0 97 27 0.6050386428833008
0.4487602710723877 1704 28 8.667614221572876
0 62 29 1.1037805080413818
0.689720869064331 1516 30 19.60750699043274
0 439 31 2.9016530513763428
0 163 32 0.9690427780151367
0.16839981079101562 1273 33 10.881097793579102
0 478 34 7.468431234359741
0.4815852642059326 135 35 0.7629621028900146
0.40705323219299316 651 36 1.4658153057098389
0 358 37 6.643699645996094
0.311490535736084 561 38 1.2622628211975098
0 298 39 0.565356969833374
0.3020942211151123 1282 40 4.223848342895508
1.0602262020111084 1013 41 5.1875317096710205
3.4096479415893555 4310 42 39.95581245422363
0.5870704650878906 19 43 0.64811110496521
0 369 44 0.6370947360992432
0.5086972713470459 73 45 0.7864675521850586
0.30401182174682617 662 46 0.9936976432800293
0.19516539573669434 1061 47 3.3640177249908447
0.9605073928833008 720 48 5.007155179977417
0 269 49 2.4471471309661865
0 295 50 2.9989750385284424
0.5252747535705566 560 51 3.2836835384368896
2.7535645961761475 1954 52 16.566838264465332
0.5452249050140381 129 53 1.0656676292419434
1.5675830841064453 3596 54 28.590524911880493
0 164 55 1.1107959747314453
0.5098328590393066 1863 56 22.487518072128296
6.007262229919434 12649 57 168.56470799446106
3.686009645462036 2337 58 17.68080234527588
1.4181394577026367 220 59 3.2746503353118896
1.3711726665496826 895 60 11.486902713775635
0.2285761833190918 1387 61 9.845513582229614
0.9767880439758301 2777 62 27.40822148323059
0 610 63 12.40658712387085
0.8355412483215332 624 64 2.8435304164886475
1.4820101261138916 2317 65 21.865691661834717
1.6690049171447754 172 66 3.7087223529815674
1.4743461608886719 462 67 8.777293682098389
0.57769775390625 705 68 7.61029314994812
7.565798282623291 5458 69 70.76931476593018
0.632014274597168 1283 70 6.056821346282959
0 235 71 2.9774129390716553
0.8640198707580566 874 72 10.008924961090088
0.5820200443267822 387 73 2.331406831741333
0.354290246963501 1833 74 38.48983383178711
1.2196707725524902 1922 75 10.71548056602478
0 2255 76 4.113299608230591
0 79 77 1.020310401916504
1.7576632499694824 1178 78 8.624635457992554
1.3511953353881836 1430 79 15.759658813476562
