46.4901967048645 376 0 60.0
0 388 1 12.862430572509766
0 26 2 0.5724372863769531
0 2209 3 20.46323251724243
0 570 4 7.868236541748047
0 86 5 0.8997812271118164
0 473 6 14.220566272735596
0 1920 7 31.674500226974487
0 441 8 15.796819925308228
0 148 9 4.358285188674927
0 33 10 0.8712289333343506
0 267 11 5.821294546127319
0 130 12 2.203366279602051
0 675 13 5.077169418334961
0 110 14 4.178988218307495
0 985 15 14.078288793563843
0 544 16 3.7133774757385254
0 450 17 13.908183813095093
0 274 18 7.121046543121338
0 379 19 8.625179529190063
0 35 20 0.7204513549804688
0 283 21 6.907167911529541
0 313 22 1.5136265754699707
0 19 23 0.5740125179290771
0 87 24 2.1733133792877197
0 62 25 1.2807626724243164
0 31 26 0.8521099090576172
0 94 27 1.8193151950836182
0 423 28 8.800440311431885
0 45 29 1.2404327392578125
0 300 30 8.463183164596558
0 659 31 9.245033502578735
0 117 32 1.3364429473876953
0 490 33 15.787299871444702
0 221 34 4.348633050918579
0 118 35 1.442368745803833
0 78 36 1.911924123764038
0 180 37 5.510173320770264
0 82 38 1.5053443908691406
0 210 39 1.2173254489898682
2.2230498790740967 262 40 6.239410638809204
0 124 41 3.039517402648926
0 621 42 14.508140325546265
0 130 43 0.9265661239624023
0 21 44 0.5870277881622314
0 33 45 0.6571710109710693
0 50 46 1.0749878883361816
0 167 47 5.047523260116577
0 116 48 2.770522356033325
0 275 49 5.47895073890686
0 138 50 3.373378276824951
0 1218 51 12.08265995979309
0 164 52 3.7541699409484863
0 39 53 1.3793582916259766
0 482 54 5.964673757553101
0 82 55 1.5341084003448486
0 909 56 13.135497570037842
0 378 57 9.816230535507202
0 180 58 4.377685070037842
0 76 59 1.873426914215088
0 609 60 7.660680055618286
0 363 61 9.204657793045044
0 367 62 11.516683101654053
0 604 63 7.491233587265015
0 217 64 4.624887466430664
0 298 65 8.153178453445435
0 49 66 0.7079286575317383
0 98 67 2.11287784576416
2.598537340929056 1071 68 9.63017225265503
0 583 69 14.245527744293213
0 437 70 8.198435544967651
0 386 71 4.590208053588867
0 280 72 6.218760013580322
0 300 73 4.90156626701355
0 957 74 24.06734800338745
0 360 75 11.819882154464722
0 109 76 1.4817380905151367
0 118 77 1.4261109828948975
0 371 78 4.265228033065796
0 1490 79 5.616788864135742
