34.74586510658264 1005 0 60.0
6.036388158798218 3781 1 53.80578565597534
0.1350715160369873 1043 2 0.5710480213165283
3.0588643550872803 3704 3 58.11017036437988
1.740739107131958 374 4 5.4106667041778564
0 134 5 0.7380685806274414
0.5065219402313232 1678 6 25.688865423202515
0 373 7 4.732038974761963
0 330 8 6.76636266708374
0.425945520401001 1170 9 2.4147214889526367
0.46726536750793457 31 10 0.6633155345916748
0 100 11 1.6483187675476074
0 113 12 1.685046911239624
0 77 13 1.0469138622283936
2.470226764678955 1330 14 15.631762027740479
0 1005 15 15.461089372634888
0.705988883972168 363 16 2.6259114742279053
0.9922406673431396 1508 17 11.016478538513184
1.295055627822876 969 18 6.046918153762817
3.768033981323242 935 19 12.250362634658813
0 2312 20 2.5917444229125977
0 621 21 11.644425392150879
0.6393253803253174 66 22 0.9216570854187012
0 158 23 0.5595154762268066
0 99 24 1.1692466735839844
0 55 25 0.7078206539154053
0.3635106086730957 174 26 0.7057907581329346
0 51 27 0.588651180267334
1.7058746814727783 518 28 6.98540472984314
0 52 29 0.9380068778991699
1.2599387168884277 366 30 3.4331958293914795
0 324 31 5.068360328674316
0 3569 32 5.730575323104858
0 896 33 10.877148866653442
0.7986609935760498 1516 34 11.429861783981323
0 60 35 0.6615688800811768
0 54 36 0.785477876663208
0.6615514755249023 1672 37 8.158075332641602
0 78 38 1.4615654945373535
0 30 39 0.5592148303985596
0.3959777355194092 1170 40 5.602548599243164
1.0760536193847656 766 41 4.19891881942749
2.449420690536499 2860 42 39.95536422729492
0 44 43 0.5713222026824951
0 29 44 0.5620143413543701
0 54 45 0.5941557884216309
1.0515453815460205 88 46 1.5634784698486328
0.5289876461029053 1357 47 4.406228303909302
0 105 48 1.5515589714050293
0 206 49 2.0957300662994385
1.0657153129577637 900 50 6.445471525192261
0.8166630268096924 379 51 2.6805012226104736
0.6398220062255859 823 52 3.9426209926605225
0 2210 53 2.5370090007781982
1.662980079650879 2044 54 23.464990854263306
0 65 55 0.9335246086120605
2.8206067085266113 3791 56 38.44599914550781
0.9426968097686768 1863 57 27.638426542282104
2.1750662326812744 1321 58 20.960018396377563
9.735821962356567 142 59 11.478710412979126
9.274275779724121 1565 60 25.859362363815308
1.6360950469970703 2431 61 29.096081018447876
0.5905795097351074 1616 62 14.463524103164673
0 490 63 9.975301265716553
0.37571263313293457 730 64 2.5030298233032227
1.8127026557922363 2460 65 30.90658402442932
0 379 66 1.3674039840698242
0 650 67 3.4396872520446777
2.356607437133789 601 68 11.848347187042236
7.464333534240723 4249 69 56.66763997077942
0.9735715389251709 929 70 4.902610778808594
1.1039507389068604 879 71 9.867869138717651
0.6454436779022217 589 72 3.3037126064300537
1.1177423000335693 324 73 4.506865739822388
0.5674293041229248 1897 74 25.803870677947998
0.8389391899108887 1407 75 10.200333833694458
4.123785018920898 51 76 4.484230995178223
0 150 77 0.8041768074035645
0.9805643558502197 1024 78 6.954265356063843
3.3482866287231445 923 79 12.65276551246643
