34.241929054260254 1005 0 60.0
2.586653470993042 4055 1 53.80629372596741
0 130 2 0.5628085136413574
0.2798655033111572 1043 3 12.88410234451294
1.8085746765136719 499 4 6.697889804840088
0 157 5 0.8611774444580078
1.03122878074646 2805 6 27.047667741775513
1.9794986248016357 2823 7 29.901646375656128
0 410 8 8.3970627784729
0 147 9 1.8739144802093506
0.5615863800048828 30 10 0.7386989593505859
0.723987340927124 826 11 3.8251380920410156
0 136 12 2.039973258972168
0 66 13 1.0877668857574463
2.5690181255340576 2304 14 23.45593547821045
0.549004077911377 1572 15 15.458025932312012
0.34815263748168945 1150 16 1.4932661056518555
0.7614948749542236 1947 17 13.702017068862915
1.5718283653259277 1330 18 8.111231565475464
6.974721670150757 1997 19 26.100391626358032
0 269 20 0.8234906196594238
3.4612951278686523 5131 21 40.24570846557617
0.29535841941833496 290 22 0.9208996295928955
0 162 23 0.5605013370513916
0 154 24 1.9886596202850342
0 53 25 0.6267273426055908
0.44518494606018066 121 26 0.684312105178833
0 87 27 0.6708645820617676
0.8553431034088135 1620 28 8.666220903396606
0 137 29 0.816497802734375
0 357 30 6.348991632461548
0.42493176460266113 1516 31 11.90611982345581
3.3560712337493896 468 32 7.100445032119751
0 973 33 15.460589408874512
1.59942626953125 1273 34 5.299197435379028
0.20450496673583984 572 35 1.1348772048950195
0.1314992904663086 1107 36 0.9528927803039551
0.13165497779846191 1010 37 4.513267278671265
2.251314163208008 401 38 5.06778359413147
0 30 39 0.5590505599975586
0.706510066986084 1696 40 8.697304010391235
0.19030165672302246 1282 41 2.7807509899139404
0.6109590530395508 1660 42 17.918686628341675
0.479968786239624 66 43 0.6521897315979004
0 267 44 0.6354930400848389
0.3906557559967041 225 45 0.6252021789550781
0.1953747272491455 1061 46 0.8906314373016357
0.7562799453735352 1247 47 5.443939685821533
0 205 48 1.872119426727295
0 250 49 2.544200897216797
0.6293561458587646 1185 50 6.460130929946899
1.331965684890747 482 51 4.039349555969238
3.4111440181732178 1862 52 16.575289011001587
0.744422197341919 79 53 1.0632472038269043
2.03019642829895 3596 54 28.5914363861084
0 78 55 1.115879774093628
0.7626450061798096 1863 56 22.484317541122437
2.9411044120788574 4832 57 87.53509974479675
7.474999189376831 3493 58 50.16700339317322
0 14482 59 14.027801990509033
1.867962121963501 852 60 11.488744974136353
0.623037576675415 1616 61 9.081574440002441
0 797 62 16.479177474975586
0.2954881191253662 1387 63 11.817918062210083
2.5981850624084473 849 64 12.647005558013916
1.5111455917358398 2273 65 15.524709701538086
0.9601109027862549 141 66 2.205735683441162
1.703782558441162 447 67 8.773734092712402
4.67644476890564 1615 68 23.37634825706482
0.6085784435272217 1754 69 9.834102153778076
0.5852804183959961 1329 70 13.838351488113403
1.025909185409546 1011 71 5.587882041931152
1.7072091102600098 794 72 10.01831340789795
2.681994915008545 88 73 3.120673656463623
1.3508176803588867 1553 74 30.612476587295532
2.8516931533813477 2717 75 22.038934230804443
1.2390961647033691 263 76 2.977715015411377
0 180 77 0.8575766086578369
2.276536464691162 1830 78 20.716514587402344
0.9117426872253418 1020 79 10.299339532852173
