45.38807559013367 577 0 60.0
0 1005 1 12.87632942199707
0 134 2 0.5672321319580078
0 3198 3 46.40509819984436
0 310 4 2.753230094909668
0 199 5 0.7666840553283691
0 924 6 16.92602276802063
0 271 7 4.951942205429077
0 410 8 8.400967597961426
0 229 9 3.453605890274048
0 37 10 0.6291589736938477
0 241 11 3.3790502548217773
0 206 12 2.9728710651397705
0 1350 13 3.8666889667510986
0 165 14 3.2019221782684326
0 2249 15 45.86790585517883
0 84 16 2.2022998332977295
0 323 17 8.663025379180908
0 803 18 8.774421453475952
0 117 19 2.150552749633789
0 159 20 1.2005195617675781
0 712 21 9.613415241241455
0 42 22 0.7798275947570801
0 55 23 0.587315559387207
0 68 24 1.605548620223999
0 43 25 0.7439889907836914
0 116 26 0.8296477794647217
0 64 27 0.958472728729248
2.962615728378296 1161 28 23.30825686454773
0 135 29 1.6571478843688965
0 1023 30 10.173426628112793
0 418 31 4.918386220932007
0 87 32 1.1611132621765137
0 1595 33 19.109389305114746
0 290 34 4.210754871368408
0 87 35 1.1576111316680908
0 115 36 1.61592698097229
0 300 37 5.75447678565979
0 78 38 1.1750414371490479
0 376 39 1.0347743034362793
3.18204665184021 430 40 8.98034381866455
0 195 41 2.6065335273742676
0 1589 42 13.040414810180664
0 45 43 0.5858023166656494
0 83 44 0.568636417388916
0 249 45 1.6357777118682861
0 125 46 1.32242751121521
0 253 47 3.008310317993164
0 169 48 2.661097526550293
0 198 49 2.7239012718200684
0 374 50 5.61495566368103
0 139 51 1.5988900661468506
0 969 52 8.936323404312134
0 107 53 1.6590025424957275
0 1592 54 20.457072019577026
0 84 55 0.9990570545196533
0 448 56 8.022187948226929
0 897 57 17.69405722618103
0 285 58 5.295339345932007
0 118 59 1.1331703662872314
0 137 60 1.5544509887695312
0.06260755410579577 4394 61 37.08623743057251
0 951 62 11.58329701423645
0 1394 63 23.47944211959839
0 181 64 2.42976450920105
0 3362 65 29.06979012489319
0 68 66 0.8047201633453369
0 115 67 1.582690954208374
0 356 68 3.711587905883789
0 713 69 7.92976450920105
0 1487 70 7.183821201324463
0 273 71 4.46204400062561
0 169 72 3.1596176624298096
0 159 73 1.9445676803588867
0 2860 74 39.963820695877075
0 319 75 4.2058141231536865
0 139 76 1.9274380207061768
0 35 77 0.567781925201416
0 261 78 3.2589008808135986
1.0654271652897478 3281 79 14.190240383148193
