34.25665831565857 766 0 60.0
6.171602487564087 11746 1 165.49910068511963
0 183 2 0.559377908706665
0.7808883190155029 1504 3 58.10999059677124
0 88 4 1.6669111251831055
0 135 5 0.6265857219696045
1.2999439239501953 1678 6 25.686344385147095
1.8031325340270996 2155 7 28.638010025024414
2.236454963684082 2641 8 28.356119632720947
0.566565752029419 540 9 3.9152753353118896
0.45391130447387695 62 10 0.5593118667602539
0 115 11 2.366687059402466
0 115 12 1.4677717685699463
0 56 13 0.9243044853210449
3.056419849395752 1515 14 18.81444025039673
0 747 15 11.41389775276184
2.2259583473205566 285 16 4.569805145263672
0 286 17 3.871664524078369
3.8867428302764893 2315 18 30.208070755004883
0.8107719421386719 715 19 4.589545965194702
0.7831606864929199 12 20 0.8684518337249756
1.2898204326629639 2209 21 20.456878423690796
0.33087849617004395 212 22 0.7894349098205566
0.5028939247131348 17 23 0.5624783039093018
0 127 24 1.6452555656433105
0.3385303020477295 257 25 0.8467979431152344
0.6211831569671631 47 26 0.8227510452270508
0 47 27 0.5614721775054932
0.6242165565490723 1319 28 6.984253406524658
0 148 29 0.7437131404876709
3.5129318237304688 3459 30 31.154056310653687
0 179 31 3.1921589374542236
0 138 32 0.8228309154510498
1.5936169624328613 1516 33 29.70859694480896
0 666 34 6.022073268890381
0.2858908176422119 286 35 0.7523069381713867
0.3356015682220459 548 36 1.2262563705444336
0.6546692848205566 1674 37 8.159698247909546
0.19391441345214844 1107 38 1.1043872833251953
0 30 39 0.5618941783905029
0.22490978240966797 1010 40 3.1685996055603027
0 251 41 2.2742342948913574
0.4027237892150879 1660 42 17.925909519195557
0 575 43 1.25714111328125
0.5377540588378906 15 44 0.5765259265899658
0 384 45 0.9137969017028809
0.6852254867553711 153 46 0.8449239730834961
0.749894380569458 975 47 4.41660213470459
0.2261183261871338 1061 48 1.6567091941833496
0 205 49 2.0880205631256104
0.5856325626373291 939 50 5.2062036991119385
0 141 51 1.2869563102722168
3.2273268699645996 1425 52 13.305475950241089
0 404 53 1.2188212871551514
0.5936081409454346 1727 54 14.210877895355225
2.0317299365997314 208 55 3.2060461044311523
0 312 56 4.467092990875244
0.6222689151763916 1863 57 27.644179344177246
9.533012866973877 2508 58 40.18718719482422
1.9111692905426025 196 59 4.127837896347046
0.55668044090271 592 60 2.463024854660034
0 409 61 8.320354223251343
0.5226306915283203 1387 62 15.692628383636475
2.013852834701538 3304 63 41.09214448928833
1.3472158908843994 464 64 4.210500001907349
2.1722052097320557 1748 65 17.546887636184692
2.4796090126037598 70 66 3.5940725803375244
7.304436206817627 329 67 11.124799251556396
0.6638045310974121 498 68 2.7706048488616943
1.4275250434875488 1682 69 18.199438095092773
0.6009197235107422 990 70 5.071269750595093
1.0987353324890137 961 71 11.152255058288574
1.5496487617492676 548 72 4.46399188041687
0.5782761573791504 361 73 2.98274302482605
3.29909348487854 6303 74 53.46001720428467
0.8085203170776367 1276 75 9.234754085540771
1.0090243816375732 200 76 2.176088333129883
0 486 77 1.429936170578003
1.0782194137573242 1063 78 10.858199834823608
1.7545764446258545 867 79 13.727794885635376
