33.930015325546265 1005 0 60.0
8.17304277420044 13796 1 165.49655747413635
0.42659664154052734 12 2 0.5832779407501221
0.6865866184234619 2014 3 53.81343221664429
0 119 4 2.605098009109497
0.02617788314819336 641 5 0.6088123321533203
0.6884691715240479 1870 6 60.38966631889343
0.5418612957000732 1507 7 36.54992985725403
0.3933556079864502 1268 8 25.204266786575317
1.3166460990905762 904 9 9.3518545627594
0 392 10 1.5123507976531982
0 183 11 3.761545419692993
0.8112506866455078 790 12 6.064741849899292
2.5785720348358154 704 13 8.968652248382568
0 400 14 5.078960418701172
0 468 15 7.947993040084839
0 152 16 2.270742416381836
0.18452882766723633 1170 17 10.657653570175171
5.157272815704346 4702 18 50.17765474319458
1.037034511566162 1248 19 6.90869665145874
0.2709336280822754 381 20 0.6040506362915039
1.9332013130187988 2861 21 22.177950859069824
0.4487137794494629 282 22 1.5645716190338135
0.5601446628570557 0 23 0.5601446628570557
0 285 24 1.7757761478424072
0 168 25 1.0065290927886963
0.309628963470459 353 26 1.0022292137145996
0.8712806701660156 203 27 1.7914836406707764
5.380892038345337 4695 28 33.49541234970093
0.47606992721557617 590 29 1.6417341232299805
0 924 30 6.097008228302002
1.0630707740783691 1944 31 10.711835861206055
0 202 32 1.200169324874878
0 520 33 9.533026933670044
0.5044701099395752 1516 34 18.884703874588013
0 91 35 1.427699089050293
0.41327500343322754 595 36 1.3838894367218018
0.16427850723266602 1170 37 10.682296991348267
0.10321235656738281 1107 38 1.6689472198486328
0.5492782592773438 3 39 0.5616979598999023
0.582087516784668 1696 40 11.515747547149658
0 263 41 4.874432325363159
0.03547859191894531 1010 42 8.533424139022827
0.27048683166503906 256 43 0.6333484649658203
0 320 44 0.7624208927154541
0.59816575050354 91 45 0.8337090015411377
0.588503360748291 307 46 2.100597381591797
0.47458958625793457 1153 47 5.041208028793335
0.601701021194458 938 48 4.12847900390625
3.681889057159424 2413 49 20.7388014793396
0.025580167770385742 1061 50 4.033801317214966
0 202 51 2.049872636795044
1.1555771827697754 1467 52 9.391881704330444
0 87 53 0.7998201847076416
3.715953826904297 3596 54 28.587780475616455
0 204 55 1.3834049701690674
0.5814790725708008 1863 56 27.637479782104492
6.978468179702759 12649 57 168.57088899612427
1.1588547229766846 1589 58 14.57097601890564
1.5734355449676514 454 59 6.7012104988098145
0.33020997047424316 1344 60 4.243847370147705
1.051408290863037 2777 61 22.74349355697632
0 797 62 16.479694366455078
0.6668257713317871 1616 63 14.449395179748535
4.419919967651367 585 64 9.57248306274414
2.08701229095459 4164 65 51.33681273460388
1.84039306640625 251 66 5.8147923946380615
0.5635302066802979 547 67 6.0235724449157715
5.573463439941406 2201 68 31.060896396636963
0.5387957096099854 1754 69 13.034319400787354
1.1365993022918701 1879 70 20.79291796684265
0.8024287223815918 1450 71 7.348054647445679
0.6279387474060059 1102 72 10.767789602279663
1.5570199489593506 509 73 4.074470043182373
2.0482842922210693 4664 74 39.047643184661865
0.37293028831481934 1553 75 16.830466985702515
0.7755050659179688 460 76 3.4572839736938477
2.042553663253784 16 77 2.212430477142334
1.5461902618408203 2092 78 12.91124963760376
3.0768253803253174 2237 79 18.876058340072632
