33.737555742263794 1005 0 60.0
5.767053127288818 14482 1 165.499520778656
0 320 2 0.7085022926330566
0.25035667419433594 1043 3 12.877679109573364
1.0608577728271484 1232 4 13.135899066925049
0.9700610637664795 39 5 1.456728458404541
0.2359910011291504 1504 6 58.10733413696289
0.10818982124328613 1064 7 25.690276622772217
1.132065773010254 3653 8 50.50768303871155
0 114 9 4.23530912399292
0.35009002685546875 148 10 1.2690246105194092
0 420 11 7.3898046016693115
1.7076153755187988 1725 12 19.642593383789062
0 178 13 2.661561965942383
1.1461741924285889 3400 14 30.83929991722107
0 468 15 7.9465532302856445
0 201 16 2.726121664047241
0.7411930561065674 2044 17 27.142210006713867
0.9448769092559814 2861 18 15.948118686676025
5.206031560897827 4881 19 51.941187381744385
0.8727445602416992 62 20 1.1052474975585938
1.1919212341308594 2598 21 20.454932689666748
0.2800419330596924 491 22 2.219240665435791
0.5596723556518555 0 23 0.5605578422546387
0.45673060417175293 1331 24 4.80555534362793
0.2359023094177246 997 25 2.190248489379883
0 110 26 0.6869316101074219
0.9459388256072998 357 27 2.5594606399536133
0 896 28 5.911879777908325
0.6553957462310791 667 29 3.874711513519287
0 520 30 9.538445472717285
0 848 31 5.034889221191406
0 243 32 3.798762083053589
0.22599148750305176 1273 33 10.877444505691528
0.39491820335388184 1516 34 28.190428972244263
0.26874470710754395 1107 35 1.2677104473114014
0.22565054893493652 1170 36 2.6746127605438232
0.11039519309997559 1010 37 8.531389474868774
0 176 38 3.2592203617095947
0.47743940353393555 61 39 0.7550179958343506
0.532677173614502 1660 40 15.792282819747925
0 583 41 5.2843968868255615
2.21042537689209 4310 42 39.95958161354065
0.2288823127746582 664 43 0.9214117527008057
0 425 44 1.0127043724060059
0.794520378112793 138 45 1.3144307136535645
0.5029788017272949 570 46 1.9701933860778809
0.21660709381103516 1061 47 6.466141700744629
0 357 48 3.6218037605285645
0.7121279239654541 1926 49 10.571499586105347
0 606 50 5.516151428222656
1.2135848999023438 1177 51 7.822692394256592
3.755068063735962 4120 52 32.88085746765137
0.5274639129638672 334 53 1.8698551654815674
1.8341944217681885 3596 54 28.593345642089844
0 136 55 1.9446825981140137
0.7627968788146973 1863 56 27.648028135299683
6.783240079879761 12649 57 168.56739139556885
5.476336479187012 4948 58 35.1053626537323
1.2096989154815674 602 59 6.291856527328491
1.5704238414764404 1872 60 22.71252751350403
0.4313366413116455 1387 61 15.690409421920776
1.2216744422912598 2777 62 27.405219554901123
0 797 63 16.480918407440186
1.056368112564087 1357 64 5.421765327453613
1.60642409324646 2726 65 38.699607849121094
2.2327845096588135 416 66 7.1637794971466064
2.71293306350708 922 67 17.281335830688477
0.5078113079071045 1449 68 14.95829439163208
5.486013412475586 10187 69 131.50616574287415
0.4989349842071533 1754 70 11.861516237258911
0 449 71 5.69672155380249
0.7328355312347412 1818 72 19.756131887435913
0.5943417549133301 843 73 4.401562213897705
0.7336809635162354 1833 74 38.4970223903656
1.0325400829315186 3757 75 21.173614978790283
1.7764012813568115 953 76 7.960814714431763
0.25518226623535156 227 77 1.7667324542999268
0.6970021724700928 2280 78 16.99462628364563
1.757176399230957 2928 79 31.24818253517151
