45.63459849357605 376 0 60.0
0.480121374130249 382 1 12.839021682739258
0 140 2 0.5967960357666016
0 465 3 16.931193351745605
0 1920 4 8.85805630683899
0 244 5 0.9396777153015137
0 878 6 18.089613914489746
0 980 7 14.782873630523682
0 938 8 13.130002737045288
0 133 9 2.2549755573272705
0 34 10 0.5681982040405273
0 1066 11 10.317586183547974
0 983 12 7.3885111808776855
0 738 13 6.808392286300659
0 606 14 8.733105182647705
0 1492 15 24.058191299438477
0 109 16 2.8425612449645996
0 290 17 5.293635845184326
0 312 18 8.382390022277832
0 255 19 3.3538033962249756
0 34 20 0.5850863456726074
0 1417 21 21.17851710319519
0 52 22 0.970475435256958
0 24 23 0.5689160823822021
0 354 24 4.323425531387329
0 82 25 1.2234649658203125
0 513 26 2.9729254245758057
0 150 27 1.4932920932769775
0 1228 28 8.741598129272461
0 342 29 2.5918703079223633
0 521 30 6.9582531452178955
0 550 31 6.474808931350708
0 106 32 1.5492372512817383
0 1417 33 15.689144134521484
0 787 34 11.036065816879272
0 190 35 1.7908737659454346
0 70 36 1.0615315437316895
0 396 37 7.591867923736572
1.832691521276331 2898 38 9.801137447357178
0 43 39 0.5743222236633301
0 508 40 10.800887823104858
0 253 41 3.3874213695526123
0 1589 42 13.047540426254272
0 48 43 0.6247231960296631
0 98 44 0.66900634765625
0 317 45 2.0833370685577393
0 85 46 1.0152556896209717
0 358 47 7.120392560958862
0 196 48 2.6948206424713135
0 293 49 4.611032009124756
0 493 50 7.3935887813568115
0 174 51 1.998640775680542
0 1281 52 11.813535213470459
0 135 53 2.104463577270508
0 1592 54 20.44312810897827
0 106 55 1.250666856765747
0 533 56 9.815508604049683
0 897 57 17.687580347061157
0 914 58 6.979550361633301
0 147 59 1.4153532981872559
0 160 60 3.272890329360962
0 509 61 5.782770872116089
0.1395015989818944 4394 62 59.5288941860199
0 912 63 12.823899507522583
0 253 64 3.0050084590911865
0 1394 65 23.501460552215576
0 79 66 1.065974235534668
0 1583 67 7.342865228652954
0 224 68 2.64151930809021
0 1369 69 14.245326042175293
0 578 70 6.4297168254852295
0 1740 71 8.402390241622925
0 263 72 4.291820287704468
0 125 73 2.343935489654541
0 1121 74 15.248371362686157
0 2860 75 21.934102058410645
0 117 76 1.5416183471679688
0 59 77 0.8197605609893799
0 232 78 3.755463123321533
0 263 79 3.2846665382385254
