33.83032202720642 1005 0 60.0
2.317746162414551 6516 1 165.50131487846375
0.5086138248443604 4 2 0.5626163482666016
0 579 3 12.879525423049927
0.35788512229919434 869 4 11.025190114974976
0.3246886730194092 50 5 1.0554227828979492
0.9349994659423828 3404 6 27.031012535095215
1.000044584274292 3198 7 36.5479257106781
0.3763289451599121 1678 8 23.950664520263672
2.1659762859344482 1462 9 11.683065176010132
0 1188 10 1.258265495300293
0 184 11 3.7617342472076416
0.8904438018798828 821 12 4.925175428390503
1.6872367858886719 803 13 8.969674587249756
0.445314884185791 2044 14 14.148881435394287
0.46446728706359863 2103 15 15.458505630493164
0.254366397857666 851 16 1.9059629440307617
3.621695041656494 6837 17 69.08815312385559
1.6043639183044434 2507 18 9.896738290786743
0 170 19 2.7934303283691406
0 45 20 0.6746501922607422
1.1217107772827148 1761 21 16.06081461906433
0.2547323703765869 332 22 1.5670480728149414
0.3355104923248291 109 23 0.5601935386657715
0.14150094985961914 1331 24 3.2922332286834717
1.022554636001587 190 25 1.8833308219909668
0 90 26 0.560837984085083
0 894 27 1.476728916168213
0 611 28 4.031956195831299
1.4641289710998535 249 29 2.6688950061798096
0 471 30 8.383936166763306
0 580 31 3.447115421295166
0.2658722400665283 724 32 4.8290979862213135
0.26289963722229004 1273 33 10.876598358154297
0.27675843238830566 1170 34 9.8708016872406
0 91 35 1.4247944355010986
0.8782474994659424 148 36 1.187042236328125
0.31060123443603516 1282 37 6.441761016845703
0.041237831115722656 1010 38 1.5916829109191895
0 30 39 0.5614058971405029
0.737619161605835 1696 40 11.515310287475586
0.3260929584503174 1596 41 6.827611923217773
1.7339177131652832 4310 42 39.954888105392456
0.15030169486999512 529 43 0.701765775680542
0 160 44 0.7619180679321289
0.9570400714874268 2 45 0.9647030830383301
1.5122308731079102 186 46 2.5605530738830566
0.4792797565460205 1463 47 5.880282163619995
0.7832615375518799 922 48 5.319876194000244
0.0562436580657959 1061 49 3.401738405227661
0 386 50 3.914992332458496
0 216 51 1.972397804260254
2.3396859169006348 2782 52 22.003620147705078
0 912 53 2.044567823410034
0.9522805213928223 1727 54 17.2956326007843
0 205 55 1.3848843574523926
0.5494463443756104 1863 56 27.636022806167603
7.634554386138916 12649 57 168.5640892982483
4.794146299362183 3121 58 23.488516330718994
0.7730166912078857 415 59 4.280837774276733
0.47264552116394043 1295 60 4.24382209777832
2.0080583095550537 2777 61 22.742939233779907
0 797 62 16.47878360748291
0.36841797828674316 1616 63 14.442301988601685
1.0164375305175781 973 64 9.5761559009552
1.5972013473510742 4206 65 51.33616495132446
1.201035737991333 292 66 5.815982818603516
1.3145031929016113 615 67 8.262805461883545
0.6045024394989014 949 68 10.067601442337036
3.4216065406799316 7846 69 94.27852821350098
0.5289747714996338 1754 70 7.990676403045654
0 306 71 3.885486602783203
1.0760047435760498 1164 72 13.25469183921814
0.6184196472167969 532 73 3.0226287841796875
0.4412996768951416 1833 74 38.4936203956604
0.9914507865905762 2674 75 14.203768014907837
1.5099728107452393 599 76 5.394448757171631
0.261063814163208 150 77 1.2631478309631348
0.6029782295227051 1855 78 11.415865421295166
1.6828463077545166 1909 79 20.916258811950684
