60.0 0 0 60.0
0 766 1 12.838892698287964
0 26 2 0.5819346904754639
0.8251566533420913 2209 3 20.46397829055786
0 1025 4 7.87248969078064
0 106 5 0.8824782371520996
0 473 6 14.411189317703247
0 1920 7 31.6766037940979
0 441 8 15.783789873123169
0 147 9 4.3123619556427
0 32 10 0.835965633392334
0 266 11 5.811382532119751
0 125 12 2.12325382232666
0 674 13 5.068946123123169
0 110 14 4.183455944061279
0 985 15 14.068888664245605
0 544 16 3.7142133712768555
0 1008 17 13.905983686447144
0 274 18 7.12739109992981
0 379 19 8.62485933303833
0 34 20 0.6952741146087646
0 283 21 6.912923812866211
0 313 22 1.5143811702728271
0 31 23 0.5716226100921631
0 127 24 2.1727445125579834
0 62 25 1.2830111980438232
0 45 26 0.8419432640075684
0 93 27 1.7961280345916748
0 511 28 8.810672521591187
0 67 29 1.2262752056121826
0 299 30 8.452261447906494
0 659 31 9.247270822525024
0 115 32 1.3080213069915771
0 903 33 15.7869553565979
0 220 34 4.329519748687744
0 117 35 1.4377336502075195
0 77 36 1.903961420059204
0 304 37 5.516279220581055
0 82 38 1.4985804557800293
0 209 39 1.2109630107879639
2.800794839859009 222 40 6.208231449127197
0 124 41 3.040022611618042
0 621 42 14.48009204864502
0 124 43 0.8826005458831787
0 32 44 0.5716001987457275
0 33 45 0.6548209190368652
0 49 46 1.0481657981872559
0 263 47 5.0501868724823
0 117 48 2.7762036323547363
0 275 49 5.4681360721588135
0 170 50 3.3499438762664795
0 1217 51 12.070875406265259
0 185 52 3.741567373275757
0 70 53 1.3632049560546875
0 482 54 5.955682992935181
0 82 55 1.5233421325683594
0 909 56 13.10986065864563
0 533 57 9.81674575805664
0 229 58 4.398683786392212
0 111 59 1.8511638641357422
0 609 60 7.655066013336182
0 538 61 9.194230079650879
0 367 62 11.508345365524292
0 604 63 7.47422194480896
0 217 64 4.620396614074707
0 299 65 8.163847923278809
0 49 66 0.7068352699279785
0 98 67 2.106905460357666
0 1467 68 9.63154149055481
0 583 69 14.26142930984497
0 437 70 8.189995050430298
0 386 71 4.589386940002441
0 280 72 6.2202160358428955
0 300 73 4.906535387039185
0 1492 74 24.03699254989624
0 902 75 11.818550825119019
0 109 76 1.4772839546203613
0 150 77 1.4145348072052002
0 370 78 4.254128932952881
0 1485 79 5.595815420150757
