46.07985544204712 376 0 60.0
0 388 1 12.87105679512024
0 20 2 0.589848518371582
0 2209 3 20.483193159103394
0 350 4 4.831481695175171
0 80 5 0.6678149700164795
0 747 6 14.219225645065308
0 1725 7 19.12143611907959
0 268 8 9.590349912643433
0 133 9 2.699934959411621
0 24 10 0.6313779354095459
0 239 11 3.6088740825653076
0 83 12 1.4076368808746338
0 419 13 3.147894859313965
0 135 14 2.6260082721710205
0 985 15 14.082407236099243
0 345 16 2.3569889068603516
0 744 17 8.451855182647705
0 168 18 4.382767915725708
0 697 19 5.29425835609436
0 27 20 0.5719528198242188
0 283 21 6.912688255310059
0 210 22 1.016007661819458
0.5679950714111328 0 23 0.5679950714111328
1.404876708984375 0 24 1.404876708984375
0.8756442070007324 0 25 0.8756442070007324
0.6307265758514404 0 26 0.6307265758514404
1.2032060623168945 0 27 1.2032060623168945
5.383450746536255 0 28 5.383450746536255
0.8488941192626953 0 29 0.8488941192626953
5.176411151885986 0 30 5.176411151885986
5.663708925247192 0 31 5.663708925247192
0.8851573467254639 0 32 0.8851573467254639
15.80242133140564 0 33 15.80242133140564
2.7134816646575928 0 34 2.7134816646575928
0.9849224090576172 0 35 0.9849224090576172
1.2487225532531738 0 36 1.2487225532531738
3.4094934463500977 0 37 3.4094934463500977
1.0100383758544922 0 38 1.0100383758544922
6.576169490814209 0 39 6.576169490814209
4.572603464126587 0 40 4.572603464126587
1.9332141876220703 0 41 1.9332141876220703
14.50239872932434 0 42 14.50239872932434
0.6623561382293701 0 43 0.6623561382293701
0.5712301731109619 0 44 0.5712301731109619
0.5671954154968262 0 45 0.5671954154968262
0.7596230506896973 0 46 0.7596230506896973
3.1323022842407227 0 47 3.1323022842407227
1.7724251747131348 0 48 1.7724251747131348
6.57248854637146 0 49 6.57248854637146
2.121342658996582 0 50 2.121342658996582
7.349073171615601 0 51 7.349073171615601
2.364898681640625 0 52 2.364898681640625
0.9406952857971191 0 53 0.9406952857971191
4.92969536781311 0 54 4.92969536781311
1.0499098300933838 0 55 1.0499098300933838
8.624792337417603 0 56 8.624792337417603
9.839025974273682 0 57 9.839025974273682
2.732830047607422 0 58 2.732830047607422
6.5743629932403564 0 59 6.5743629932403564
6.578428268432617 0 60 6.578428268432617
5.623112201690674 0 61 5.623112201690674
11.516529321670532 0 62 11.516529321670532
4.5994439125061035 0 63 4.5994439125061035
2.890042304992676 0 64 2.890042304992676
5.0182600021362305 0 65 5.0182600021362305
0.565000057220459 0 66 0.565000057220459
1.3931934833526611 0 67 1.3931934833526611
5.878532409667969 0 68 5.878532409667969
8.651356935501099 0 69 8.651356935501099
5.036594867706299 0 70 5.036594867706299
2.8674070835113525 0 71 2.8674070835113525
3.8385515213012695 0 72 3.8385515213012695
3.0824403762817383 0 73 3.0824403762817383
24.05665159225464 0 74 24.05665159225464
7.208701848983765 0 75 7.208701848983765
0.9983377456665039 0 76 0.9983377456665039
0.9839568138122559 0 77 0.9839568138122559
2.6674258708953857 0 78 2.6674258708953857
3.4667768478393555 0 79 3.4667768478393555
