47.436443567276 376 0 60.0
0 388 1 12.856231689453125
0 26 2 0.58740234375
1.635822260794484 2209 3 20.472768783569336
0 523 4 5.413271188735962
0 23 5 0.6011290550231934
0 465 6 16.96802806854248
0 263 7 4.43785285949707
0 485 8 10.582381248474121
0 92 9 2.698939323425293
0 41 10 0.5746855735778809
0 64 11 1.5005784034729004
0 623 12 3.0111708641052246
0 275 13 3.794001817703247
3.1304333209991455 29 14 3.9099602699279785
2.9858522415161133 601 15 15.481271505355835
0 60 16 1.7726349830627441
0 1447 17 16.035885334014893
0 105 18 2.9645400047302246
0 68 19 1.8435478210449219
0 50 20 0.5704751014709473
0 1130 21 15.519350290298462
0 49 22 0.9558444023132324
0 31 23 0.5676736831665039
0 111 24 2.727595090866089
0 81 25 1.1427922248840332
0 328 26 1.9045846462249756
0 42 27 0.9643585681915283
0 247 28 4.311853647232056
0 56 29 1.1477739810943604
0 2133 30 17.83685851097107
0 120 31 3.648926258087158
0 50 32 1.0702152252197266
0 1468 33 15.261640787124634
0 1108 34 7.557912826538086
0 38 35 0.6294384002685547
0 78 36 1.6029212474822998
0 472 37 10.719693660736084
0 64 38 1.674628734588623
0 29 39 0.5800256729125977
0 163 40 2.7824184894561768
0 185 41 2.762378692626953
0 482 42 5.991337537765503
0 36 43 0.7077791690826416
0 31 44 0.5806136131286621
0 30 45 0.5906288623809814
0 38 46 0.7056465148925781
0 258 47 4.435442686080933
0 95 48 1.708594799041748
0 153 49 2.3402657508850098
0 84 50 2.0749433040618896
0 63 51 1.2639410495758057
0 146 52 2.4287757873535156
0 29 53 0.5877907276153564
0 2473 54 48.794007778167725
0 63 55 1.273923397064209
0 268 56 4.987427711486816
0 909 57 13.122402906417847
0 142 58 2.7320244312286377
0 73 59 1.2279174327850342
0 374 60 4.709332466125488
0 223 61 5.647493124008179
0 367 62 11.512916326522827
0 521 63 11.059078693389893
0 112 64 1.3406603336334229
0 294 65 5.022816896438599
0 40 66 0.5796372890472412
0 64 67 1.3784685134887695
0 895 68 5.877136468887329
0 547 69 8.671051502227783
0 268 70 5.018375635147095
0 241 71 2.870105504989624
0 275 72 3.836941957473755
0 187 73 3.054266929626465
0 1492 74 24.04201054573059
0 549 75 7.194415092468262
0 73 76 0.9952561855316162
0 102 77 0.9644153118133545
0 231 78 2.658264398574829
0 922 79 3.475128173828125
