33.887043476104736 766 0 60.0
1.5272586345672607 2567 1 53.80731010437012
0 29 2 0.5609314441680908
2.0077731609344482 3704 3 58.113542795181274
1.327510118484497 547 4 6.6941704750061035
0 157 5 0.8598690032958984
0.5614175796508789 1678 6 25.68692421913147
0 461 7 5.84257960319519
0 410 8 8.391568660736084
0.6183059215545654 623 9 2.9590795040130615
0 322 10 0.760941743850708
0 121 11 1.9914891719818115
0 136 12 2.0381417274475098
0.2328815460205078 1150 13 1.2535433769226074
3.64176869392395 2432 14 19.47334599494934
0.7112653255462646 2103 15 15.454552173614502
1.0474843978881836 440 16 3.213179588317871
0.7255592346191406 1953 17 13.702032327651978
1.158825159072876 1344 18 7.485522747039795
2.675071954727173 1388 19 15.256937980651855
0 2832 20 3.1755287647247314
0.4650411605834961 1331 21 11.643919229507446
0.8922367095947266 42 22 1.086162805557251
0 359 23 0.5590989589691162
0 194 24 1.3959307670593262
0.3778550624847412 387 25 0.8175928592681885
0.36919188499450684 228 26 0.8170332908630371
0 87 27 0.6658346652984619
5.455364942550659 315 28 8.665494203567505
0 62 29 1.1046102046966553
1.5239014625549316 455 30 4.22711706161499
0 401 31 6.268050193786621
6.590252637863159 84 32 7.098142385482788
0.3299825191497803 1273 33 10.880088090896606
0.5835421085357666 1516 34 14.224432229995728
0.1001131534576416 1107 35 0.7626819610595703
0.09261870384216309 1010 36 0.9177556037902832
0.6495730876922607 1696 37 10.12951922416687
0 95 38 1.7634031772613525
0 61 39 0.5599923133850098
0.38959765434265137 1170 40 6.948673486709595
0.55057692527771 1137 41 5.185412168502808
2.235483169555664 4310 42 39.956788539886475
0.42834043502807617 85 43 0.6484358310699463
0.18484735488891602 359 44 0.5593905448913574
0.25785064697265625 1032 45 0.5764462947845459
1.3752007484436035 90 46 1.896923542022705
1.000093698501587 1183 47 5.444994926452637
0 206 48 1.8758575916290283
0 250 49 2.5435595512390137
1.9367868900299072 1080 50 8.003692865371704
0.88381028175354 488 51 3.285687208175659
0.6407647132873535 1053 52 4.86844277381897
0 2706 53 3.105624198913574
1.9202544689178467 3596 54 28.58864426612854
0 77 55 1.103677749633789
3.080810785293579 4779 56 47.99371409416199
0.9099977016448975 1863 57 27.63823628425598
2.8983964920043945 1633 58 26.125858783721924
7.977236032485962 516 59 14.284425258636475
9.036176204681396 2190 60 32.2496862411499
2.2905831336975098 3012 61 36.30132174491882
0.8371517658233643 1616 62 14.462580442428589
0 610 63 12.408097982406616
0.3173367977142334 944 64 3.066938638687134
2.034615993499756 3090 65 38.57452654838562
1.3006868362426758 54 66 1.635512351989746
1.2237269878387451 342 67 4.237228631973267
2.3676679134368896 784 68 14.75024938583374
5.363520622253418 5648 69 70.76932287216187
0.8748080730438232 1226 70 6.057660102844238
0.545921802520752 1175 71 12.259774923324585
0.8893430233001709 705 72 4.072573184967041
1.333411693572998 404 73 5.564884424209595
0.8057200908660889 1897 74 25.802875995635986
0.7947180271148682 1553 75 12.693647384643555
3.9391191005706787 226 76 5.5413289070129395
0 176 77 0.9394328594207764
1.0948116779327393 1292 78 8.626550912857056
3.0232579708099365 1263 79 15.752151727676392
