34.30085873603821 1005 0 60.0
2.7171719074249268 4976 1 53.80620312690735
0 1043 2 0.5602400302886963
1.8241446018218994 3704 3 58.10700988769531
1.705833911895752 378 4 5.411193132400513
0 134 5 0.7366578578948975
0.9521815776824951 1678 6 25.68847131729126
0 372 7 4.720775842666626
0 330 8 6.7666943073272705
0.6997792720794678 457 9 2.4152846336364746
0 286 10 0.6769571304321289
0 100 11 1.647904634475708
0 113 12 1.693411111831665
0.3136417865753174 845 13 1.0510327816009521
2.1295723915100098 1364 14 15.627037286758423
0.6991829872131348 1572 15 15.457397937774658
0 1452 16 2.6224899291992188
1.6994743347167969 1403 17 11.021674633026123
1.5414953231811523 957 18 6.044312477111816
3.2019498348236084 998 19 12.250262975692749
0 2312 20 2.591808557510376
0.6286525726318359 1331 21 11.643882751464844
0.9213447570800781 0 22 0.9213447570800781
0 158 23 0.5607743263244629
0 99 24 1.1699535846710205
0 55 25 0.7108516693115234
0 68 26 0.7075421810150146
0.590034008026123 0 27 0.590034008026123
2.99432635307312 391 28 6.985606908798218
0 52 29 0.9378261566162109
0 578 30 3.4320476055145264
0 325 31 5.073967218399048
4.497490406036377 154 32 5.732871055603027
0 896 33 10.877599000930786
0.4977385997772217 1516 34 11.430628061294556
0 60 35 0.6617534160614014
0 54 36 0.7907531261444092
0.8003911972045898 1641 37 8.155443906784058
0 78 38 1.460977554321289
0 61 39 0.5614120960235596
0.27260756492614746 1170 40 5.6061224937438965
0.38387346267700195 936 41 4.197451829910278
3.2740280628204346 4310 42 39.9566330909729
0 44 43 0.5707283020019531
0.16134166717529297 382 44 0.55991530418396
0.3453030586242676 695 45 0.5599722862243652
1.020064115524292 94 46 1.5654735565185547
0.47203922271728516 1372 47 4.40537428855896
0 170 48 1.5508062839508057
0 205 49 2.08579158782959
1.4738843441009521 885 50 6.446550130844116
0.7713589668273926 388 51 2.684086561203003
0.6209461688995361 828 52 3.946506977081299
0 2212 53 2.5390987396240234
1.600167989730835 2044 54 23.46021795272827
0 65 55 0.9343690872192383
2.4790053367614746 3827 56 38.446354150772095
1.0730328559875488 1863 57 27.640101194381714
2.7174460887908936 1282 58 20.95466661453247
9.716813564300537 144 59 11.476800918579102
9.588707685470581 1535 60 25.85570764541626
2.3631646633148193 2367 61 29.09095788002014
0.8194854259490967 1616 62 14.464547157287598
0 490 63 9.976997375488281
0.4290168285369873 712 64 2.502201557159424
2.203617811203003 2427 65 30.904837608337402
0 377 66 1.358260154724121
1.4893066883087158 221 67 3.44085431098938
2.301877498626709 604 68 11.845614433288574
6.709467649459839 4314 69 56.66779088973999
0.8218123912811279 964 70 4.898660182952881
0.5727505683898926 931 71 9.860622882843018
0.9920773506164551 514 72 3.313513994216919
1.2894630432128906 307 73 4.50310754776001
0.8341407775878906 1897 74 25.801546335220337
0.7328355312347412 1423 75 10.201343536376953
4.32802677154541 21 76 4.482278347015381
0 150 77 0.8026959896087646
2.151226758956909 824 78 6.953991651535034
2.7923831939697266 980 79 12.664622068405151
