45.606152296066284 577 0 60.0
0 1005 1 12.84392499923706
0 46 2 0.5884413719177246
0 2209 3 20.45853900909424
0.08180782349352 3420 4 11.673962354660034
0 255 5 1.1785321235656738
0 747 6 14.205015420913696
0 2471 7 40.1909396648407
0 1181 8 16.933200120925903
0 312 9 6.34325647354126
0 106 10 1.1281042098999023
0 570 11 8.593847513198853
0 181 12 3.0672521591186523
0 992 13 7.459780693054199
0 375 14 6.14957070350647
0 1106 15 14.063277959823608
0 798 16 5.449781894683838
0 671 17 20.724602222442627
0 406 18 10.554325580596924
0 564 19 12.819883823394775
0 24 20 0.9168055057525635
0 283 21 6.90172553062439
0 440 22 2.128187894821167
0 19 23 0.5665645599365234
0 125 24 3.123119592666626
0 66 25 1.7908189296722412
0 42 26 1.1419858932495117
0 133 27 2.5640037059783936
0 629 28 13.060959577560425
0 63 29 1.7105424404144287
0 330 30 9.603755950927734
0 980 31 13.742409944534302
0 159 32 1.8138647079467773
0 490 33 15.787843704223633
0 324 34 6.369265556335449
0 166 35 2.0338826179504395
0 110 36 2.7102982997894287
0 250 37 7.903331279754639
0 81 38 2.110057830810547
0 287 39 1.6623947620391846
4.7136688232421875 291 40 9.170882940292358
0 179 41 4.390785217285156
0 371 42 14.497440576553345
0 169 43 1.208364486694336
0 16 44 0.6459434032440186
0 41 45 0.8300473690032959
0 68 46 1.4512007236480713
0 246 47 7.4410247802734375
0 169 48 4.009969472885132
0 405 49 8.049312591552734
0 201 50 4.890427589416504
0 825 51 17.977715730667114
0 240 52 5.477832555770874
0 54 53 1.9171926975250244
0 482 54 5.962142705917358
0 115 55 2.1509501934051514
0 909 56 13.11826205253601
0 378 57 9.8108651638031
0 264 58 6.418192148208618
0 107 59 2.6444294452667236
0 902 60 11.342565298080444
0 425 61 11.043172121047974
0 367 62 11.503339529037476
0 604 63 7.490064859390259
0 319 64 6.790063142776489
0 385 65 10.78896951675415
0 65 66 0.928030252456665
0 141 67 3.0292575359344482
0 2180 68 14.313536882400513
0 798 69 19.792327404022217
0 648 70 12.14387583732605
0 569 71 6.751929998397827
0 414 72 9.20517373085022
0 442 73 7.213662624359131
0 957 74 24.036933183670044
0 537 75 17.605488538742065
0 155 76 2.092841386795044
0 165 77 2.0026588439941406
0 545 78 6.259907484054565
1.0363554062569165 1918 79 8.2646164894104
