35.77689456939697 335 0 60.0
0 376 1 8.346586465835571
0 19 2 0.5613040924072266
0 899 3 16.071725368499756
0 120 4 2.618206024169922
0 30 5 0.5696556568145752
9.930635213851929 778 6 19.57225513458252
27.56320095062256 0 7 27.56320095062256
8.856184005737305 339 8 19.98638391494751
4.313645839691162 0 9 4.313645839691162
1.2553653717041016 0 10 1.2553653717041016
6.134369134902954 0 11 6.134369134902954
6.096242189407349 0 12 6.096242189407349
1.8005549907684326 0 13 1.8005549907684326
8.070179224014282 0 14 8.070179224014282
40.19132900238037 0 15 40.19132900238037
3.6463329792022705 0 16 3.6463329792022705
7.017264127731323 24 17 7.936903715133667
17.211832523345947 0 18 17.211832523345947
5.883127450942993 0 19 5.883127450942993
0.6644773483276367 0 20 0.6644773483276367
33.68572211265564 0 21 33.68572211265564
0.7766754627227783 0 22 0.7766754627227783
0.5660173892974854 0 23 0.5660173892974854
2.6639275550842285 0 24 2.6639275550842285
1.7105941772460938 0 25 1.7105941772460938
0.5933701992034912 0 26 0.5933701992034912
0.9099912643432617 0 27 0.9099912643432617
8.860413074493408 0 28 8.860413074493408
1.3152437210083008 0 29 1.3152437210083008
13.90877366065979 0 30 13.90877366065979
8.21357274055481 0 31 8.21357274055481
2.5884783267974854 0 32 2.5884783267974854
4.324840784072876 95 33 7.959653615951538
7.153045415878296 0 34 7.153045415878296
1.4113752841949463 0 35 1.4113752841949463
1.3819539546966553 0 36 1.3819539546966553
12.424419164657593 0 37 12.424419164657593
1.6501812934875488 0 38 1.6501812934875488
0.5624203681945801 0 39 0.5624203681945801
4.187443733215332 0 40 4.187443733215332
3.1037425994873047 0 41 3.1037425994873047
8.705400466918945 125 42 11.487675905227661
0.5644674301147461 0 43 0.5644674301147461
0.5649278163909912 0 44 0.5649278163909912
0.6615805625915527 0 45 0.6615805625915527
1.9900908470153809 0 46 1.9900908470153809
7.180093765258789 0 47 7.180093765258789
2.7944319248199463 0 48 2.7944319248199463
4.473839521408081 0 49 4.473839521408081
2.9121463298797607 0 50 2.9121463298797607
2.0733020305633545 0 51 2.0733020305633545
8.890566110610962 0 52 8.890566110610962
0.8717536926269531 0 53 0.8717536926269531
9.534003734588623 0 54 9.534003734588623
1.5443840026855469 0 55 1.5443840026855469
10.649120807647705 0 56 10.649120807647705
7.722348213195801 0 57 7.722348213195801
14.358686208724976 0 58 14.358686208724976
0.9653515815734863 0 59 0.9653515815734863
4.783949613571167 0 60 4.783949613571167
11.790019273757935 0 61 11.790019273757935
7.815923452377319 143 62 13.062344074249268
20.43829035758972 0 63 20.43829035758972
2.98718523979187 0 64 2.98718523979187
11.683649778366089 274 65 22.335222959518433
0 41 66 1.31199312210083
7.1990132331848145 0 67 7.1990132331848145
3.773454427719116 0 68 3.773454427719116
37.31208610534668 0 69 37.31208610534668
7.649084091186523 0 70 7.649084091186523
21.090492486953735 0 71 21.090492486953735
4.456432104110718 0 72 4.456432104110718
3.360402822494507 0 73 3.360402822494507
51.51732540130615 0 74 51.51732540130615
8.569415092468262 0 75 8.569415092468262
2.28364634513855 0 76 2.28364634513855
2.222774028778076 0 77 2.222774028778076
11.263667583465576 0 78 11.263667583465576
4.107346296310425 0 79 4.107346296310425
