60.0 0 0 60.0
8.342880487442017 0 1 8.342880487442017
0.5634009838104248 0 2 0.5634009838104248
16.068392515182495 0 3 16.068392515182495
2.0400376319885254 0 4 2.0400376319885254
0.5738480091094971 0 5 0.5738480091094971
19.58041214942932 0 6 19.58041214942932
20.726991653442383 0 7 20.726991653442383
15.054975509643555 0 8 15.054975509643555
3.303986072540283 0 9 3.303986072540283
1.0135130882263184 0 10 1.0135130882263184
4.671656847000122 0 11 4.671656847000122
4.6367316246032715 0 12 4.6367316246032715
1.4141039848327637 0 13 1.4141039848327637
6.121001720428467 0 14 6.121001720428467
40.193429708480835 0 15 40.193429708480835
2.8066565990448 0 16 2.8066565990448
6.015703916549683 0 17 6.015703916549683
12.979817390441895 0 18 12.979817390441895
4.476386547088623 0 19 4.476386547088623
0.5800149440765381 0 20 0.5800149440765381
33.68575835227966 0 21 33.68575835227966
0.6465785503387451 0 22 0.6465785503387451
0.5721685886383057 0 23 0.5721685886383057
2.0810446739196777 0 24 2.0810446739196777
1.3534235954284668 0 25 1.3534235954284668
0.5692968368530273 0 26 0.5692968368530273
0.7509453296661377 0 27 0.7509453296661377
6.707495927810669 0 28 6.707495927810669
1.0573997497558594 0 29 1.0573997497558594
10.49060320854187 0 30 10.49060320854187
6.236933946609497 0 31 6.236933946609497
2.0021932125091553 0 32 2.0021932125091553
7.972336769104004 0 33 7.972336769104004
5.43716835975647 0 34 5.43716835975647
1.1256539821624756 0 35 1.1256539821624756
1.1007959842681885 0 36 1.1007959842681885
9.379228830337524 0 37 9.379228830337524
1.3041150569915771 0 38 1.3041150569915771
0.5608577728271484 0 39 0.5608577728271484
3.1938247680664062 0 40 3.1938247680664062
2.39367413520813 0 41 2.39367413520813
11.490673780441284 0 42 11.490673780441284
0.5580995082855225 0 43 0.5580995082855225
0.5625205039978027 0 44 0.5625205039978027
0.5661482810974121 0 45 0.5661482810974121
1.5553526878356934 0 46 1.5553526878356934
5.458750486373901 0 47 5.458750486373901
2.164158344268799 0 48 2.164158344268799
3.425299882888794 0 49 3.425299882888794
2.241995334625244 0 50 2.241995334625244
1.612220048904419 0 51 1.612220048904419
6.7286317348480225 0 52 6.7286317348480225
0.7181661128997803 0 53 0.7181661128997803
9.54570460319519 0 54 9.54570460319519
1.2074754238128662 0 55 1.2074754238128662
8.712291479110718 0 56 8.712291479110718
7.722206354141235 0 57 7.722206354141235
10.843760967254639 0 58 10.843760967254639
0.7891824245452881 0 59 0.7891824245452881
3.6481447219848633 0 60 3.6481447219848633
8.911087274551392 0 61 8.911087274551392
13.018469333648682 1 62 13.046553611755371
15.392794132232666 0 63 15.392794132232666
2.302985429763794 0 64 2.302985429763794
16.811643362045288 0 65 16.811643362045288
1.0497522354125977 0 66 1.0497522354125977
5.462946176528931 0 67 5.462946176528931
2.88681697845459 0 68 2.88681697845459
28.048511266708374 0 69 28.048511266708374
5.794018268585205 0 70 5.794018268585205
15.887812614440918 0 71 15.887812614440918
3.4088997840881348 0 72 3.4088997840881348
2.5857491493225098 0 73 2.5857491493225098
51.513816595077515 0 74 51.513816595077515
6.500972032546997 0 75 6.500972032546997
1.7859725952148438 0 76 1.7859725952148438
1.7239127159118652 0 77 1.7239127159118652
8.499443292617798 0 78 8.499443292617798
3.1381072998046875 0 79 3.1381072998046875
