46.01454257965088 577 0 60.0
0 1005 1 12.843008041381836
0 137 2 0.580841064453125
0.24201115497186265 3198 3 46.40732955932617
0 1528 4 5.886131286621094
0 28 5 0.5816235542297363
0 1119 6 18.708865880966187
0 484 7 6.77956485748291
0 268 8 9.59041953086853
0 321 9 3.5068564414978027
0 33 10 0.5712172985076904
0 69 11 1.9636070728302002
0 275 12 2.93479323387146
0 36 13 0.8438377380371094
0 490 14 4.8760597705841064
0 1130 15 15.510945558547974
0 1057 16 6.123507022857666
0 180 17 3.280374050140381
0 294 18 5.661911487579346
0 126 19 2.5889713764190674
0 29 20 0.569990873336792
0 1092 21 15.696520328521729
0 62 22 0.8760008811950684
0 43 23 0.578209400177002
6.031670183767204 1335 24 9.702029705047607
0 184 25 1.25655198097229
0 27 26 0.5798132419586182
2.242300271987915 0 27 2.242300271987915
0.9271543025970459 227 28 5.90520977973938
0 54 29 1.118375301361084
0 1145 30 8.146708488464355
0 256 31 5.10217547416687
0 453 32 3.403341770172119
0 468 33 7.949731349945068
0 1338 34 12.945629835128784
0 585 35 2.3629236221313477
0 92 36 1.3823983669281006
0 237 37 6.173464775085449
0 55 38 1.015779972076416
0 21 39 0.5854110717773438
0 239 40 4.391921281814575
0 109 41 1.861767292022705
0 482 42 5.961524486541748
0 31 43 0.5681087970733643
0 39 44 0.5719616413116455
0 31 45 0.5720539093017578
0 28 46 0.6884229183197021
0 292 47 5.57558536529541
0 76 48 1.5137248039245605
0 554 49 2.867722749710083
1.241365671157837 85 50 2.2613472938537598
1.1183221340179443 42 51 1.7903003692626953
0.7053351402282715 120 52 2.356292963027954
0 52 53 0.599132776260376
1.3238592147827148 848 54 16.780664205551147
0 212 55 3.2888343334198
0 1884 56 21.080744743347168
0 897 57 17.708720922470093
0 231 58 4.298017263412476
0 99 59 0.9504926204681396
0 115 60 1.3053679466247559
0.7993233477154149 4394 61 29.713886737823486
0 951 62 11.567650318145752
0 1155 63 18.84128737449646
0 149 64 1.9946281909942627
0 3362 65 23.32660412788391
0 44 66 0.6751346588134766
0 95 67 1.314502239227295
0 290 68 3.0166828632354736
0 573 69 6.375420570373535
0 1199 70 5.792122840881348
0 222 71 3.628310203552246
0 137 72 2.5559332370758057
0 71 73 1.6083545684814453
0 1575 74 39.96918296813965
0 169 75 3.430570125579834
0 115 76 1.598632574081421
0 35 77 0.5684237480163574
0 213 78 2.6584293842315674
0 2852 79 11.41152286529541
