45.55077528953552 376 0 60.0
0 388 1 12.900602579116821
0 21 2 0.6138594150543213
0 2209 3 20.48748254776001
0 426 4 8.862390279769897
0 55 5 0.590336799621582
0 1181 6 17.027099132537842
0 423 7 7.14609694480896
0 1119 8 17.46317744255066
0 213 9 4.317284107208252
0 44 10 0.6258227825164795
0 96 11 2.267080783843994
0 991 12 4.789376735687256
0 800 13 6.149548292160034
0 533 14 6.266515254974365
0 1245 15 15.370558261871338
0 149 16 2.7787492275238037
3.093305446246518 3871 17 26.547175407409668
0 472 18 4.723850727081299
0 217 19 2.8863959312438965
0 52 20 0.5937330722808838
0 1130 21 15.516708850860596
0 181 22 1.3713815212249756
0 31 23 0.5772495269775391
0 178 24 4.371236085891724
0 124 25 1.739438772201538
0 515 26 2.9883224964141846
0 62 27 1.4334092140197754
0 250 28 7.007715940475464
0 46 29 1.7021758556365967
0 2133 30 29.55425000190735
0 309 31 5.919595241546631
0 76 32 1.6185250282287598
0 1468 33 15.271801471710205
0 1696 34 12.406587362289429
0 52 35 0.8592879772186279
0 120 36 2.464723587036133
0 778 37 17.66967797279358
0 99 38 2.5763251781463623
0 331 39 6.5794837474823
1.738386631011963 117 40 4.621343374252319
2.258167266845703 56 41 3.3706047534942627
1.0157966613769531 389 42 10.253464698791504
0 25 43 0.6104843616485596
0 153 44 1.5184612274169922
0 36 45 0.7317955493927002
0 50 46 0.9438962936401367
0 427 47 6.033322334289551
0 149 48 2.875336170196533
0 208 49 5.143827438354492
0 949 50 11.929094314575195
0 95 51 2.4248270988464355
0 141 52 4.327815055847168
0 66 53 1.4092707633972168
0 604 54 7.50118613243103
0 76 55 2.0889296531677246
0 453 56 6.74268364906311
0 624 57 13.649622201919556
0 2441 58 16.022667407989502
0 100 59 2.4447529315948486
0 266 60 4.984938859939575
0 811 61 9.62529468536377
0 975 62 21.943302869796753
0 1394 63 31.233032703399658
0 243 64 6.032873868942261
0 492 65 16.133857011795044
0 65 66 0.8869898319244385
0 418 67 5.052197694778442
0 200 68 2.301813840866089
0 2034 69 11.184221506118774
0 878 70 9.352357149124146
0 344 71 6.694817304611206
0 245 72 4.050929307937622
0 94 73 2.4862730503082275
2.6270215731718736 3362 74 51.52337837219238
0 759 75 7.8649046421051025
0 93 76 1.3618438243865967
0 35 77 0.8464622497558594
0 221 78 5.467321157455444
0 326 79 5.679762363433838
