34.06712794303894 766 0 60.0
2.858988046646118 6516 1 165.49888372421265
0.5596578121185303 0 2 0.5596578121185303
0 579 3 12.879353046417236
0.7892193794250488 417 4 6.239772319793701
0.3893895149230957 24 5 0.6251640319824219
0.5521190166473389 1678 6 25.686078310012817
2.657226085662842 2087 7 28.63910937309265
1.417846918106079 2513 8 15.226205348968506
0 90 9 1.8457176685333252
0 553 10 1.1674985885620117
6.420799732208252 447 11 9.333853483200073
1.2390131950378418 377 12 3.7438321113586426
0 82 13 1.2243754863739014
0 159 14 2.6119565963745117
0.24346160888671875 1150 15 9.414926290512085
2.615203380584717 313 16 4.566856145858765
0.7812609672546387 1655 17 8.91442608833313
5.036328315734863 2629 18 30.206810235977173
0.547748327255249 754 19 3.3804452419281006
0 232 20 0.7120850086212158
0 745 21 9.717175483703613
0.6550257205963135 38 22 0.7989046573638916
0.22160649299621582 299 23 0.5611233711242676
0.38873982429504395 871 24 3.8230912685394287
0 78 25 0.5622904300689697
0.2899479866027832 158 26 0.6031889915466309
0.3281407356262207 337 27 0.9887161254882812
0 382 28 2.521989583969116
0 52 29 0.9422018527984619
0.7838153839111328 2078 30 10.163929462432861
0.8604977130889893 1383 31 9.575883150100708
1.4795961380004883 129 32 2.105962038040161
0.9179065227508545 1273 33 10.883912801742554
0.24399495124816895 1170 34 6.024650573730469
0 61 35 0.95965576171875
0.6463074684143066 83 36 0.7879912853240967
0 462 37 2.7431349754333496
0.5328302383422852 352 38 1.9676611423492432
0.5536396503448486 1 39 0.5596792697906494
0 307 40 3.3348748683929443
0 125 41 2.2709150314331055
0 669 42 12.67297649383545
0.27777099609375 272 43 0.5610582828521729
0 118 44 0.5630214214324951
0 46 45 0.6034398078918457
0.3751513957977295 254 46 1.1020007133483887
0.49158525466918945 1058 47 5.696728706359863
2.7368719577789307 391 48 6.219301223754883
0 198 49 2.1523547172546387
6.800277948379517 908 50 14.99802279472351
2.8414673805236816 74 51 3.2847366333007812
0 181 52 2.199934720993042
0.9171257019042969 59 53 1.330796718597412
0 497 54 7.299833059310913
0 65 55 0.9354724884033203
1.1763529777526855 1863 56 18.03976535797119
4.0543212890625 12649 57 168.5661849975586
4.124175786972046 932 58 14.197745084762573
1.894169807434082 92 59 2.671255350112915
2.0477888584136963 637 60 9.243173122406006
0.7343621253967285 1387 61 7.930959939956665
1.293294906616211 2777 62 27.40831232070923
0 490 63 9.978015184402466
0.45443224906921387 581 64 2.325993061065674
1.4451513290405273 1830 65 17.546505212783813
1.5259346961975098 126 66 3.0180227756500244
1.5397799015045166 350 67 7.06963586807251
1.2310073375701904 492 68 6.142226219177246
4.4930524826049805 4505 69 56.66593551635742
0.4958367347717285 1041 70 4.8987061977386475
1.099745750427246 960 71 11.1459219455719
0.5228068828582764 617 72 3.307114362716675
0.5399856567382812 342 73 3.688174247741699
1.5779213905334473 3757 74 25.805397748947144
2.9335970878601074 1547 75 12.96379041671753
0.4405815601348877 335 76 2.670579671859741
0 156 77 0.7407217025756836
0.9006354808807373 1052 78 7.847524881362915
1.929823637008667 1064 79 12.650842428207397
