0 465 1 6.371750116348267
0 620 2 8.388629913330078
0 253 3 5.426709890365601
0 423 4 8.879780054092407
0 83 5 2.475720167160034
0 572 6 8.545859813690186
0 2320 7 43.97785997390747
0 209 8 2.9516000747680664
0 140 9 2.828660011291504
0 328 10 6.476599931716919
0 1534 11 6.608540058135986
0 448 12 8.581459999084473
0 634 13 3.68887996673584
0 166 14 4.031130075454712
0 115 15 1.7464399337768555
0 228 16 4.8215601444244385
0 346 17 5.068509817123413
0 438 18 4.038130044937134
0 279 19 5.608150005340576
0 1672 20 14.179190158843994
0 181 21 3.0938799381256104
0 943 22 9.435539960861206
0 1450 23 26.088599920272827
0 460 24 7.113729953765869
0 1243 25 3.383730173110962
0 456 26 7.0452799797058105
0 249 27 3.5758299827575684
0 94 28 2.0051798820495605
0 1579 29 15.125060081481934
0 184 30 2.6008200645446777
0 752 31 10.454489946365356
0 104 32 2.9698400497436523
0 743 33 12.45403003692627
0 0 34 1.2978298664093018
0 768 35 13.460510015487671
0 712 36 4.696900129318237
0 460 37 3.743269920349121
0 993 38 8.009510040283203
0.23404145240783691 1426 39 4.478649854660034
6.271640062332153 0 40 6.271640062332153
0 415 41 7.935400009155273
0 105 42 1.9514200687408447
0 467 43 5.194360017776489
