33.62350821495056 388 0 60.0
1.7021758556365967 366 1 9.728559494018555
0 177 2 0.6827459335327148
0 579 3 12.884891986846924
0 266 4 4.672601938247681
0.041941165924072266 1037 5 0.6555004119873047
2.883164405822754 2209 6 20.463849306106567
0 798 7 19.781609296798706
0 486 8 9.251124620437622
0 192 9 3.2445502281188965
0 38 10 0.7301123142242432
0.7373137474060059 1227 11 7.167747497558594
3.3237509727478027 1120 12 18.416901111602783
0 93 13 2.003448963165283
0 324 14 6.886401176452637
0 396 15 7.9494500160217285
0 140 16 3.1437628269195557
0 920 17 19.32147526741028
0 220 18 5.947190046310425
0 337 19 7.780259132385254
1.7357861995697021 83 20 2.4756369590759277
0 785 21 15.20686674118042
2.7252323627471924 191 22 5.444422245025635
0 27 23 0.5658652782440186
0 124 24 2.918522596359253
0 131 25 2.529783248901367
0 51 26 1.1608846187591553
0.3359718322753906 1097 27 3.6052639484405518
4.213690280914307 2932 28 51.40156888961792
1.68226957321167 602 29 6.585258960723877
0.2716083526611328 1115 30 17.293541193008423
0 519 31 17.01325011253357
0 97 32 2.8553109169006348
0 725 33 15.344560623168945
0 833 34 16.17200493812561
0 93 35 1.4250757694244385
0 63 36 1.6288557052612305
0 569 37 8.531565189361572
0 166 38 2.8398263454437256
0 18 39 0.5656778812408447
0 540 40 6.133700847625732
0 197 41 5.285310506820679
0 980 42 19.105552911758423
0 311 43 2.3374173641204834
0 26 44 0.5652070045471191
0 41 45 0.8307054042816162
0 87 46 1.035125732421875
0 381 47 10.463203191757202
0 102 48 3.1271719932556152
0.43706774711608887 1133 49 18.286890506744385
0 435 50 9.437906980514526
0.49539899826049805 1221 51 5.5612101554870605
0 415 52 11.172717332839966
0 43 53 0.8617649078369141
0 496 54 13.039544343948364
2.3835501670837402 897 55 13.713445663452148
0 425 56 12.152512073516846
0 888 57 15.71409797668457
1.6284477710723877 1737 58 21.409076929092407
0 157 59 4.049077987670898
0 158 60 4.33423924446106
0 506 61 11.483497858047485
0.20910906791687012 1069 62 25.634373426437378
0 942 63 19.222941398620605
1.8480863571166992 1333 64 14.772720575332642
0 1008 65 20.993335485458374
0 41 66 1.073625087738037
0 81 67 2.471562147140503
0 375 68 3.5926597118377686
0 499 69 17.27063822746277
0.5590100288391113 1130 70 10.176660776138306
0 237 71 5.283829212188721
0 405 72 10.048969745635986
0 178 73 3.6044862270355225
0 788 74 11.591529607772827
0 306 75 9.187094449996948
0 187 76 3.79949688911438
0 36 77 1.01259183883667
0 299 78 8.977253913879395
4.813685655593872 2042 79 28.768351316452026
