46.77542161941528 376 0 60.0
0 388 1 12.8401038646698
0 136 2 0.5775957107543945
1.0633048314611386 2389 3 46.40013408660889
0 149 4 2.2538273334503174
0 50 5 0.5738298892974854
0 985 6 14.062098741531372
0 1031 7 7.3405821323394775
0 486 8 10.583403587341309
0 70 9 2.539811372756958
0 102 10 0.7734766006469727
0 109 11 1.8456356525421143
0 66 12 1.7772629261016846
0 98 13 1.8885338306427002
10.889763593673706 0 14 10.889763593673706
6.4702348709106445 159 15 10.251925706863403
1.1001968383789062 0 16 1.1001968383789062
2.4162163734436035 33 17 3.2836849689483643
5.535929441452026 162 18 9.832963943481445
2.890139102935791 28 19 3.643383741378784
1.5831472873687744 0 20 1.5831472873687744
3.393436908721924 433 21 14.629761457443237
1.8723094463348389 0 22 1.8723094463348389
0.5669345855712891 0 23 0.5669345855712891
2.1295888423919678 0 24 2.1295888423919678
1.3552069664001465 0 25 1.3552069664001465
0.6108798980712891 0 26 0.6108798980712891
0.6490747928619385 0 27 0.6490747928619385
5.383691072463989 0 28 5.383691072463989
1.4777977466583252 0 29 1.4777977466583252
7.9202611446380615 18 30 8.375151634216309
5.671473264694214 0 31 5.671473264694214
0.9600577354431152 0 32 0.9600577354431152
5.526879549026489 516 33 14.04599142074585
0 275 34 7.781568288803101
0 43 35 0.9642846584320068
0 76 36 1.4305720329284668
0 1197 37 8.166095972061157
0 54 38 1.071521282196045
0 110 39 0.5699512958526611
0 156 40 3.3160414695739746
0 618 41 13.484107971191406
4.286333431078333 2492 42 40.11920428276062
0 28 43 0.6908740997314453
0 23 44 0.570683479309082
0 30 45 0.5716867446899414
0 58 46 0.8001160621643066
0 83 47 2.154794454574585
0 84 48 2.1844491958618164
0 229 49 6.202260255813599
0 129 50 4.538684606552124
0 72 51 1.166078805923462
0 128 52 1.5190811157226562
0 53 53 0.6141047477722168
0 451 54 8.07919979095459
0 139 55 2.358128547668457
0 297 56 5.452023029327393
0 1501 57 32.26807689666748
0 226 58 4.403316497802734
0 100 59 0.9678335189819336
0 106 60 1.5404181480407715
0 2287 61 26.17662286758423
0 1284 62 12.325034379959106
0 593 63 7.044088840484619
0 159 64 3.2729012966156006
0 331 65 3.938339948654175
0 596 66 2.2981960773468018
0 78 67 1.5520555973052979
0 51 68 1.1996688842773438
0 377 69 9.30997610092163
0 647 70 10.595214605331421
0 212 71 4.12488317489624
0 779 72 3.765507936477661
0 96 73 2.398283004760742
0 473 74 5.280965566635132
0 2728 75 19.992222785949707
0 120 76 1.4743437767028809
0 29 77 0.569382905960083
0 270 78 3.822070360183716
0 375 79 6.565520286560059
