50.880770206451416 281 0 60.0
0 376 1 8.352357387542725
0 141 2 0.5993461608886719
0 1507 3 46.41786575317383
0 170 4 3.7208542823791504
0 28 5 0.5819809436798096
0 985 6 14.079055309295654
0 489 7 14.321821212768555
0 719 8 15.753190517425537
0 96 9 2.811877489089966
0 155 10 1.4369394779205322
0 150 11 4.586304187774658
3.459993600845337 0 12 3.459993600845337
1.2297308444976807 0 13 1.2297308444976807
3.2208144664764404 154 14 8.761770963668823
0 434 15 11.974501132965088
0 63 16 1.565664291381836
0 140 17 5.310434103012085
0 754 18 16.22185730934143
0 337 19 6.480888843536377
0 26 20 0.7175519466400146
0 633 21 17.279704332351685
0 36 22 0.8650243282318115
0 23 23 0.5861015319824219
0 273 24 5.128779411315918
0 60 25 1.01576566696167
0 57 26 0.9493279457092285
0 398 27 2.9939613342285156
0 122 28 4.6329145431518555
0 263 29 2.8105900287628174
0 517 30 7.513826608657837
0 236 31 4.295056104660034
0 108 32 2.659466505050659
0 2492 33 40.1393027305603
0 671 34 12.795716285705566
0 242 35 1.2529337406158447
0 93 36 1.287513256072998
8.331916406433947 4690 37 40.813326835632324
0 625 38 5.85966944694519
0 26 39 0.5986173152923584
0 1690 40 11.531982421875
0 112 41 2.883042812347412
0 1115 42 17.301138162612915
0 31 43 0.808781623840332
0 33 44 0.6456863880157471
0 39 45 0.701524019241333
0 160 46 1.169710636138916
0 201 47 4.001323699951172
0 144 48 1.7030348777770996
0 280 49 3.216247797012329
0 782 50 12.126527786254883
0 1384 51 12.08081340789795
0 265 52 6.408360242843628
0 44 53 0.8099431991577148
0 1106 54 20.442163705825806
0 97 55 1.580334186553955
0 461 56 8.967430353164673
0 1501 57 32.27799582481384
0 306 58 7.149903059005737
0 149 59 1.4369728565216064
0 1345 60 13.71554446220398
0 1284 61 10.257016897201538
0 951 62 11.555907964706421
0 1008 63 20.963290691375732
0 188 64 2.2441110610961914
0.42636168474950864 3653 65 37.94977831840515
0 67 66 1.3464603424072266
0 51 67 1.2028162479400635
0 212 68 5.2273173332214355
2.593304610144287 1575 69 28.700772285461426
0 389 70 7.5608038902282715
0 1745 71 8.427442073822021
0 275 72 6.837792634963989
0 102 73 1.0880985260009766
11.007340679475874 2900 74 60.51419544219971
0 704 75 8.598544120788574
0 88 76 1.6976230144500732
0 49 77 0.6971538066864014
0 437 78 7.656404256820679
0 113 79 3.0529489517211914
