60.0 0 0 60.0
0 376 1 8.347713232040405
0 20 2 0.5702316761016846
0 899 3 16.066808462142944
0 173 4 3.7802858352661133
0.2061939239501953 1037 5 0.6561927795410156
4.582613468170166 2209 6 20.459962368011475
0 920 7 19.571913719177246
3.0081310272216797 1714 8 34.96552848815918
0 200 9 6.567763090133667
6.568052768707275 0 10 6.568052768707275
6.569217681884766 0 11 6.569217681884766
6.573873281478882 0 12 6.573873281478882
6.570875644683838 0 13 6.570875644683838
6.567206144332886 0 14 6.567206144332886
6.56713080406189 0 15 6.56713080406189
6.5669050216674805 0 16 6.5669050216674805
6.566991806030273 0 17 6.566991806030273
6.563464641571045 0 18 6.563464641571045
6.567744493484497 0 19 6.567744493484497
6.569530487060547 0 20 6.569530487060547
6.571572780609131 0 21 6.571572780609131
6.564743280410767 0 22 6.564743280410767
6.567267179489136 0 23 6.567267179489136
6.569096326828003 0 24 6.569096326828003
6.568109750747681 0 25 6.568109750747681
6.567656993865967 0 26 6.567656993865967
6.566389560699463 0 27 6.566389560699463
6.995433568954468 0 28 6.995433568954468
6.567659378051758 0 29 6.567659378051758
6.570808172225952 0 30 6.570808172225952
6.5643768310546875 0 31 6.5643768310546875
6.566852569580078 0 32 6.566852569580078
6.565298318862915 0 33 6.565298318862915
6.569005966186523 0 34 6.569005966186523
6.565613508224487 0 35 6.565613508224487
6.5690529346466064 0 36 6.5690529346466064
6.566515684127808 0 37 6.566515684127808
4.542839288711548 0 38 4.542839288711548
6.578688383102417 0 39 6.578688383102417
6.566111087799072 0 40 6.566111087799072
6.564126014709473 0 41 6.564126014709473
6.566809177398682 0 42 6.566809177398682
6.566372632980347 0 43 6.566372632980347
6.568142890930176 0 44 6.568142890930176
6.56589150428772 0 45 6.56589150428772
6.563519239425659 0 46 6.563519239425659
6.562874794006348 0 47 6.562874794006348
6.052336692810059 0 48 6.052336692810059
6.56461501121521 0 49 6.56461501121521
6.566951036453247 0 50 6.566951036453247
6.566695213317871 0 51 6.566695213317871
6.563837289810181 0 52 6.563837289810181
6.567135572433472 0 53 6.567135572433472
6.566893577575684 0 54 6.566893577575684
6.564329624176025 0 55 6.564329624176025
6.56736159324646 0 56 6.56736159324646
6.564659118652344 0 57 6.564659118652344
21.40479063987732 0 58 21.40479063987732
6.570443391799927 0 59 6.570443391799927
6.564080476760864 0 60 6.564080476760864
6.566696882247925 0 61 6.566696882247925
6.564892768859863 0 62 6.564892768859863
6.570658922195435 0 63 6.570658922195435
6.566196441650391 0 64 6.566196441650391
6.566718816757202 0 65 6.566718816757202
6.566198110580444 0 66 6.566198110580444
6.565579891204834 0 67 6.565579891204834
21.04778742790222 0 68 21.04778742790222
6.5727057456970215 0 69 6.5727057456970215
6.56876802444458 0 70 6.56876802444458
6.580467700958252 0 71 6.580467700958252
6.565026760101318 0 72 6.565026760101318
6.564542531967163 0 73 6.564542531967163
6.569651365280151 0 74 6.569651365280151
6.567188501358032 0 75 6.567188501358032
6.566832542419434 0 76 6.566832542419434
6.565808534622192 0 77 6.565808534622192
10.823737621307373 0 78 10.823737621307373
6.569313049316406 0 79 6.569313049316406
