50.922821044921875 280 0 60.0
1.0263416767120361 343 1 8.395781517028809
0 141 2 0.5987553596496582
8.758905172348022 1231 3 46.41590619087219
2.1913578510284424 29 4 2.8386929035186768
0.5795280933380127 0 5 0.5795280933380127
3.885679006576538 729 6 14.091490268707275
0 368 7 10.795212268829346
0 543 8 11.8881196975708
0 74 9 2.1823391914367676
0 122 10 1.1268293857574463
0 115 11 3.520951747894287
0 373 12 2.6568334102630615
0.9917750358581543 0 13 0.9917750358581543
6.655121803283691 0 14 6.655121803283691
4.38154935836792 282 15 11.990914821624756
0 50 16 1.2611265182495117
0 155 17 4.043265342712402
0 569 18 12.235213994979858
0 256 19 4.9234299659729
0 23 20 0.6254425048828125
0 499 21 17.28510308265686
0 30 22 0.7314937114715576
0 24 23 0.5987381935119629
0 209 24 3.9204931259155273
0 49 25 0.8368911743164062
0 48 26 0.7957959175109863
0 307 27 2.306410312652588
1.6273581981658936 50 28 3.5431010723114014
2.186786413192749 0 29 2.186786413192749
2.0498335361480713 252 30 5.706408262252808
0 107 31 3.292923927307129
0 84 32 2.062368154525757
0 2492 33 40.13158059120178
0 341 34 9.650449514389038
0 200 35 1.0383448600769043
0 75 36 1.0360844135284424
3.908715338338709 4690 37 30.716456651687622
0 475 38 4.457277297973633
0 47 39 0.5837118625640869
0 1276 40 8.710341930389404
0 125 41 2.221363067626953
0 1115 42 17.304256439208984
0 25 43 0.6646115779876709
0 30 44 0.5927705764770508
0 24 45 0.6157979965209961
0 39 46 0.9566810131072998
0 155 47 3.080373525619507
0 116 48 1.3776569366455078
0 215 49 2.4717280864715576
0 592 50 9.173016786575317
0 919 51 9.11924934387207
0 448 52 4.897324800491333
0 36 53 0.6598281860351562
0 1106 54 20.43580389022827
0 77 55 1.2501940727233887
0 504 56 7.330908536911011
0 1884 57 32.266584634780884
0 280 58 5.446155786514282
0 118 59 1.1318018436431885
0 1015 60 10.356753826141357
0 1038 61 7.762638807296753
0 951 62 11.565644264221191
0 511 63 15.788610935211182
0 147 64 1.7480764389038086
2.687320833156491 3653 65 28.511687755584717
0 52 66 1.037250280380249
0 41 67 0.9603762626647949
0 161 68 3.9794092178344727
0 1320 69 21.60618495941162
0 296 70 5.7454798221588135
0 1319 71 6.373424530029297
0 207 72 5.15098237991333
0 79 73 0.8448643684387207
0 2599 74 60.52280402183533
0 879 75 6.520461082458496
0 44 76 1.3471174240112305
0 41 77 0.5842278003692627
0 331 78 5.805741548538208
0 87 79 2.3719961643218994
