60.0 0 0 60.0
6.564184188842773 0 1 6.564184188842773
6.5647361278533936 0 2 6.5647361278533936
6.56726861000061 0 3 6.56726861000061
6.567460060119629 0 4 6.567460060119629
6.566084623336792 0 5 6.566084623336792
6.5648033618927 0 6 6.5648033618927
11.938880205154419 0 7 11.938880205154419
17.164456129074097 0 8 17.164456129074097
6.563814401626587 0 9 6.563814401626587
6.568674325942993 0 10 6.568674325942993
6.568310499191284 0 11 6.568310499191284
6.568378686904907 0 12 6.568378686904907
6.56701397895813 0 13 6.56701397895813
6.564830780029297 0 14 6.564830780029297
6.565495252609253 0 15 6.565495252609253
6.569798469543457 0 16 6.569798469543457
19.928845643997192 0 17 19.928845643997192
2.821969747543335 0 18 2.821969747543335
6.570202350616455 0 19 6.570202350616455
6.566249370574951 0 20 6.566249370574951
6.56892991065979 0 21 6.56892991065979
6.564576864242554 0 22 6.564576864242554
6.566619873046875 0 23 6.566619873046875
6.571202516555786 0 24 6.571202516555786
6.564329147338867 0 25 6.564329147338867
6.565646409988403 0 26 6.565646409988403
2.564735174179077 0 27 2.564735174179077
3.323549747467041 0 28 3.323549747467041
6.565760135650635 0 29 6.565760135650635
6.5645341873168945 0 30 6.5645341873168945
6.567230463027954 0 31 6.567230463027954
6.57401967048645 0 32 6.57401967048645
6.5669591426849365 0 33 6.5669591426849365
6.564218521118164 0 34 6.564218521118164
6.565582752227783 0 35 6.565582752227783
6.586171388626099 0 36 6.586171388626099
11.960217714309692 0 37 11.960217714309692
7.545449256896973 0 38 7.545449256896973
6.565240144729614 0 39 6.565240144729614
6.566863298416138 0 40 6.566863298416138
6.565216064453125 0 41 6.565216064453125
6.570169687271118 0 42 6.570169687271118
6.566190719604492 0 43 6.566190719604492
6.567728281021118 0 44 6.567728281021118
6.567403793334961 0 45 6.567403793334961
6.565869092941284 0 46 6.565869092941284
6.701846122741699 0 47 6.701846122741699
2.873931407928467 0 48 2.873931407928467
6.563892364501953 0 49 6.563892364501953
6.56834077835083 0 50 6.56834077835083
6.563932657241821 0 51 6.563932657241821
6.563370943069458 0 52 6.563370943069458
6.567183017730713 0 53 6.567183017730713
6.571871042251587 0 54 6.571871042251587
6.564617156982422 0 55 6.564617156982422
6.568448066711426 0 56 6.568448066711426
14.29397702217102 0 57 14.29397702217102
17.826160430908203 0 58 17.826160430908203
6.5689377784729 0 59 6.5689377784729
6.569483518600464 0 60 6.569483518600464
6.566192150115967 0 61 6.566192150115967
6.563596487045288 0 62 6.563596487045288
6.5655272006988525 0 63 6.5655272006988525
6.567497730255127 0 64 6.567497730255127
6.566389322280884 0 65 6.566389322280884
6.567531108856201 0 66 6.567531108856201
2.5660359859466553 0 67 2.5660359859466553
6.238734483718872 0 68 6.238734483718872
6.565754175186157 0 69 6.565754175186157
6.566566705703735 0 70 6.566566705703735
6.56477689743042 0 71 6.56477689743042
6.564239263534546 0 72 6.564239263534546
6.567351341247559 0 73 6.567351341247559
6.5676658153533936 0 74 6.5676658153533936
6.568029403686523 0 75 6.568029403686523
6.565830230712891 0 76 6.565830230712891
2.5619778633117676 0 77 2.5619778633117676
16.24897336959839 0 78 16.24897336959839
6.567672491073608 0 79 6.567672491073608
