34.502177715301514 335 0 60.0
1.8781092166900635 301 1 8.347838401794434
0 19 2 0.5622100830078125
7.7946624755859375 470 3 16.060070276260376
0 173 4 3.7809877395629883
0.6569786071777344 0 5 0.6569786071777344
7.767395496368408 563 6 19.571834087371826
11.01195478439331 1184 7 34.962737798690796
0 608 8 18.08959937095642
0 228 9 7.482353210449219
0 40 10 0.9931449890136719
6.829635858535767 1180 11 18.27542018890381
0 329 12 12.94961428642273
1.9571478366851807 1097 13 6.159623622894287
0 279 14 8.435286283493042
9.90653109550476 454 15 15.571624994277954
8.730624198913574 34 16 9.830663681030273
7.694439649581909 581 17 18.865297317504883
0 233 18 8.595056772232056
0 454 19 16.47512722015381
0 37 20 1.3871681690216064
8.543756008148193 2133 21 33.680641651153564
0 70 22 1.1965126991271973
0 40 23 0.5623493194580078
6.628417015075684 17 24 6.968881130218506
1.389582872390747 0 25 1.389582872390747
0.9338994026184082 0 26 0.9338994026184082
1.0742297172546387 0 27 1.0742297172546387
2.327177047729492 173 28 7.001890182495117
3.0175468921661377 0 29 3.0175468921661377
1.9504213333129883 158 30 7.948870897293091
4.916542053222656 418 31 12.579020023345947
0 107 32 2.2792067527770996
0 398 33 15.460471153259277
0 408 34 14.50195574760437
0 82 35 1.5179085731506348
0 138 36 2.6336941719055176
0 385 37 10.787702083587646
1.0806570053100586 1221 38 4.545257329940796
0 16 39 0.5624392032623291
0 519 40 7.535953998565674
0 351 41 3.9829790592193604
0 250 42 7.903810739517212
0 43 43 0.964231014251709
0 47 44 0.559281587600708
0 31 45 0.7694740295410156
0 63 46 1.3732292652130127
0 612 47 10.637834548950195
0 188 48 2.6944127082824707
0 282 49 9.917951822280884
0 422 50 6.454757213592529
0 122 51 3.9659817218780518
4.304101228713989 1525 52 13.198908567428589
0 41 53 1.1133358478546143
0 491 54 9.879668235778809
0 115 55 2.151918649673462
0 426 56 10.64612340927124
0 577 57 7.715082406997681
0.48676204681396484 1084 58 21.409744262695312
0 51 59 1.3234384059906006
0 199 60 7.028394937515259
1.3358237743377686 1172 61 14.17852783203125
0 349 62 13.038785934448242
6.238186836242676 2209 63 20.454022645950317
0 142 64 4.346757650375366
0 962 65 29.710955381393433
0 57 66 1.8320882320404053
0 2767 67 10.657875537872314
0 272 68 5.515849351882935
5.008851528167725 2062 69 51.99595355987549
0 333 70 11.331674337387085
8.856436967849731 1930 71 31.500558614730835
0 330 72 6.556684255599976
0 158 73 4.901495933532715
10.160247087478638 3362 74 51.51026487350464
0 552 75 12.722403526306152
1.4998703002929688 1130 76 3.2841875553131104
3.109950542449951 5 77 3.186915636062622
0 625 78 16.73645329475403
0 352 79 6.014962434768677
