46.47094368934631 376 0 60.0
3.448493242263794 626 1 12.83154296875
0 133 2 0.5669097900390625
20.188350439071655 1359 3 46.40408420562744
0 122 4 3.589500665664673
0 50 5 0.5779016017913818
0 985 6 14.062756299972534
0 1468 7 12.055952787399292
0 802 8 17.472151041030884
0 113 9 4.0699849128723145
0 146 10 1.1024792194366455
0 171 11 2.8932130336761475
0 103 12 2.7714364528656006
0 155 13 2.980379819869995
6.2324206829071045 580 14 17.967872381210327
0 419 15 10.230654954910278
0 43 16 1.667304277420044
0 139 17 5.287554979324341
0 753 18 16.207651376724243
0 218 19 5.868726968765259
0 894 20 2.4596951007843018
0 470 21 14.623971462249756
0 317 22 2.929248809814453
0 23 23 0.5793347358703613
0 125 24 3.381791114807129
0 194 25 2.070418357849121
0 28 26 0.8311173915863037
0 29 27 0.9039580821990967
3.6409006118774414 248 28 8.796393156051636
0 105 29 2.3072428703308105
0 564 30 13.78417420387268
0 660 31 9.254098653793335
0 57 32 1.4093263149261475
0 834 33 14.037457704544067
0 453 34 12.79484748840332
0 63 35 1.4075193405151367
0 117 36 2.1960625648498535
0 1696 37 13.434196472167969
0 80 38 1.6055984497070312
0 110 39 0.5728166103363037
0 252 40 5.350808382034302
0 2250 41 22.30352544784546
0 2492 42 40.1183180809021
0 40 43 0.9692337512969971
0 23 44 0.5623996257781982
0 36 45 0.6779975891113281
0 83 46 1.1476967334747314
0 192 47 3.3998336791992188
0 187 48 3.4681694507598877
0 654 49 10.142228603363037
0 384 50 7.398897409439087
0 108 51 1.7559876441955566
0 196 52 2.3225085735321045
0 71 53 0.8215105533599854
0 378 54 9.80965805053711
0 222 55 3.757955312728882
0 287 56 8.251975059509277
0 1501 57 32.26323437690735
0 306 58 7.151816129684448
0 148 59 1.419907569885254
0 165 60 2.3971617221832275
0 2287 61 43.45437788963318
0 1284 62 12.31980013847351
0 951 63 11.545528650283813
0 257 64 5.2851128578186035
0 536 65 6.377992391586304
0 949 66 3.6575448513031006
0 119 67 2.373586654663086
0 78 68 1.8454833030700684
0 622 69 15.328943490982056
0 1068 70 17.480255126953125
0 345 71 6.702921152114868
0 1261 72 6.092634439468384
0 153 73 3.8128163814544678
0 473 74 5.2749199867248535
0.9163994887562694 2900 75 33.14294981956482
0 187 76 2.2819201946258545
0 32 77 0.6219258308410645
0 439 78 6.204806804656982
0 334 79 5.857194662094116
