60.0 0 0 60.0
8.901559591293335 121 1 12.82848596572876
0.5754268169403076 0 2 0.5754268169403076
14.062339305877686 0 3 14.062339305877686
5.411794662475586 0 4 5.411794662475586
0.574770450592041 0 5 0.574770450592041
6.932156085968018 0 6 6.932156085968018
8.972532272338867 0 7 8.972532272338867
8.645100831985474 0 8 8.645100831985474
5.0012242794036865 0 9 5.0012242794036865
0.570246696472168 0 10 0.570246696472168
6.296679735183716 0 11 6.296679735183716
1.7641141414642334 0 12 1.7641141414642334
1.0293309688568115 0 13 1.0293309688568115
10.48056149482727 0 14 10.48056149482727
10.231638431549072 0 15 10.231638431549072
5.1816229820251465 0 16 5.1816229820251465
3.089808702468872 0 17 3.089808702468872
5.6751625537872314 0 18 5.6751625537872314
6.578331708908081 0 19 6.578331708908081
2.5791051387786865 0 20 2.5791051387786865
7.9066314697265625 0 21 7.9066314697265625
0.8701262474060059 0 22 0.8701262474060059
0.572319746017456 0 23 0.572319746017456
1.500068187713623 0 24 1.500068187713623
0.8451712131500244 0 25 0.8451712131500244
0.5674724578857422 0 26 0.5674724578857422
0.9986379146575928 0 27 0.9986379146575928
5.495537996292114 0 28 5.495537996292114
6.5941643714904785 0 29 6.5941643714904785
6.5886390209198 0 30 6.5886390209198
18.971218824386597 0 31 18.971218824386597
1.5665643215179443 0 32 1.5665643215179443
17.3037166595459 0 33 17.3037166595459
7.791532754898071 0 34 7.791532754898071
1.0288820266723633 0 35 1.0288820266723633
1.2179365158081055 0 36 1.2179365158081055
7.789354562759399 0 37 7.789354562759399
2.138624668121338 0 38 2.138624668121338
6.571928024291992 0 39 6.571928024291992
6.569777250289917 0 40 6.569777250289917
6.570793628692627 0 41 6.570793628692627
6.566206216812134 0 42 6.566206216812134
4.584266901016235 0 43 4.584266901016235
0.5803585052490234 0 44 0.5803585052490234
0.6088740825653076 0 45 0.6088740825653076
0.672102689743042 0 46 0.672102689743042
2.150611162185669 0 47 2.150611162185669
1.7450549602508545 0 48 1.7450549602508545
6.575901508331299 0 49 6.575901508331299
6.563962459564209 0 50 6.563962459564209
6.572328329086304 0 51 6.572328329086304
6.5775721073150635 0 52 6.5775721073150635
6.5732996463775635 0 53 6.5732996463775635
16.78728485107422 0 54 16.78728485107422
1.2578532695770264 0 55 1.2578532695770264
5.451020956039429 0 56 5.451020956039429
32.27091884613037 0 57 32.27091884613037
4.3918375968933105 0 58 4.3918375968933105
6.56607985496521 0 59 6.56607985496521
6.5815043449401855 0 60 6.5815043449401855
6.571397066116333 0 61 6.571397066116333
6.580185651779175 0 62 6.580185651779175
6.573202133178711 0 63 6.573202133178711
6.583812713623047 0 64 6.583812713623047
22.870911598205566 0 65 22.870911598205566
0.9242315292358398 0 66 0.9242315292358398
0.8131382465362549 0 67 0.8131382465362549
3.2345025539398193 0 68 3.2345025539398193
6.569386005401611 0 69 6.569386005401611
6.5669496059417725 0 70 6.5669496059417725
6.581647872924805 0 71 6.581647872924805
6.607305526733398 0 72 6.607305526733398
4.569592237472534 0 73 4.569592237472534
60.510793924331665 0 74 60.510793924331665
5.258722305297852 0 75 5.258722305297852
1.1286673545837402 0 76 1.1286673545837402
0.5766444206237793 0 77 0.5766444206237793
4.692060708999634 0 78 4.692060708999634
6.577517986297607 0 79 6.577517986297607
