46.71505045890808 376 0 60.0
0 388 1 12.840002059936523
0 135 2 0.5730249881744385
0 985 3 14.073736906051636
0 522 4 5.411367893218994
0 19 5 0.5707383155822754
0 587 6 6.945735931396484
0 412 7 8.976742267608643
0 1214 8 8.643454551696777
0 413 9 4.995651483535767
0 15 10 0.5655393600463867
6.294952154159546 0 11 6.294952154159546
1.7975926399230957 0 12 1.7975926399230957
1.0129828453063965 0 13 1.0129828453063965
7.095685005187988 128 14 10.507911682128906
0.8362078666687012 419 15 10.227673053741455
0 562 16 5.182931900024414
0 125 17 3.117436170578003
0 622 18 5.665786504745483
0 101 19 3.102804183959961
0 21 20 0.5732874870300293
0 201 21 7.926602125167847
0 33 22 0.8860578536987305
0 55 23 0.5903763771057129
0 39 24 1.5096511840820312
0 29 25 0.8497035503387451
0 19 26 0.5807449817657471
1.0084152221679688 0 27 1.0084152221679688
3.1443870067596436 96 28 5.509070158004761
0 33 29 0.8173191547393799
2.227274179458618 165 30 4.625673770904541
18.979588747024536 0 31 18.979588747024536
1.5511155128479004 0 32 1.5511155128479004
6.6384851932525635 698 33 17.30101251602173
4.336223840713501 121 34 7.772647142410278
1.0344479084014893 0 35 1.0344479084014893
1.2201790809631348 0 36 1.2201790809631348
7.282101631164551 26 37 7.775869607925415
2.118342638015747 0 38 2.118342638015747
0.5654311180114746 0 39 0.5654311180114746
9.00545048713684 330 40 14.283352851867676
0 602 41 3.1162335872650146
3.8373219966888428 1569 42 59.52956175804138
0 23 43 0.6973974704742432
0 41 44 0.5670034885406494
0 24 45 0.6190733909606934
0 41 46 0.673799991607666
0 84 47 2.1627249717712402
0 71 48 1.736863613128662
0 199 49 3.8398032188415527
0 206 50 2.373408079147339
3.2533371448516846 36 51 3.7389650344848633
1.873568058013916 14 52 2.1456356048583984
0.5746643543243408 0 53 0.5746643543243408
6.168181657791138 582 54 16.781714916229248
0 49 55 1.2595431804656982
0 196 56 5.461514234542847
0 899 57 32.26473617553711
0 188 58 4.403358459472656
0 99 59 0.9539511203765869
0 817 60 8.333503246307373
0 839 61 6.273300409317017
0 951 62 11.558269500732422
0 617 63 12.68246841430664
0 122 64 1.460477590560913
3.2307783412436493 3653 65 22.868743181228638
0 44 66 0.8865311145782471
0 34 67 0.8167133331298828
0 131 68 3.2286813259124756
0 1058 69 17.32267165184021
0 238 70 4.6224000453948975
0 1066 71 5.147709846496582
0 168 72 4.174929857254028
0 68 73 0.7256579399108887
0 2900 74 60.506733655929565
0 431 75 5.260577917098999
0 36 76 1.1127703189849854
0 40 77 0.568162202835083
0 268 78 4.693218231201172
0 71 79 1.9382236003875732
