33.967777729034424 388 0 60.0
0.7035315036773682 355 1 8.3448326587677
0 19 2 0.5650267601013184
0 899 3 16.064456939697266
0 120 4 2.6115963459014893
0.09099960327148438 1037 5 0.5598900318145752
2.292715549468994 2209 6 20.45696187019348
0 737 7 15.453187704086304
1.6278002262115479 1946 8 32.58785653114319
0 154 9 5.073913335800171
0 34 10 0.7066891193389893
1.812605619430542 1079 11 12.275015830993652
0.2889060974121094 1123 12 4.4148736000061035
1.0797615051269531 553 13 5.960381031036377
0.27781224250793457 1097 14 14.217777490615845
0 557 15 10.951645612716675
0.523205041885376 1202 16 3.0086703300476074
0 387 17 7.920191287994385
0 482 18 9.257320404052734
0.23751592636108398 1093 19 6.900899887084961
0.2027435302734375 553 20 0.8940010070800781
1.3061785697937012 1665 21 35.77999520301819
0.9553594589233398 176 22 2.1799368858337402
0 32 23 0.5611984729766846
0 153 24 2.5895020961761475
0 56 25 1.0346498489379883
0 56 26 1.0963473320007324
0 34 27 0.7999505996704102
0 260 28 4.754225254058838
0 121 29 2.094345808029175
0 370 30 7.849525213241577
0 462 31 8.466132402420044
0 75 32 1.4545865058898926
0 554 33 15.461701393127441
0 387 34 7.148180961608887
0 74 35 1.410538673400879
0 80 36 1.3737695217132568
0 486 37 10.556222438812256
0.4581429958343506 1133 38 3.1178557872772217
0 22 39 0.5603659152984619
0 367 40 4.167400360107422
0 230 41 3.343095064163208
0 506 42 11.484454870223999
0 39 43 0.5663478374481201
0 30 44 0.5592255592346191
0 47 45 0.5661334991455078
0 38 46 0.9343667030334473
0 180 47 3.9080469608306885
0 237 48 4.12557053565979
0 332 49 6.696625709533691
0 287 50 4.390920639038086
0 128 51 2.7311673164367676
0 193 52 3.5109546184539795
1.7669148445129395 0 53 1.7669148445129395
0 491 54 9.879866361618042
0 81 55 1.5196819305419922
0 541 56 10.648091793060303
0 577 57 7.717054843902588
1.3197898864746094 1548 58 14.360263347625732
0 48 59 0.9673051834106445
2.1592798233032227 826 60 8.883289813995361
0 585 61 10.845949172973633
0.29441118240356445 1172 62 14.182328224182129
0 909 63 17.73173999786377
1.236924171447754 895 64 7.39452600479126
0 284 65 8.690557956695557
3.5986673831939697 13 66 3.7513206005096436
0 133 67 2.315889596939087
3.980757474899292 813 68 14.120863437652588
0 662 69 11.376607418060303
4.532817840576172 1771 70 22.052065134048462
0 199 71 6.778089284896851
3.8626465797424316 964 72 15.171048879623413
0 128 73 2.5469417572021484
0 888 74 15.481518030166626
0 564 75 11.579111576080322
0.9218733310699463 497 76 3.4067533016204834
0 421 77 1.953758716583252
0.5261383056640625 1130 78 7.3069751262664795
0 240 79 4.101400375366211
