48.822580099105835 356 0 60.0
5.776000738143921 122 1 8.34696888923645
0.5649621486663818 0 2 0.5649621486663818
10.225082874298096 337 3 16.05978536605835
2.608006477355957 0 4 2.608006477355957
0.5656654834747314 0 5 0.5656654834747314
10.251353025436401 1117 6 20.458897352218628
14.457335233688354 48 7 15.45155930519104
32.58900022506714 0 8 32.58900022506714
5.079240083694458 0 9 5.079240083694458
0.581186056137085 0 10 0.581186056137085
4.864467144012451 0 11 4.864467144012451
12.37143349647522 0 12 12.37143349647522
1.4231576919555664 0 13 1.4231576919555664
2.7646069526672363 90 14 4.6748199462890625
7.955328702926636 0 15 7.955328702926636
2.185601234436035 0 16 2.185601234436035
3.9027554988861084 432 17 12.966209411621094
4.055604696273804 0 18 4.055604696273804
5.277042865753174 0 19 5.277042865753174
1.7376725673675537 0 20 1.7376725673675537
15.205012559890747 0 21 15.205012559890747
3.7162203788757324 0 22 3.7162203788757324
0.5632743835449219 0 23 0.5632743835449219
2.026952028274536 0 24 2.026952028274536
1.7694642543792725 0 25 1.7694642543792725
0.8339309692382812 0 26 0.8339309692382812
2.4933347702026367 0 27 2.4933347702026367
34.34932804107666 0 28 34.34932804107666
6.572175741195679 0 29 6.572175741195679
6.565561532974243 0 30 6.565561532974243
6.567874431610107 0 31 6.567874431610107
6.563373804092407 0 32 6.563373804092407
6.566324234008789 0 33 6.566324234008789
6.5642359256744385 0 34 6.5642359256744385
2.56331467628479 0 35 2.56331467628479
1.1725199222564697 0 36 1.1725199222564697
5.940135478973389 0 37 5.940135478973389
1.9749467372894287 0 38 1.9749467372894287
6.568298578262329 0 39 6.568298578262329
6.565523386001587 0 40 6.565523386001587
6.567283391952515 0 41 6.567283391952515
6.567305564880371 0 42 6.567305564880371
6.5638346672058105 0 43 6.5638346672058105
2.565776824951172 0 44 2.565776824951172
0.6391735076904297 0 45 0.6391735076904297
0.7789716720581055 0 46 0.7789716720581055
7.064055442810059 0 47 7.064055442810059
2.171884059906006 0 48 2.171884059906006
6.5646772384643555 0 49 6.5646772384643555
6.568027019500732 0 50 6.568027019500732
6.56491494178772 0 51 6.56491494178772
6.565640211105347 0 52 6.565640211105347
6.566261291503906 0 53 6.566261291503906
13.03671646118164 0 54 13.03671646118164
9.229243516921997 0 55 9.229243516921997
12.154163360595703 0 56 12.154163360595703
15.717190980911255 0 57 15.717190980911255
14.359862089157104 0 58 14.359862089157104
6.566290378570557 0 59 6.566290378570557
6.562701463699341 0 60 6.562701463699341
6.567600727081299 0 61 6.567600727081299
6.56926155090332 0 62 6.56926155090332
6.5689709186553955 0 63 6.5689709186553955
9.93553900718689 0 64 9.93553900718689
15.798367261886597 0 65 15.798367261886597
0.8037087917327881 0 66 0.8037087917327881
1.7386798858642578 0 67 1.7386798858642578
2.4838950634002686 0 68 2.4838950634002686
6.5666913986206055 0 69 6.5666913986206055
6.566770076751709 0 70 6.566770076751709
6.5693745613098145 0 71 6.5693745613098145
6.567286491394043 0 72 6.567286491394043
6.56816554069519 0 73 6.56816554069519
11.588575839996338 0 74 11.588575839996338
6.205634593963623 0 75 6.205634593963623
2.626969814300537 0 76 2.626969814300537
0.7673470973968506 0 77 0.7673470973968506
6.068121910095215 0 78 6.068121910095215
6.570886850357056 0 79 6.570886850357056
