33.922985553741455 388 0 60.0
0.8387272357940674 349 1 8.342756032943726
0 25 2 0.561290979385376
0 899 3 16.063807725906372
0 119 4 2.60872220993042
0 29 5 0.5638179779052734
4.053683757781982 2209 6 20.453478813171387
0 737 7 15.452608823776245
2.4374616146087646 1714 8 32.59093427658081
0 154 9 5.078388690948486
0 24 10 0.7089693546295166
2.176204204559326 1041 11 12.273107051849365
0 180 12 4.4164698123931885
1.4074289798736572 516 13 5.959172248840332
0.17303013801574707 1097 14 14.221629858016968
0 353 15 10.945484399795532
0.5328502655029297 1201 16 3.0150012969970703
0 214 17 7.922914266586304
0 482 18 9.253280401229858
0 256 19 6.908432245254517
0.29371190071105957 480 20 0.8926761150360107
0.47623205184936523 1125 21 35.775999784469604
0 60 22 2.181833028793335
0 32 23 0.5606894493103027
0 153 24 2.5893712043762207
0 35 25 1.0345075130462646
0 56 26 1.0975067615509033
0 34 27 0.8036694526672363
0 176 28 4.756413221359253
0 100 29 2.0949459075927734
0 370 30 7.848395824432373
0 463 31 8.469021320343018
0 75 32 1.456235647201538
0 554 33 15.459781885147095
0 387 34 7.154655933380127
0 73 35 1.4059951305389404
0 50 36 1.3757929801940918
0 486 37 10.560526609420776
0.6472792625427246 1053 38 3.1182613372802734
0 22 39 0.5639190673828125
0 367 40 4.173804759979248
0 230 41 3.3380305767059326
0 506 42 11.483181476593018
0 39 43 0.5645840167999268
0 18 44 0.5666096210479736
0 47 45 0.5650675296783447
0 38 46 0.9385652542114258
0 180 47 3.9104273319244385
0 237 48 4.127636671066284
0 332 49 6.696277379989624
0 287 50 4.394817352294922
0 128 51 2.7374582290649414
0 131 52 3.5174436569213867
0 288 53 1.7663013935089111
0 491 54 9.879652976989746
0 81 55 1.5206027030944824
0 426 56 10.647504329681396
0 577 57 7.718644380569458
1.6709885597229004 1506 58 14.36219334602356
0 48 59 0.9684393405914307
2.7788050174713135 750 60 8.885678768157959
0 421 61 10.846264362335205
0.6226370334625244 1172 62 14.180519342422485
0 909 63 17.733293294906616
0 242 64 7.39511251449585
0 284 65 8.685601949691772
2.261528253555298 118 66 3.7510275840759277
0 114 67 2.323091983795166
2.8480513095855713 792 68 14.119289875030518
0 359 69 11.376677989959717
5.625293493270874 1661 70 22.054182767868042
0 199 71 6.780110597610474
5.005143880844116 866 72 15.172084331512451
0 128 73 2.5472588539123535
0 660 74 15.482306957244873
0 564 75 11.57791781425476
0 137 76 3.4044265747070312
0 421 77 1.9544544219970703
0.5797374248504639 1130 78 7.306811332702637
0 240 79 4.09470796585083
