0.0840000000
0.0000000000
0.1453000000
0.0000000000
0.1194000000
0.0000000000
0.0982000000
0.0000000000
0.0807000000
0.0000000000
0.0663000000
0.0000000000
0.0545000000
0.0000000000
0.0448000000
0.0000000000
0.0368000000
0.0000000000
0.0303000000
0.0000000000
0.0248000000
0.0000000000
0.0204000000
0.0000000000
0.0168000000
0.0000000000
0.0138000000
0.0000000000
0.0114000000
0.0000000000
0.0093000000
0.0000000000
0.0076000000
0.0000000000
0.0063000000
0.0000000000
0.0052000000
0.0000000000
0.0042000000
0.0000000000
0.0035000000
0.0000000000
0.0029000000
0.0000000000
0.0023000000
0.0000000000
0.0019000000
0.0000000000
0.0016000000
0.0000000000
0.0013000000
0.1064000000
