0.0939000000
0.0000000000
0.1594000000
0.0000000000
0.1278000000
0.0000000000
0.1026000000
0.0000000000
0.0823000000
0.0000000000
0.0660000000
0.0000000000
0.0529000000
0.0000000000
0.0425000000
0.0000000000
0.0341000000
0.0000000000
0.0273000000
0.0000000000
0.0220000000
0.0000000000
0.0176000000
0.0000000000
0.0142000000
0.0000000000
0.0114000000
0.0000000000
0.0091000000
0.0000000000
0.0072000000
0.0000000000
0.0059000000
0.0000000000
0.0047000000
0.0000000000
0.0038000000
0.0000000000
0.0030000000
0.0000000000
0.0024000000
0.0000000000
0.0019000000
0.0000000000
0.0015000000
0.1065000000
