0.0877000000
0.0483000000
0.0447000000
0.0370000000
0.0383000000
0.0377000000
0.0349000000
0.0332000000
0.0275000000
0.0298000000
0.0275000000
0.0251000000
0.0209000000
0.0241000000
0.0217000000
0.0218000000
0.0197000000
0.0172000000
0.0178000000
0.0153000000
0.0162000000
0.0132000000
0.0136000000
0.0115000000
0.0128000000
0.0105000000
0.0124000000
0.0098000000
0.0088000000
0.0091000000
0.0085000000
0.0082000000
0.0069000000
0.0077000000
0.0067000000
0.0061000000
0.0060000000
0.0063000000
0.0055000000
0.0042000000
0.0050000000
0.0052000000
0.0035000000
0.0040000000
0.0046000000
0.0033000000
0.0033000000
0.0032000000
0.0030000000
0.0369000000
0.0589000000
0.0549000000
