0.0954000000
0.0505000000
0.0492000000
0.0417000000
0.0455000000
0.0383000000
0.0381000000
0.0361000000
0.0310000000
0.0286000000
0.0287000000
0.0277000000
0.0241000000
0.0246000000
0.0219000000
0.0189000000
0.0198000000
0.0185000000
0.0170000000
0.0151000000
0.0138000000
0.0132000000
0.0125000000
0.0133000000
0.0111000000
0.0107000000
0.0104000000
0.0087000000
0.0087000000
0.0088000000
0.0071000000
0.0069000000
0.0058000000
0.0075000000
0.0052000000
0.0055000000
0.0053000000
0.0046000000
0.0052000000
0.0039000000
0.0034000000
0.0042000000
0.0033000000
0.0189000000
0.0685000000
0.0628000000
