0.1703000000
0.0273000000
0.0248000000
0.0280000000
0.0264000000
0.0250000000
0.0223000000
0.0243000000
0.0232000000
0.0177000000
0.0200000000
0.0186000000
0.0183000000
0.0163000000
0.0172000000
0.0150000000
0.0171000000
0.0147000000
0.0155000000
0.0152000000
0.0118000000
0.0125000000
0.0118000000
0.0115000000
0.0111000000
0.0113000000
0.0102000000
0.0103000000
0.0097000000
0.0100000000
0.0086000000
0.0079000000
0.0090000000
0.0074000000
0.0068000000
0.0081000000
0.0069000000
0.0072000000
0.0077000000
0.0065000000
0.0059000000
0.0101000000
0.0268000000
0.0235000000
0.0256000000
0.0255000000
0.0255000000
0.0240000000
0.0233000000
0.0230000000
0.0225000000
0.0208000000
