0.1737000000
0.0266000000
0.0251000000
0.0288000000
0.0230000000
0.0232000000
0.0224000000
0.0200000000
0.0208000000
0.0176000000
0.0187000000
0.0206000000
0.0196000000
0.0196000000
0.0165000000
0.0152000000
0.0161000000
0.0132000000
0.0139000000
0.0148000000
0.0125000000
0.0105000000
0.0115000000
0.0120000000
0.0120000000
0.0107000000
0.0102000000
0.0092000000
0.0123000000
0.0093000000
0.0079000000
0.0094000000
0.0079000000
0.0088000000
0.0072000000
0.0074000000
0.0065000000
0.0066000000
0.0055000000
0.0083000000
0.0053000000
0.0053000000
0.0165000000
0.0244000000
0.0251000000
0.0239000000
0.0277000000
0.0235000000
0.0233000000
0.0241000000
0.0216000000
0.0211000000
0.0231000000
