0.1716000000
0.0260000000
0.0233000000
0.0257000000
0.0239000000
0.0207000000
0.0204000000
0.0213000000
0.0199000000
0.0172000000
0.0179000000
0.0171000000
0.0170000000
0.0164000000
0.0165000000
0.0148000000
0.0144000000
0.0161000000
0.0147000000
0.0148000000
0.0113000000
0.0127000000
0.0122000000
0.0094000000
0.0131000000
0.0098000000
0.0088000000
0.0102000000
0.0106000000
0.0102000000
0.0080000000
0.0084000000
0.0079000000
0.0090000000
0.0072000000
0.0092000000
0.0080000000
0.0068000000
0.0081000000
0.0074000000
0.0048000000
0.0070000000
0.0054000000
0.0058000000
0.0054000000
0.0123000000
0.0243000000
0.0254000000
0.0246000000
0.0219000000
0.0197000000
0.0190000000
0.0216000000
0.0223000000
0.0207000000
0.0200000000
0.0218000000
