0.1784000000
0.0352000000
0.0345000000
0.0332000000
0.0318000000
0.0265000000
0.0308000000
0.0248000000
0.0272000000
0.0221000000
0.0211000000
0.0236000000
0.0190000000
0.0193000000
0.0181000000
0.0191000000
0.0151000000
0.0134000000
0.0148000000
0.0146000000
0.0137000000
0.0132000000
0.0132000000
0.0131000000
0.0094000000
0.0107000000
0.0100000000
0.0111000000
0.0087000000
0.0085000000
0.0087000000
0.0068000000
0.0323000000
0.0366000000
0.0339000000
0.0323000000
0.0290000000
0.0277000000
0.0307000000
0.0278000000
