0.1748000000
0.0212000000
0.0232000000
0.0229000000
0.0209000000
0.0223000000
0.0199000000
0.0189000000
0.0186000000
0.0174000000
0.0204000000
0.0170000000
0.0161000000
0.0172000000
0.0158000000
0.0162000000
0.0148000000
0.0136000000
0.0120000000
0.0131000000
0.0104000000
0.0138000000
0.0133000000
0.0109000000
0.0129000000
0.0115000000
0.0092000000
0.0112000000
0.0103000000
0.0083000000
0.0078000000
0.0093000000
0.0086000000
0.0075000000
0.0087000000
0.0074000000
0.0075000000
0.0072000000
0.0070000000
0.0075000000
0.0060000000
0.0059000000
0.0065000000
0.0066000000
0.0062000000
0.0043000000
0.0058000000
0.0047000000
0.0192000000
0.0229000000
0.0225000000
0.0199000000
0.0214000000
0.0216000000
0.0204000000
0.0195000000
0.0226000000
0.0197000000
0.0178000000
0.0199000000
