0.1750000000
0.0336000000
0.0321000000
0.0315000000
0.0284000000
0.0305000000
0.0282000000
0.0261000000
0.0248000000
0.0213000000
0.0239000000
0.0224000000
0.0184000000
0.0166000000
0.0182000000
0.0165000000
0.0191000000
0.0164000000
0.0130000000
0.0153000000
0.0148000000
0.0128000000
0.0133000000
0.0109000000
0.0116000000
0.0097000000
0.0088000000
0.0085000000
0.0109000000
0.0073000000
0.0078000000
0.0091000000
0.0080000000
0.0137000000
0.0316000000
0.0334000000
0.0318000000
0.0293000000
0.0305000000
0.0309000000
0.0260000000
0.0280000000
