0.1739000000
0.0279000000
0.0295000000
0.0252000000
0.0211000000
0.0260000000
0.0232000000
0.0247000000
0.0196000000
0.0194000000
0.0209000000
0.0215000000
0.0189000000
0.0165000000
0.0172000000
0.0180000000
0.0144000000
0.0150000000
0.0144000000
0.0134000000
0.0120000000
0.0122000000
0.0116000000
0.0137000000
0.0113000000
0.0103000000
0.0102000000
0.0085000000
0.0097000000
0.0091000000
0.0105000000
0.0086000000
0.0103000000
0.0067000000
0.0079000000
0.0075000000
0.0070000000
0.0057000000
0.0075000000
0.0056000000
0.0078000000
0.0277000000
0.0272000000
0.0250000000
0.0247000000
0.0271000000
0.0242000000
0.0232000000
0.0226000000
0.0230000000
0.0209000000
