0.1758000000
0.0280000000
0.0286000000
0.0270000000
0.0276000000
0.0266000000
0.0240000000
0.0250000000
0.0230000000
0.0206000000
0.0195000000
0.0207000000
0.0191000000
0.0184000000
0.0154000000
0.0155000000
0.0160000000
0.0156000000
0.0137000000
0.0147000000
0.0134000000
0.0117000000
0.0137000000
0.0124000000
0.0122000000
0.0095000000
0.0106000000
0.0103000000
0.0102000000
0.0086000000
0.0090000000
0.0081000000
0.0075000000
0.0098000000
0.0095000000
0.0071000000
0.0075000000
0.0162000000
0.0285000000
0.0278000000
0.0275000000
0.0287000000
0.0256000000
0.0285000000
0.0260000000
0.0218000000
0.0235000000
