0.1775000000
0.0336000000
0.0323000000
0.0336000000
0.0331000000
0.0267000000
0.0272000000
0.0255000000
0.0254000000
0.0261000000
0.0230000000
0.0195000000
0.0218000000
0.0189000000
0.0185000000
0.0160000000
0.0169000000
0.0168000000
0.0148000000
0.0182000000
0.0121000000
0.0119000000
0.0140000000
0.0115000000
0.0112000000
0.0108000000
0.0079000000
0.0094000000
0.0078000000
0.0078000000
0.0095000000
0.0090000000
0.0341000000
0.0345000000
0.0314000000
0.0352000000
0.0328000000
0.0294000000
0.0262000000
0.0281000000
