0.0000000000
0.0038000000
0.0070000000
0.0089000000
0.0151000000
0.0160000000
0.0189000000
0.0219000000
0.0303000000
0.0252000000
0.0299000000
0.0308000000
0.0338000000
0.0348000000
0.0331000000
0.0320000000
0.0319000000
0.0301000000
0.0267000000
0.0263000000
0.0218000000
0.0214000000
0.0235000000
0.0227000000
0.0183000000
0.0178000000
0.0189000000
0.0163000000
0.0146000000
0.0155000000
0.0141000000
0.0136000000
0.0144000000
0.0109000000
0.0106000000
0.0107000000
0.0109000000
0.0101000000
0.0079000000
0.0078000000
0.0077000000
0.0068000000
0.0066000000
0.0064000000
0.0074000000
0.0066000000
0.0039000000
0.0057000000
0.0048000000
0.0036000000
0.0044000000
0.0050000000
0.1728000000
