0.0000000000
0.0042000000
0.0073000000
0.0127000000
0.0131000000
0.0183000000
0.0223000000
0.0214000000
0.0271000000
0.0280000000
0.0329000000
0.0340000000
0.0375000000
0.0348000000
0.0344000000
0.0327000000
0.0288000000
0.0303000000
0.0259000000
0.0251000000
0.0246000000
0.0231000000
0.0223000000
0.0212000000
0.0213000000
0.0169000000
0.0160000000
0.0164000000
0.0155000000
0.0152000000
0.0124000000
0.0128000000
0.0115000000
0.0124000000
0.0104000000
0.0114000000
0.0102000000
0.0088000000
0.0085000000
0.0085000000
0.0066000000
0.0071000000
0.0057000000
0.0060000000
0.0062000000
0.0057000000
0.0048000000
0.0055000000
0.0048000000
0.0043000000
0.0043000000
0.1688000000
