0.0000000000
0.0049000000
0.0082000000
0.0124000000
0.0142000000
0.0179000000
0.0199000000
0.0235000000
0.0258000000
0.0291000000
0.0322000000
0.0323000000
0.0336000000
0.0368000000
0.0359000000
0.0320000000
0.0292000000
0.0286000000
0.0273000000
0.0256000000
0.0214000000
0.0230000000
0.0239000000
0.0185000000
0.0222000000
0.0182000000
0.0178000000
0.0170000000
0.0153000000
0.0148000000
0.0129000000
0.0139000000
0.0109000000
0.0101000000
0.0116000000
0.0105000000
0.0095000000
0.0087000000
0.0078000000
0.0095000000
0.0069000000
0.0075000000
0.0043000000
0.0075000000
0.0069000000
0.0049000000
0.0054000000
0.0049000000
0.0040000000
0.0049000000
0.0045000000
0.1714000000
