0.0000000000
0.0042000000
0.0077000000
0.0134000000
0.0144000000
0.0177000000
0.0187000000
0.0244000000
0.0218000000
0.0296000000
0.0298000000
0.0330000000
0.0354000000
0.0371000000
0.0353000000
0.0295000000
0.0306000000
0.0282000000
0.0266000000
0.0264000000
0.0251000000
0.0233000000
0.0212000000
0.0201000000
0.0203000000
0.0181000000
0.0169000000
0.0185000000
0.0145000000
0.0162000000
0.0123000000
0.0121000000
0.0125000000
0.0110000000
0.0122000000
0.0101000000
0.0100000000
0.0089000000
0.0079000000
0.0080000000
0.0081000000
0.0076000000
0.0063000000
0.0051000000
0.0067000000
0.0057000000
0.0045000000
0.0054000000
0.0047000000
0.0057000000
0.0048000000
0.1724000000
