0.0000000000
0.0026000000
0.0071000000
0.0075000000
0.0090000000
0.0133000000
0.0160000000
0.0201000000
0.0211000000
0.0226000000
0.0245000000
0.0277000000
0.0277000000
0.0292000000
0.0309000000
0.0313000000
0.0319000000
0.0287000000
0.0286000000
0.0252000000
0.0255000000
0.0239000000
0.0209000000
0.0206000000
0.0216000000
0.0187000000
0.0178000000
0.0151000000
0.0178000000
0.0146000000
0.0152000000
0.0143000000
0.0129000000
0.0131000000
0.0124000000
0.0122000000
0.0089000000
0.0096000000
0.0098000000
0.0090000000
0.0083000000
0.0098000000
0.0082000000
0.0087000000
0.0071000000
0.0074000000
0.0070000000
0.0070000000
0.0047000000
0.0056000000
0.0048000000
0.0049000000
0.0062000000
0.0040000000
0.0051000000
0.0042000000
0.0027000000
0.0038000000
0.1716000000
