0.0000000000
0.0034000000
0.0052000000
0.0076000000
0.0113000000
0.0140000000
0.0142000000
0.0185000000
0.0197000000
0.0242000000
0.0258000000
0.0262000000
0.0287000000
0.0290000000
0.0325000000
0.0318000000
0.0325000000
0.0274000000
0.0237000000
0.0268000000
0.0226000000
0.0241000000
0.0234000000
0.0234000000
0.0224000000
0.0179000000
0.0172000000
0.0157000000
0.0168000000
0.0149000000
0.0147000000
0.0142000000
0.0134000000
0.0130000000
0.0117000000
0.0114000000
0.0111000000
0.0095000000
0.0094000000
0.0096000000
0.0080000000
0.0105000000
0.0076000000
0.0082000000
0.0079000000
0.0080000000
0.0067000000
0.0049000000
0.0061000000
0.0060000000
0.0062000000
0.0037000000
0.0050000000
0.0048000000
0.0042000000
0.0037000000
0.0033000000
0.0040000000
0.1723000000
