0.0000000000
0.0031000000
0.0069000000
0.0105000000
0.0127000000
0.0153000000
0.0185000000
0.0228000000
0.0230000000
0.0253000000
0.0291000000
0.0315000000
0.0344000000
0.0332000000
0.0332000000
0.0334000000
0.0307000000
0.0292000000
0.0265000000
0.0274000000
0.0255000000
0.0223000000
0.0238000000
0.0204000000
0.0167000000
0.0193000000
0.0160000000
0.0162000000
0.0130000000
0.0175000000
0.0143000000
0.0151000000
0.0105000000
0.0119000000
0.0125000000
0.0106000000
0.0081000000
0.0102000000
0.0095000000
0.0082000000
0.0095000000
0.0084000000
0.0072000000
0.0070000000
0.0055000000
0.0060000000
0.0071000000
0.0052000000
0.0053000000
0.0050000000
0.0052000000
0.0038000000
0.0037000000
0.0045000000
0.1683000000
