0.0000000000
0.0054000000
0.0090000000
0.0135000000
0.0191000000
0.0219000000
0.0256000000
0.0296000000
0.0332000000
0.0337000000
0.0361000000
0.0401000000
0.0383000000
0.0393000000
0.0382000000
0.0338000000
0.0295000000
0.0284000000
0.0276000000
0.0216000000
0.0233000000
0.0246000000
0.0245000000
0.0196000000
0.0196000000
0.0166000000
0.0141000000
0.0169000000
0.0120000000
0.0143000000
0.0122000000
0.0095000000
0.0104000000
0.0096000000
0.0104000000
0.0079000000
0.0093000000
0.0092000000
0.0074000000
0.0078000000
0.0063000000
0.0046000000
0.0055000000
0.0055000000
0.0039000000
0.1711000000
