0.0000000000
0.0037000000
0.0058000000
0.0091000000
0.0131000000
0.0142000000
0.0155000000
0.0193000000
0.0194000000
0.0204000000
0.0265000000
0.0256000000
0.0264000000
0.0263000000
0.0324000000
0.0331000000
0.0318000000
0.0267000000
0.0261000000
0.0235000000
0.0264000000
0.0213000000
0.0223000000
0.0220000000
0.0226000000
0.0193000000
0.0173000000
0.0175000000
0.0149000000
0.0168000000
0.0155000000
0.0149000000
0.0126000000
0.0143000000
0.0122000000
0.0106000000
0.0094000000
0.0105000000
0.0113000000
0.0085000000
0.0085000000
0.0098000000
0.0075000000
0.0084000000
0.0071000000
0.0081000000
0.0057000000
0.0077000000
0.0051000000
0.0053000000
0.0048000000
0.0051000000
0.0063000000
0.0052000000
0.0049000000
0.0033000000
0.0036000000
0.0032000000
0.0036000000
0.1677000000
