0.0000000000
0.0038000000
0.0070000000
0.0101000000
0.0149000000
0.0179000000
0.0214000000
0.0248000000
0.0263000000
0.0249000000
0.0318000000
0.0309000000
0.0358000000
0.0377000000
0.0345000000
0.0355000000
0.0296000000
0.0288000000
0.0261000000
0.0286000000
0.0228000000
0.0221000000
0.0226000000
0.0233000000
0.0171000000
0.0199000000
0.0172000000
0.0138000000
0.0147000000
0.0143000000
0.0133000000
0.0125000000
0.0137000000
0.0107000000
0.0120000000
0.0111000000
0.0092000000
0.0093000000
0.0074000000
0.0081000000
0.0072000000
0.0079000000
0.0072000000
0.0059000000
0.0052000000
0.0065000000
0.0058000000
0.0048000000
0.0046000000
0.0040000000
0.0042000000
0.1712000000
