0.0000000000
0.0047000000
0.0091000000
0.0125000000
0.0201000000
0.0206000000
0.0255000000
0.0304000000
0.0336000000
0.0400000000
0.0390000000
0.0365000000
0.0377000000
0.0351000000
0.0374000000
0.0329000000
0.0306000000
0.0281000000
0.0262000000
0.0257000000
0.0215000000
0.0220000000
0.0212000000
0.0177000000
0.0208000000
0.0161000000
0.0167000000
0.0168000000
0.0144000000
0.0141000000
0.0122000000
0.0112000000
0.0103000000
0.0105000000
0.0099000000
0.0101000000
0.0086000000
0.0069000000
0.0076000000
0.0057000000
0.0054000000
0.0054000000
0.0057000000
0.0052000000
0.0041000000
0.1742000000
