0.0000000000
0.0043000000
0.0075000000
0.0098000000
0.0131000000
0.0168000000
0.0219000000
0.0193000000
0.0244000000
0.0262000000
0.0297000000
0.0317000000
0.0334000000
0.0355000000
0.0325000000
0.0294000000
0.0331000000
0.0312000000
0.0299000000
0.0244000000
0.0239000000
0.0209000000
0.0220000000
0.0203000000
0.0212000000
0.0165000000
0.0170000000
0.0180000000
0.0172000000
0.0139000000
0.0127000000
0.0126000000
0.0122000000
0.0120000000
0.0104000000
0.0106000000
0.0112000000
0.0095000000
0.0099000000
0.0092000000
0.0071000000
0.0081000000
0.0073000000
0.0072000000
0.0056000000
0.0059000000
0.0048000000
0.0060000000
0.0045000000
0.0045000000
0.0052000000
0.0045000000
0.0040000000
0.1700000000
