0.4039000000
0.0326000000
0.0327000000
0.0312000000
0.0246000000
0.0268000000
0.0237000000
0.0240000000
0.0220000000
0.0188000000
0.0203000000
0.0179000000
0.0161000000
0.0143000000
0.0140000000
0.0128000000
0.0115000000
0.0131000000
0.0101000000
0.0095000000
0.0094000000
0.0082000000
0.0077000000
0.0072000000
0.0150000000
0.0164000000
0.0144000000
0.0124000000
0.0127000000
0.0133000000
0.0124000000
0.0106000000
0.0108000000
0.0099000000
0.0101000000
0.0104000000
0.0092000000
0.0096000000
0.0106000000
0.0098000000
