0.3928000000
0.0301000000
0.0308000000
0.0286000000
0.0240000000
0.0248000000
0.0250000000
0.0216000000
0.0219000000
0.0179000000
0.0177000000
0.0167000000
0.0151000000
0.0149000000
0.0157000000
0.0126000000
0.0116000000
0.0100000000
0.0114000000
0.0091000000
0.0100000000
0.0095000000
0.0072000000
0.0068000000
0.0074000000
0.0070000000
0.0052000000
0.0106000000
0.0133000000
0.0112000000
0.0127000000
0.0119000000
0.0108000000
0.0120000000
0.0112000000
0.0107000000
0.0106000000
0.0110000000
0.0085000000
0.0101000000
0.0090000000
0.0088000000
0.0091000000
0.0078000000
0.0086000000
0.0067000000
