0.3967000000
0.0341000000
0.0336000000
0.0310000000
0.0277000000
0.0257000000
0.0224000000
0.0205000000
0.0229000000
0.0196000000
0.0186000000
0.0171000000
0.0158000000
0.0150000000
0.0132000000
0.0134000000
0.0117000000
0.0098000000
0.0122000000
0.0112000000
0.0104000000
0.0087000000
0.0077000000
0.0068000000
0.0060000000
0.0126000000
0.0158000000
0.0121000000
0.0151000000
0.0101000000
0.0136000000
0.0114000000
0.0107000000
0.0092000000
0.0116000000
0.0100000000
0.0107000000
0.0108000000
0.0085000000
0.0091000000
0.0079000000
0.0090000000
