0.3939000000
0.0296000000
0.0259000000
0.0229000000
0.0219000000
0.0216000000
0.0232000000
0.0199000000
0.0178000000
0.0176000000
0.0155000000
0.0153000000
0.0163000000
0.0162000000
0.0151000000
0.0158000000
0.0112000000
0.0120000000
0.0111000000
0.0093000000
0.0105000000
0.0079000000
0.0077000000
0.0069000000
0.0080000000
0.0071000000
0.0052000000
0.0079000000
0.0061000000
0.0057000000
0.0060000000
0.0099000000
0.0124000000
0.0115000000
0.0108000000
0.0100000000
0.0099000000
0.0101000000
0.0088000000
0.0088000000
0.0086000000
0.0094000000
0.0080000000
0.0083000000
0.0073000000
0.0084000000
0.0091000000
0.0074000000
0.0085000000
0.0070000000
0.0082000000
0.0065000000
