0.3919000000
0.0247000000
0.0241000000
0.0229000000
0.0232000000
0.0241000000
0.0186000000
0.0181000000
0.0175000000
0.0175000000
0.0155000000
0.0153000000
0.0151000000
0.0156000000
0.0122000000
0.0134000000
0.0116000000
0.0125000000
0.0098000000
0.0112000000
0.0081000000
0.0093000000
0.0077000000
0.0084000000
0.0067000000
0.0061000000
0.0067000000
0.0065000000
0.0075000000
0.0065000000
0.0054000000
0.0045000000
0.0046000000
0.0044000000
0.0063000000
0.0133000000
0.0116000000
0.0091000000
0.0093000000
0.0087000000
0.0094000000
0.0094000000
0.0094000000
0.0076000000
0.0065000000
0.0075000000
0.0071000000
0.0070000000
0.0067000000
0.0075000000
0.0073000000
0.0072000000
0.0063000000
0.0072000000
0.0076000000
0.0064000000
0.0068000000
0.0076000000
