0.3911000000
0.0266000000
0.0220000000
0.0251000000
0.0244000000
0.0231000000
0.0201000000
0.0194000000
0.0213000000
0.0180000000
0.0186000000
0.0146000000
0.0152000000
0.0118000000
0.0141000000
0.0138000000
0.0117000000
0.0103000000
0.0105000000
0.0113000000
0.0097000000
0.0099000000
0.0077000000
0.0089000000
0.0064000000
0.0075000000
0.0063000000
0.0072000000
0.0057000000
0.0056000000
0.0049000000
0.0051000000
0.0044000000
0.0076000000
0.0119000000
0.0116000000
0.0105000000
0.0082000000
0.0104000000
0.0090000000
0.0096000000
0.0098000000
0.0088000000
0.0092000000
0.0097000000
0.0066000000
0.0059000000
0.0068000000
0.0079000000
0.0081000000
0.0078000000
0.0083000000
0.0071000000
0.0063000000
0.0066000000
