0.3876000000
0.0296000000
0.0248000000
0.0262000000
0.0245000000
0.0236000000
0.0217000000
0.0201000000
0.0204000000
0.0186000000
0.0181000000
0.0163000000
0.0157000000
0.0147000000
0.0146000000
0.0110000000
0.0129000000
0.0127000000
0.0094000000
0.0092000000
0.0080000000
0.0082000000
0.0073000000
0.0087000000
0.0074000000
0.0076000000
0.0065000000
0.0069000000
0.0071000000
0.0058000000
0.0059000000
0.0096000000
0.0110000000
0.0122000000
0.0114000000
0.0102000000
0.0112000000
0.0090000000
0.0096000000
0.0080000000
0.0092000000
0.0091000000
0.0089000000
0.0078000000
0.0093000000
0.0084000000
0.0083000000
0.0077000000
0.0082000000
0.0068000000
0.0064000000
0.0066000000
