0.3866000000
0.0293000000
0.0262000000
0.0254000000
0.0228000000
0.0220000000
0.0219000000
0.0214000000
0.0172000000
0.0175000000
0.0172000000
0.0159000000
0.0167000000
0.0144000000
0.0148000000
0.0123000000
0.0118000000
0.0115000000
0.0111000000
0.0096000000
0.0111000000
0.0071000000
0.0067000000
0.0080000000
0.0086000000
0.0076000000
0.0074000000
0.0076000000
0.0053000000
0.0055000000
0.0046000000
0.0053000000
0.0053000000
0.0115000000
0.0111000000
0.0088000000
0.0104000000
0.0101000000
0.0096000000
0.0111000000
0.0095000000
0.0087000000
0.0090000000
0.0081000000
0.0085000000
0.0079000000
0.0089000000
0.0086000000
0.0067000000
0.0081000000
0.0080000000
0.0069000000
0.0066000000
0.0062000000
