0.2976000000
0.0576000000
0.0522000000
0.0437000000
0.0411000000
0.0369000000
0.0356000000
0.0332000000
0.0252000000
0.0270000000
0.0230000000
0.0237000000
0.0174000000
0.0180000000
0.0174000000
0.0138000000
0.0118000000
0.0108000000
0.0118000000
0.0091000000
0.0094000000
0.0066000000
0.0078000000
0.0057000000
0.0056000000
0.0050000000
0.0050000000
0.0046000000
0.0043000000
0.0045000000
0.0031000000
0.0024000000
0.0026000000
0.0020000000
0.0025000000
0.0019000000
0.0026000000
0.0013000000
0.0015000000
0.0016000000
0.0010000000
0.0009000000
0.0011000000
0.0081000000
0.0140000000
0.0165000000
0.0145000000
0.0152000000
0.0159000000
0.0131000000
0.0128000000
