0.3051000000
0.0702000000
0.0581000000
0.0518000000
0.0493000000
0.0415000000
0.0339000000
0.0318000000
0.0311000000
0.0269000000
0.0240000000
0.0183000000
0.0193000000
0.0164000000
0.0137000000
0.0110000000
0.0107000000
0.0106000000
0.0088000000
0.0078000000
0.0066000000
0.0055000000
0.0056000000
0.0041000000
0.0043000000
0.0045000000
0.0027000000
0.0025000000
0.0035000000
0.0020000000
0.0017000000
0.0024000000
0.0017000000
0.0020000000
0.0011000000
0.0035000000
0.0171000000
0.0173000000
0.0175000000
0.0176000000
0.0184000000
0.0181000000
