0.2974000000
0.0554000000
0.0484000000
0.0433000000
0.0409000000
0.0356000000
0.0328000000
0.0307000000
0.0283000000
0.0260000000
0.0218000000
0.0216000000
0.0189000000
0.0172000000
0.0144000000
0.0139000000
0.0150000000
0.0129000000
0.0125000000
0.0103000000
0.0085000000
0.0075000000
0.0072000000
0.0058000000
0.0063000000
0.0069000000
0.0054000000
0.0049000000
0.0047000000
0.0038000000
0.0038000000
0.0031000000
0.0026000000
0.0033000000
0.0030000000
0.0020000000
0.0022000000
0.0021000000
0.0023000000
0.0012000000
0.0008000000
0.0011000000
0.0017000000
0.0016000000
0.0009000000
0.0011000000
0.0019000000
0.0137000000
0.0122000000
0.0116000000
0.0133000000
0.0142000000
0.0133000000
0.0164000000
0.0123000000
