0.3012000000
0.0523000000
0.0456000000
0.0480000000
0.0462000000
0.0364000000
0.0360000000
0.0281000000
0.0277000000
0.0260000000
0.0244000000
0.0233000000
0.0193000000
0.0166000000
0.0177000000
0.0119000000
0.0122000000
0.0118000000
0.0116000000
0.0077000000
0.0106000000
0.0073000000
0.0066000000
0.0067000000
0.0062000000
0.0045000000
0.0052000000
0.0036000000
0.0044000000
0.0046000000
0.0032000000
0.0031000000
0.0027000000
0.0032000000
0.0023000000
0.0023000000
0.0018000000
0.0018000000
0.0013000000
0.0011000000
0.0011000000
0.0010000000
0.0010000000
0.0005000000
0.0106000000
0.0142000000
0.0149000000
0.0144000000
0.0124000000
0.0137000000
0.0144000000
0.0153000000
