0.2948000000
0.0514000000
0.0437000000
0.0429000000
0.0376000000
0.0369000000
0.0314000000
0.0288000000
0.0253000000
0.0249000000
0.0250000000
0.0194000000
0.0203000000
0.0164000000
0.0167000000
0.0178000000
0.0124000000
0.0142000000
0.0111000000
0.0094000000
0.0096000000
0.0082000000
0.0080000000
0.0088000000
0.0077000000
0.0062000000
0.0045000000
0.0060000000
0.0055000000
0.0033000000
0.0041000000
0.0039000000
0.0031000000
0.0040000000
0.0022000000
0.0038000000
0.0033000000
0.0015000000
0.0012000000
0.0018000000
0.0023000000
0.0017000000
0.0015000000
0.0012000000
0.0011000000
0.0018000000
0.0010000000
0.0009000000
0.0013000000
0.0011000000
0.0094000000
0.0130000000
0.0122000000
0.0117000000
0.0127000000
0.0129000000
0.0114000000
0.0123000000
0.0134000000
