0.3016000000
0.0577000000
0.0465000000
0.0477000000
0.0422000000
0.0381000000
0.0319000000
0.0328000000
0.0272000000
0.0268000000
0.0223000000
0.0248000000
0.0180000000
0.0197000000
0.0139000000
0.0135000000
0.0133000000
0.0109000000
0.0120000000
0.0102000000
0.0071000000
0.0079000000
0.0070000000
0.0071000000
0.0063000000
0.0043000000
0.0027000000
0.0047000000
0.0039000000
0.0036000000
0.0041000000
0.0034000000
0.0024000000
0.0025000000
0.0017000000
0.0016000000
0.0024000000
0.0012000000
0.0018000000
0.0011000000
0.0012000000
0.0009000000
0.0011000000
0.0081000000
0.0151000000
0.0150000000
0.0144000000
0.0149000000
0.0138000000
0.0130000000
0.0146000000
