0.3007000000
0.0632000000
0.0558000000
0.0494000000
0.0437000000
0.0390000000
0.0362000000
0.0346000000
0.0277000000
0.0262000000
0.0224000000
0.0203000000
0.0188000000
0.0169000000
0.0159000000
0.0139000000
0.0114000000
0.0106000000
0.0109000000
0.0078000000
0.0072000000
0.0092000000
0.0060000000
0.0046000000
0.0048000000
0.0043000000
0.0044000000
0.0029000000
0.0026000000
0.0033000000
0.0028000000
0.0021000000
0.0022000000
0.0019000000
0.0017000000
0.0008000000
0.0013000000
0.0011000000
0.0019000000
0.0141000000
0.0188000000
0.0163000000
0.0159000000
0.0156000000
0.0131000000
0.0157000000
