0.3026000000
0.0683000000
0.0643000000
0.0551000000
0.0499000000
0.0453000000
0.0311000000
0.0324000000
0.0281000000
0.0249000000
0.0245000000
0.0194000000
0.0181000000
0.0163000000
0.0115000000
0.0124000000
0.0130000000
0.0094000000
0.0083000000
0.0070000000
0.0068000000
0.0068000000
0.0059000000
0.0039000000
0.0037000000
0.0030000000
0.0030000000
0.0038000000
0.0025000000
0.0021000000
0.0019000000
0.0014000000
0.0013000000
0.0011000000
0.0021000000
0.0209000000
0.0180000000
0.0175000000
0.0172000000
0.0178000000
0.0174000000
