0.1203000000
0.0377000000
0.0428000000
0.0459000000
0.0503000000
0.0508000000
0.0504000000
0.0491000000
0.0411000000
0.0373000000
0.0334000000
0.0308000000
0.0257000000
0.0256000000
0.0220000000
0.0228000000
0.0194000000
0.0195000000
0.0148000000
0.0158000000
0.0127000000
0.0123000000
0.0102000000
0.0106000000
0.0089000000
0.0089000000
0.0080000000
0.0065000000
0.0056000000
0.0061000000
0.0049000000
0.0044000000
0.0044000000
0.0039000000
0.0031000000
0.0045000000
0.0023000000
0.0021000000
0.0026000000
0.0019000000
0.0019000000
0.0018000000
0.0014000000
0.0021000000
0.0010000000
0.0011000000
0.0026000000
0.0116000000
0.0109000000
0.0115000000
0.0122000000
0.0625000000
