0.1172000000
0.0525000000
0.0591000000
0.0679000000
0.0747000000
0.0578000000
0.0554000000
0.0504000000
0.0416000000
0.0390000000
0.0325000000
0.0313000000
0.0254000000
0.0220000000
0.0206000000
0.0172000000
0.0160000000
0.0153000000
0.0113000000
0.0100000000
0.0092000000
0.0101000000
0.0074000000
0.0076000000
0.0053000000
0.0056000000
0.0051000000
0.0035000000
0.0034000000
0.0020000000
0.0038000000
0.0019000000
0.0017000000
0.0016000000
0.0016000000
0.0018000000
0.0138000000
0.0147000000
0.0164000000
0.0663000000
