0.5821000000
0.0293000000
0.0287000000
0.0251000000
0.0203000000
0.0209000000
0.0191000000
0.0169000000
0.0142000000
0.0142000000
0.0116000000
0.0113000000
0.0095000000
0.0090000000
0.0069000000
0.0055000000
0.0081000000
0.0070000000
0.0056000000
0.0056000000
0.0033000000
0.0039000000
0.0039000000
0.0038000000
0.0038000000
0.0027000000
0.0051000000
0.0072000000
0.0060000000
0.0055000000
0.0063000000
0.0051000000
0.0046000000
0.0062000000
0.0043000000
0.0056000000
0.0044000000
0.0047000000
0.0049000000
0.0043000000
0.0046000000
0.0042000000
0.0050000000
0.0050000000
0.0047000000
0.0052000000
0.0042000000
0.0036000000
0.0044000000
0.0034000000
0.0050000000
0.0042000000
