0.5820000000
0.0271000000
0.0224000000
0.0217000000
0.0212000000
0.0177000000
0.0164000000
0.0176000000
0.0133000000
0.0126000000
0.0136000000
0.0124000000
0.0089000000
0.0095000000
0.0077000000
0.0092000000
0.0072000000
0.0063000000
0.0055000000
0.0050000000
0.0053000000
0.0047000000
0.0044000000
0.0047000000
0.0029000000
0.0035000000
0.0023000000
0.0036000000
0.0025000000
0.0024000000
0.0028000000
0.0054000000
0.0058000000
0.0055000000
0.0055000000
0.0044000000
0.0054000000
0.0042000000
0.0043000000
0.0041000000
0.0048000000
0.0034000000
0.0041000000
0.0043000000
0.0040000000
0.0035000000
0.0050000000
0.0037000000
0.0038000000
0.0039000000
0.0038000000
0.0035000000
0.0029000000
0.0040000000
0.0033000000
0.0038000000
0.0044000000
0.0031000000
0.0048000000
0.0049000000
