0.5831000000
0.0292000000
0.0230000000
0.0233000000
0.0215000000
0.0207000000
0.0197000000
0.0166000000
0.0140000000
0.0144000000
0.0113000000
0.0124000000
0.0120000000
0.0090000000
0.0101000000
0.0073000000
0.0071000000
0.0053000000
0.0050000000
0.0055000000
0.0039000000
0.0039000000
0.0046000000
0.0036000000
0.0025000000
0.0033000000
0.0066000000
0.0064000000
0.0053000000
0.0057000000
0.0057000000
0.0060000000
0.0062000000
0.0051000000
0.0037000000
0.0060000000
0.0050000000
0.0059000000
0.0041000000
0.0049000000
0.0038000000
0.0041000000
0.0050000000
0.0051000000
0.0035000000
0.0042000000
0.0040000000
0.0042000000
0.0039000000
0.0046000000
0.0040000000
0.0047000000
