0.5901000000
0.0317000000
0.0289000000
0.0248000000
0.0221000000
0.0204000000
0.0188000000
0.0185000000
0.0140000000
0.0138000000
0.0103000000
0.0116000000
0.0097000000
0.0077000000
0.0090000000
0.0062000000
0.0070000000
0.0058000000
0.0049000000
0.0040000000
0.0047000000
0.0025000000
0.0038000000
0.0095000000
0.0070000000
0.0072000000
0.0065000000
0.0053000000
0.0062000000
0.0062000000
0.0050000000
0.0074000000
0.0050000000
0.0060000000
0.0066000000
0.0058000000
0.0053000000
0.0039000000
0.0049000000
0.0054000000
0.0044000000
0.0057000000
0.0037000000
0.0046000000
0.0032000000
0.0049000000
