0.5906000000
0.0265000000
0.0251000000
0.0201000000
0.0210000000
0.0205000000
0.0190000000
0.0150000000
0.0147000000
0.0128000000
0.0122000000
0.0109000000
0.0107000000
0.0101000000
0.0080000000
0.0089000000
0.0061000000
0.0076000000
0.0056000000
0.0054000000
0.0055000000
0.0033000000
0.0044000000
0.0047000000
0.0026000000
0.0041000000
0.0066000000
0.0067000000
0.0067000000
0.0058000000
0.0053000000
0.0062000000
0.0053000000
0.0059000000
0.0046000000
0.0040000000
0.0058000000
0.0048000000
0.0038000000
0.0042000000
0.0053000000
0.0033000000
0.0041000000
0.0038000000
0.0039000000
0.0055000000
0.0044000000
0.0043000000
0.0045000000
0.0042000000
0.0056000000
