0.5855000000
0.0255000000
0.0232000000
0.0223000000
0.0198000000
0.0172000000
0.0150000000
0.0146000000
0.0163000000
0.0137000000
0.0114000000
0.0116000000
0.0088000000
0.0101000000
0.0075000000
0.0078000000
0.0088000000
0.0062000000
0.0058000000
0.0053000000
0.0050000000
0.0037000000
0.0052000000
0.0048000000
0.0029000000
0.0052000000
0.0029000000
0.0025000000
0.0013000000
0.0034000000
0.0058000000
0.0062000000
0.0047000000
0.0061000000
0.0045000000
0.0042000000
0.0049000000
0.0046000000
0.0052000000
0.0045000000
0.0048000000
0.0052000000
0.0042000000
0.0047000000
0.0039000000
0.0043000000
0.0034000000
0.0035000000
0.0040000000
0.0038000000
0.0041000000
0.0041000000
0.0032000000
0.0046000000
0.0042000000
0.0041000000
0.0033000000
0.0033000000
0.0033000000
