0.5891000000
0.0394000000
0.0332000000
0.0284000000
0.0239000000
0.0239000000
0.0192000000
0.0212000000
0.0148000000
0.0137000000
0.0106000000
0.0109000000
0.0076000000
0.0078000000
0.0065000000
0.0063000000
0.0060000000
0.0048000000
0.0053000000
0.0036000000
0.0086000000
0.0076000000
0.0075000000
0.0088000000
0.0056000000
0.0062000000
0.0060000000
0.0063000000
0.0074000000
0.0079000000
0.0065000000
0.0051000000
0.0070000000
0.0059000000
0.0050000000
0.0065000000
0.0060000000
0.0043000000
0.0056000000
