0.5906000000
0.0365000000
0.0340000000
0.0293000000
0.0253000000
0.0210000000
0.0179000000
0.0168000000
0.0167000000
0.0128000000
0.0122000000
0.0107000000
0.0082000000
0.0068000000
0.0078000000
0.0071000000
0.0062000000
0.0048000000
0.0043000000
0.0039000000
0.0072000000
0.0098000000
0.0086000000
0.0075000000
0.0073000000
0.0065000000
0.0063000000
0.0072000000
0.0061000000
0.0066000000
0.0054000000
0.0043000000
0.0057000000
0.0067000000
0.0053000000
0.0061000000
0.0054000000
0.0053000000
0.0053000000
0.0045000000
