0.2050000000
0.0201000000
0.0198000000
0.0195000000
0.0256000000
0.0228000000
0.0221000000
0.0242000000
0.0224000000
0.0241000000
0.0272000000
0.0234000000
0.0261000000
0.0223000000
0.0288000000
0.0262000000
0.0278000000
0.0243000000
0.0235000000
0.0195000000
0.0180000000
0.0176000000
0.0155000000
0.0148000000
0.0135000000
0.0130000000
0.0120000000
0.0111000000
0.0092000000
0.0087000000
0.0085000000
0.0063000000
0.0072000000
0.0062000000
0.0050000000
0.0060000000
0.0087000000
0.0080000000
0.0071000000
0.0067000000
0.0088000000
0.0072000000
0.0067000000
0.0069000000
0.0060000000
0.0055000000
0.0063000000
0.0055000000
0.0058000000
0.0039000000
0.0050000000
0.0746000000
