0.1986000000
0.0243000000
0.0231000000
0.0267000000
0.0256000000
0.0265000000
0.0264000000
0.0282000000
0.0288000000
0.0266000000
0.0299000000
0.0285000000
0.0266000000
0.0300000000
0.0277000000
0.0267000000
0.0247000000
0.0188000000
0.0227000000
0.0204000000
0.0172000000
0.0187000000
0.0145000000
0.0147000000
0.0120000000
0.0125000000
0.0102000000
0.0096000000
0.0069000000
0.0082000000
0.0070000000
0.0084000000
0.0091000000
0.0091000000
0.0082000000
0.0077000000
0.0083000000
0.0083000000
0.0061000000
0.0073000000
0.0067000000
0.0068000000
0.0064000000
0.0062000000
0.0049000000
0.0742000000
