0.2046000000
0.0258000000
0.0324000000
0.0303000000
0.0308000000
0.0318000000
0.0321000000
0.0359000000
0.0344000000
0.0329000000
0.0355000000
0.0333000000
0.0339000000
0.0322000000
0.0252000000
0.0233000000
0.0215000000
0.0200000000
0.0181000000
0.0153000000
0.0134000000
0.0165000000
0.0137000000
0.0114000000
0.0091000000
0.0085000000
0.0075000000
0.0093000000
0.0119000000
0.0115000000
0.0098000000
0.0085000000
0.0078000000
0.0088000000
0.0089000000
0.0077000000
0.0077000000
0.0066000000
0.0721000000
