0.1960000000
0.0256000000
0.0243000000
0.0282000000
0.0256000000
0.0240000000
0.0264000000
0.0320000000
0.0269000000
0.0283000000
0.0310000000
0.0282000000
0.0264000000
0.0310000000
0.0287000000
0.0270000000
0.0234000000
0.0218000000
0.0208000000
0.0185000000
0.0174000000
0.0154000000
0.0138000000
0.0138000000
0.0108000000
0.0104000000
0.0089000000
0.0108000000
0.0093000000
0.0085000000
0.0081000000
0.0065000000
0.0090000000
0.0099000000
0.0088000000
0.0080000000
0.0086000000
0.0075000000
0.0088000000
0.0075000000
0.0069000000
0.0066000000
0.0062000000
0.0062000000
0.0048000000
0.0734000000
