0.0000000000
0.0322000000
0.0626000000
0.0750000000
0.0710000000
0.0604000000
0.0554000000
0.0513000000
0.0442000000
0.0405000000
0.0413000000
0.0349000000
0.0289000000
0.0282000000
0.0261000000
0.0224000000
0.0209000000
0.0192000000
0.0171000000
0.0176000000
0.0143000000
0.0117000000
0.0120000000
0.0107000000
0.0086000000
0.0089000000
0.0084000000
0.0066000000
0.0063000000
0.0067000000
0.0044000000
0.0053000000
0.0043000000
0.0042000000
0.0036000000
0.0032000000
0.0024000000
0.0035000000
0.0019000000
0.0021000000
0.0016000000
0.0022000000
0.0017000000
0.0016000000
0.0014000000
0.0009000000
0.0016000000
0.0006000000
0.0009000000
0.0009000000
0.0007000000
0.1076000000
