0.0000000000
0.0313000000
0.0597000000
0.0764000000
0.0659000000
0.0627000000
0.0558000000
0.0497000000
0.0451000000
0.0429000000
0.0372000000
0.0334000000
0.0307000000
0.0285000000
0.0278000000
0.0231000000
0.0208000000
0.0202000000
0.0167000000
0.0143000000
0.0148000000
0.0133000000
0.0131000000
0.0108000000
0.0091000000
0.0087000000
0.0068000000
0.0086000000
0.0069000000
0.0058000000
0.0060000000
0.0043000000
0.0042000000
0.0043000000
0.0042000000
0.0031000000
0.0028000000
0.0039000000
0.0025000000
0.0019000000
0.0019000000
0.0017000000
0.0013000000
0.0022000000
0.0015000000
0.0008000000
0.0012000000
0.0016000000
0.0008000000
0.0011000000
0.0009000000
0.1077000000
