0.0000000000
0.0404000000
0.0761000000
0.0838000000
0.0713000000
0.0656000000
0.0569000000
0.0548000000
0.0433000000
0.0450000000
0.0353000000
0.0354000000
0.0297000000
0.0284000000
0.0242000000
0.0203000000
0.0191000000
0.0183000000
0.0157000000
0.0138000000
0.0134000000
0.0120000000
0.0081000000
0.0100000000
0.0074000000
0.0077000000
0.0071000000
0.0053000000
0.0051000000
0.0051000000
0.0047000000
0.0029000000
0.0041000000
0.0027000000
0.0026000000
0.0030000000
0.0020000000
0.0020000000
0.0016000000
0.0018000000
0.0014000000
0.0013000000
0.0011000000
0.0008000000
0.0012000000
0.1082000000
