0.0000000000
0.0363000000
0.0650000000
0.0718000000
0.0673000000
0.0657000000
0.0558000000
0.0520000000
0.0476000000
0.0411000000
0.0391000000
0.0331000000
0.0308000000
0.0265000000
0.0257000000
0.0232000000
0.0203000000
0.0200000000
0.0167000000
0.0146000000
0.0127000000
0.0147000000
0.0115000000
0.0100000000
0.0079000000
0.0097000000
0.0079000000
0.0067000000
0.0058000000
0.0059000000
0.0057000000
0.0048000000
0.0046000000
0.0037000000
0.0031000000
0.0031000000
0.0030000000
0.0019000000
0.0029000000
0.0019000000
0.0022000000
0.0015000000
0.0013000000
0.0017000000
0.0013000000
0.0010000000
0.0010000000
0.0012000000
0.0008000000
0.0007000000
0.1072000000
