0.0000000000
0.0212000000
0.0493000000
0.0709000000
0.0616000000
0.0554000000
0.0537000000
0.0488000000
0.0422000000
0.0379000000
0.0381000000
0.0349000000
0.0343000000
0.0262000000
0.0275000000
0.0235000000
0.0237000000
0.0196000000
0.0187000000
0.0177000000
0.0144000000
0.0162000000
0.0121000000
0.0131000000
0.0119000000
0.0110000000
0.0076000000
0.0097000000
0.0075000000
0.0074000000
0.0075000000
0.0052000000
0.0062000000
0.0055000000
0.0048000000
0.0041000000
0.0049000000
0.0028000000
0.0033000000
0.0029000000
0.0039000000
0.0022000000
0.0021000000
0.0025000000
0.0020000000
0.0023000000
0.0017000000
0.0019000000
0.0015000000
0.0012000000
0.0013000000
0.0007000000
0.0010000000
0.0013000000
0.0009000000
0.0009000000
0.0009000000
0.0004000000
0.1080000000
