0.0000000000
0.0303000000
0.0554000000
0.0769000000
0.0656000000
0.0573000000
0.0567000000
0.0534000000
0.0423000000
0.0427000000
0.0372000000
0.0319000000
0.0318000000
0.0309000000
0.0243000000
0.0222000000
0.0223000000
0.0207000000
0.0176000000
0.0157000000
0.0152000000
0.0125000000
0.0137000000
0.0099000000
0.0094000000
0.0105000000
0.0074000000
0.0093000000
0.0065000000
0.0052000000
0.0062000000
0.0046000000
0.0056000000
0.0049000000
0.0032000000
0.0033000000
0.0036000000
0.0028000000
0.0022000000
0.0028000000
0.0020000000
0.0031000000
0.0021000000
0.0012000000
0.0009000000
0.0019000000
0.0015000000
0.0013000000
0.0010000000
0.0008000000
0.0007000000
0.0010000000
0.0012000000
0.1073000000
