0.0965000000
0.0280000000
0.0296000000
0.0315000000
0.0322000000
0.0352000000
0.0413000000
0.0410000000
0.0345000000
0.0330000000
0.0305000000
0.0294000000
0.0266000000
0.0239000000
0.0244000000
0.0235000000
0.0219000000
0.0210000000
0.0190000000
0.0170000000
0.0174000000
0.0164000000
0.0141000000
0.0122000000
0.0129000000
0.0121000000
0.0108000000
0.0104000000
0.0102000000
0.0074000000
0.0097000000
0.0071000000
0.0073000000
0.0089000000
0.0073000000
0.0064000000
0.0067000000
0.0047000000
0.0037000000
0.0137000000
0.0141000000
0.0130000000
0.0125000000
0.0152000000
0.0111000000
0.0947000000
