0.0973000000
0.0199000000
0.0238000000
0.0261000000
0.0243000000
0.0268000000
0.0276000000
0.0301000000
0.0294000000
0.0281000000
0.0262000000
0.0281000000
0.0264000000
0.0245000000
0.0251000000
0.0211000000
0.0203000000
0.0190000000
0.0180000000
0.0173000000
0.0185000000
0.0162000000
0.0139000000
0.0148000000
0.0143000000
0.0137000000
0.0123000000
0.0119000000
0.0131000000
0.0097000000
0.0100000000
0.0103000000
0.0084000000
0.0075000000
0.0092000000
0.0080000000
0.0079000000
0.0083000000
0.0066000000
0.0065000000
0.0074000000
0.0057000000
0.0057000000
0.0059000000
0.0045000000
0.0038000000
0.0050000000
0.0040000000
0.0044000000
0.0083000000
0.0130000000
0.0129000000
0.0106000000
0.0100000000
0.0108000000
0.0095000000
0.0083000000
0.0897000000
