0.0981000000
0.0267000000
0.0286000000
0.0287000000
0.0339000000
0.0371000000
0.0391000000
0.0375000000
0.0394000000
0.0365000000
0.0321000000
0.0275000000
0.0285000000
0.0242000000
0.0250000000
0.0232000000
0.0173000000
0.0224000000
0.0174000000
0.0169000000
0.0169000000
0.0168000000
0.0137000000
0.0147000000
0.0135000000
0.0120000000
0.0106000000
0.0112000000
0.0089000000
0.0100000000
0.0085000000
0.0073000000
0.0070000000
0.0071000000
0.0062000000
0.0056000000
0.0066000000
0.0058000000
0.0048000000
0.0137000000
0.0141000000
0.0168000000
0.0136000000
0.0148000000
0.0138000000
0.0859000000
