0.0974000000
0.0205000000
0.0213000000
0.0222000000
0.0240000000
0.0296000000
0.0276000000
0.0288000000
0.0283000000
0.0279000000
0.0270000000
0.0283000000
0.0279000000
0.0269000000
0.0223000000
0.0192000000
0.0200000000
0.0181000000
0.0197000000
0.0162000000
0.0175000000
0.0164000000
0.0163000000
0.0156000000
0.0149000000
0.0131000000
0.0143000000
0.0132000000
0.0118000000
0.0112000000
0.0090000000
0.0086000000
0.0072000000
0.0075000000
0.0092000000
0.0090000000
0.0070000000
0.0088000000
0.0058000000
0.0069000000
0.0052000000
0.0058000000
0.0060000000
0.0052000000
0.0048000000
0.0048000000
0.0061000000
0.0038000000
0.0039000000
0.0043000000
0.0102000000
0.0124000000
0.0099000000
0.0107000000
0.0100000000
0.0085000000
0.0106000000
0.0092000000
0.0921000000
