0.4451000000
0.0237000000
0.0239000000
0.0214000000
0.0202000000
0.0179000000
0.0185000000
0.0161000000
0.0147000000
0.0157000000
0.0126000000
0.0123000000
0.0108000000
0.0135000000
0.0112000000
0.0114000000
0.0116000000
0.0112000000
0.0089000000
0.0097000000
0.0089000000
0.0085000000
0.0079000000
0.0071000000
0.0066000000
0.0071000000
0.0062000000
0.0054000000
0.0056000000
0.0099000000
0.0100000000
0.0093000000
0.0090000000
0.0094000000
0.0088000000
0.0088000000
0.0080000000
0.0084000000
0.0070000000
0.0079000000
0.0074000000
0.0068000000
0.0075000000
0.0071000000
0.0074000000
0.0078000000
0.0048000000
0.0055000000
0.0070000000
0.0060000000
0.0049000000
0.0063000000
0.0056000000
0.0048000000
0.0055000000
0.0042000000
0.0063000000
0.0049000000
