0.4547000000
0.0307000000
0.0297000000
0.0278000000
0.0271000000
0.0276000000
0.0243000000
0.0190000000
0.0183000000
0.0164000000
0.0152000000
0.0150000000
0.0158000000
0.0120000000
0.0118000000
0.0130000000
0.0106000000
0.0081000000
0.0086000000
0.0084000000
0.0144000000
0.0162000000
0.0116000000
0.0115000000
0.0141000000
0.0113000000
0.0111000000
0.0117000000
0.0099000000
0.0090000000
0.0082000000
0.0086000000
0.0101000000
0.0095000000
0.0080000000
0.0084000000
0.0083000000
0.0087000000
0.0078000000
0.0075000000
