0.4496000000
0.0212000000
0.0203000000
0.0221000000
0.0191000000
0.0163000000
0.0168000000
0.0176000000
0.0168000000
0.0152000000
0.0128000000
0.0143000000
0.0139000000
0.0121000000
0.0117000000
0.0107000000
0.0091000000
0.0106000000
0.0081000000
0.0098000000
0.0103000000
0.0084000000
0.0074000000
0.0060000000
0.0062000000
0.0059000000
0.0065000000
0.0055000000
0.0063000000
0.0059000000
0.0080000000
0.0098000000
0.0090000000
0.0094000000
0.0100000000
0.0074000000
0.0078000000
0.0085000000
0.0088000000
0.0070000000
0.0069000000
0.0061000000
0.0064000000
0.0074000000
0.0056000000
0.0073000000
0.0073000000
0.0055000000
0.0072000000
0.0058000000
0.0063000000
0.0062000000
0.0059000000
0.0048000000
0.0054000000
0.0052000000
0.0053000000
0.0044000000
0.0039000000
0.0049000000
