0.4441000000
0.0297000000
0.0301000000
0.0261000000
0.0241000000
0.0236000000
0.0192000000
0.0203000000
0.0173000000
0.0181000000
0.0147000000
0.0141000000
0.0130000000
0.0137000000
0.0111000000
0.0108000000
0.0117000000
0.0112000000
0.0092000000
0.0086000000
0.0069000000
0.0076000000
0.0082000000
0.0113000000
0.0138000000
0.0128000000
0.0108000000
0.0119000000
0.0114000000
0.0091000000
0.0097000000
0.0105000000
0.0088000000
0.0087000000
0.0092000000
0.0090000000
0.0074000000
0.0082000000
0.0084000000
0.0076000000
0.0059000000
0.0071000000
0.0059000000
0.0071000000
0.0064000000
0.0056000000
