0.4472000000
0.0284000000
0.0273000000
0.0233000000
0.0233000000
0.0224000000
0.0217000000
0.0200000000
0.0173000000
0.0164000000
0.0153000000
0.0139000000
0.0137000000
0.0158000000
0.0111000000
0.0118000000
0.0125000000
0.0106000000
0.0088000000
0.0068000000
0.0070000000
0.0068000000
0.0091000000
0.0100000000
0.0116000000
0.0116000000
0.0117000000
0.0095000000
0.0114000000
0.0105000000
0.0119000000
0.0088000000
0.0080000000
0.0087000000
0.0093000000
0.0083000000
0.0095000000
0.0053000000
0.0067000000
0.0084000000
0.0080000000
0.0075000000
0.0063000000
0.0083000000
0.0056000000
0.0070000000
0.0056000000
