0.4441000000
0.0228000000
0.0236000000
0.0214000000
0.0240000000
0.0205000000
0.0191000000
0.0196000000
0.0157000000
0.0180000000
0.0129000000
0.0140000000
0.0113000000
0.0131000000
0.0124000000
0.0093000000
0.0097000000
0.0093000000
0.0079000000
0.0104000000
0.0078000000
0.0091000000
0.0097000000
0.0069000000
0.0077000000
0.0065000000
0.0075000000
0.0051000000
0.0110000000
0.0110000000
0.0097000000
0.0090000000
0.0091000000
0.0091000000
0.0090000000
0.0091000000
0.0068000000
0.0074000000
0.0062000000
0.0079000000
0.0072000000
0.0068000000
0.0061000000
0.0077000000
0.0078000000
0.0064000000
0.0065000000
0.0059000000
0.0057000000
0.0075000000
0.0066000000
0.0053000000
0.0059000000
0.0053000000
0.0046000000
