0.4493000000
0.0289000000
0.0245000000
0.0245000000
0.0250000000
0.0236000000
0.0187000000
0.0224000000
0.0181000000
0.0193000000
0.0150000000
0.0154000000
0.0144000000
0.0130000000
0.0126000000
0.0114000000
0.0106000000
0.0095000000
0.0090000000
0.0099000000
0.0084000000
0.0078000000
0.0072000000
0.0105000000
0.0113000000
0.0141000000
0.0105000000
0.0091000000
0.0102000000
0.0092000000
0.0096000000
0.0098000000
0.0078000000
0.0083000000
0.0091000000
0.0086000000
0.0097000000
0.0095000000
0.0071000000
0.0069000000
0.0066000000
0.0083000000
0.0063000000
0.0074000000
0.0058000000
0.0058000000
