0.4435000000
0.0448000000
0.0414000000
0.0345000000
0.0314000000
0.0286000000
0.0248000000
0.0226000000
0.0223000000
0.0189000000
0.0169000000
0.0166000000
0.0149000000
0.0133000000
0.0127000000
0.0102000000
0.0090000000
0.0096000000
0.0092000000
0.0075000000
0.0060000000
0.0052000000
0.0055000000
0.0047000000
0.0052000000
0.0041000000
0.0109000000
0.0133000000
0.0100000000
0.0100000000
0.0112000000
0.0112000000
0.0109000000
0.0085000000
0.0085000000
0.0085000000
0.0089000000
0.0092000000
0.0074000000
0.0081000000
