0.4332000000
0.0364000000
0.0292000000
0.0327000000
0.0271000000
0.0246000000
0.0209000000
0.0228000000
0.0207000000
0.0188000000
0.0170000000
0.0145000000
0.0155000000
0.0138000000
0.0131000000
0.0128000000
0.0102000000
0.0104000000
0.0084000000
0.0090000000
0.0081000000
0.0077000000
0.0068000000
0.0054000000
0.0064000000
0.0047000000
0.0063000000
0.0050000000
0.0040000000
0.0040000000
0.0034000000
0.0035000000
0.0039000000
0.0052000000
0.0089000000
0.0086000000
0.0084000000
0.0073000000
0.0071000000
0.0086000000
0.0070000000
0.0077000000
0.0071000000
0.0079000000
0.0072000000
0.0054000000
0.0083000000
0.0083000000
0.0069000000
0.0070000000
0.0067000000
0.0061000000
