0.4309000000
0.0327000000
0.0270000000
0.0254000000
0.0262000000
0.0238000000
0.0211000000
0.0203000000
0.0174000000
0.0175000000
0.0175000000
0.0164000000
0.0170000000
0.0135000000
0.0123000000
0.0114000000
0.0112000000
0.0104000000
0.0082000000
0.0102000000
0.0082000000
0.0074000000
0.0067000000
0.0073000000
0.0071000000
0.0064000000
0.0069000000
0.0056000000
0.0054000000
0.0036000000
0.0034000000
0.0042000000
0.0028000000
0.0042000000
0.0036000000
0.0035000000
0.0030000000
0.0021000000
0.0044000000
0.0078000000
0.0081000000
0.0067000000
0.0073000000
0.0081000000
0.0065000000
0.0078000000
0.0074000000
0.0055000000
0.0059000000
0.0083000000
0.0061000000
0.0066000000
0.0057000000
0.0065000000
0.0051000000
0.0058000000
0.0065000000
0.0058000000
0.0063000000
