0.4349000000
0.0471000000
0.0404000000
0.0401000000
0.0337000000
0.0276000000
0.0304000000
0.0241000000
0.0232000000
0.0199000000
0.0163000000
0.0151000000
0.0137000000
0.0127000000
0.0121000000
0.0116000000
0.0104000000
0.0076000000
0.0097000000
0.0078000000
0.0058000000
0.0042000000
0.0051000000
0.0049000000
0.0037000000
0.0068000000
0.0108000000
0.0115000000
0.0105000000
0.0124000000
0.0107000000
0.0087000000
0.0099000000
0.0107000000
0.0099000000
0.0094000000
0.0084000000
0.0096000000
0.0086000000
