0.4284000000
0.0342000000
0.0331000000
0.0282000000
0.0265000000
0.0231000000
0.0215000000
0.0223000000
0.0219000000
0.0208000000
0.0160000000
0.0146000000
0.0173000000
0.0131000000
0.0135000000
0.0131000000
0.0119000000
0.0087000000
0.0089000000
0.0078000000
0.0100000000
0.0084000000
0.0073000000
0.0063000000
0.0058000000
0.0056000000
0.0064000000
0.0038000000
0.0053000000
0.0046000000
0.0025000000
0.0039000000
0.0035000000
0.0026000000
0.0027000000
0.0059000000
0.0093000000
0.0075000000
0.0086000000
0.0078000000
0.0077000000
0.0066000000
0.0082000000
0.0061000000
0.0092000000
0.0070000000
0.0054000000
0.0086000000
0.0058000000
0.0060000000
0.0067000000
0.0062000000
0.0074000000
0.0064000000
