0.4622000000
0.0521000000
0.0491000000
0.0386000000
0.0349000000
0.0315000000
0.0269000000
0.0256000000
0.0211000000
0.0173000000
0.0174000000
0.0141000000
0.0127000000
0.0121000000
0.0107000000
0.0076000000
0.0063000000
0.0068000000
0.0060000000
0.0059000000
0.0041000000
0.0051000000
0.0037000000
0.0031000000
0.0026000000
0.0028000000
0.0024000000
0.0022000000
0.0115000000
0.0106000000
0.0101000000
0.0109000000
0.0092000000
0.0093000000
0.0103000000
0.0082000000
0.0077000000
0.0091000000
0.0086000000
0.0096000000
