0.4606000000
0.0514000000
0.0464000000
0.0415000000
0.0335000000
0.0337000000
0.0261000000
0.0273000000
0.0204000000
0.0201000000
0.0163000000
0.0141000000
0.0126000000
0.0111000000
0.0099000000
0.0093000000
0.0089000000
0.0073000000
0.0058000000
0.0064000000
0.0045000000
0.0035000000
0.0034000000
0.0030000000
0.0033000000
0.0023000000
0.0017000000
0.0012000000
0.0084000000
0.0098000000
0.0094000000
0.0107000000
0.0104000000
0.0115000000
0.0097000000
0.0077000000
0.0103000000
0.0097000000
0.0089000000
0.0079000000
