0.4490000000
0.0385000000
0.0345000000
0.0305000000
0.0281000000
0.0265000000
0.0238000000
0.0222000000
0.0200000000
0.0176000000
0.0175000000
0.0170000000
0.0152000000
0.0127000000
0.0122000000
0.0108000000
0.0094000000
0.0099000000
0.0088000000
0.0091000000
0.0060000000
0.0052000000
0.0060000000
0.0057000000
0.0051000000
0.0044000000
0.0040000000
0.0033000000
0.0038000000
0.0027000000
0.0035000000
0.0025000000
0.0038000000
0.0035000000
0.0022000000
0.0023000000
0.0013000000
0.0019000000
0.0020000000
0.0016000000
0.0014000000
0.0059000000
0.0071000000
0.0068000000
0.0062000000
0.0068000000
0.0056000000
0.0071000000
0.0054000000
0.0046000000
0.0053000000
0.0067000000
0.0071000000
0.0073000000
0.0057000000
0.0065000000
0.0069000000
0.0078000000
0.0057000000
