0.4571000000
0.0443000000
0.0437000000
0.0358000000
0.0336000000
0.0272000000
0.0241000000
0.0241000000
0.0221000000
0.0202000000
0.0192000000
0.0145000000
0.0129000000
0.0130000000
0.0115000000
0.0078000000
0.0106000000
0.0081000000
0.0071000000
0.0063000000
0.0049000000
0.0049000000
0.0048000000
0.0044000000
0.0044000000
0.0023000000
0.0026000000
0.0033000000
0.0027000000
0.0019000000
0.0016000000
0.0029000000
0.0014000000
0.0106000000
0.0093000000
0.0085000000
0.0068000000
0.0067000000
0.0085000000
0.0086000000
0.0072000000
0.0070000000
0.0085000000
0.0094000000
0.0078000000
0.0087000000
0.0071000000
