0.0000000000
0.0026000000
0.0057000000
0.0084000000
0.0120000000
0.0145000000
0.0153000000
0.0181000000
0.0173000000
0.0221000000
0.0214000000
0.0245000000
0.0253000000
0.0262000000
0.0282000000
0.0279000000
0.0311000000
0.0292000000
0.0315000000
0.0329000000
0.0352000000
0.0326000000
0.0327000000
0.0292000000
0.0270000000
0.0256000000
0.0261000000
0.0227000000
0.0217000000
0.0157000000
0.0180000000
0.0137000000
0.0135000000
0.0160000000
0.0112000000
0.0111000000
0.0121000000
0.0110000000
0.0093000000
0.0088000000
0.0080000000
0.0063000000
0.0078000000
0.0073000000
0.0062000000
0.0055000000
0.0062000000
0.0051000000
0.0036000000
0.0044000000
0.0038000000
0.0034000000
0.1450000000
