0.0000000000
0.0026000000
0.0052000000
0.0098000000
0.0126000000
0.0148000000
0.0167000000
0.0172000000
0.0208000000
0.0212000000
0.0246000000
0.0252000000
0.0268000000
0.0282000000
0.0320000000
0.0316000000
0.0321000000
0.0300000000
0.0295000000
0.0335000000
0.0341000000
0.0348000000
0.0304000000
0.0282000000
0.0268000000
0.0239000000
0.0233000000
0.0226000000
0.0183000000
0.0192000000
0.0188000000
0.0139000000
0.0124000000
0.0128000000
0.0117000000
0.0132000000
0.0107000000
0.0111000000
0.0097000000
0.0077000000
0.0067000000
0.0071000000
0.0061000000
0.0060000000
0.0059000000
0.0056000000
0.0055000000
0.0041000000
0.0050000000
0.0026000000
0.0033000000
0.1441000000
