0.0000000000
0.0045000000
0.0089000000
0.0125000000
0.0156000000
0.0222000000
0.0257000000
0.0290000000
0.0304000000
0.0304000000
0.0364000000
0.0360000000
0.0373000000
0.0388000000
0.0367000000
0.0423000000
0.0449000000
0.0410000000
0.0373000000
0.0336000000
0.0303000000
0.0275000000
0.0257000000
0.0230000000
0.0218000000
0.0161000000
0.0177000000
0.0142000000
0.0146000000
0.0131000000
0.0128000000
0.0117000000
0.0114000000
0.0082000000
0.0086000000
0.0066000000
0.0063000000
0.0063000000
0.0048000000
0.0059000000
0.0050000000
0.1449000000
