0.0000000000
0.0044000000
0.0069000000
0.0121000000
0.0147000000
0.0182000000
0.0222000000
0.0248000000
0.0272000000
0.0270000000
0.0316000000
0.0289000000
0.0348000000
0.0320000000
0.0317000000
0.0380000000
0.0381000000
0.0390000000
0.0432000000
0.0328000000
0.0338000000
0.0305000000
0.0277000000
0.0251000000
0.0219000000
0.0188000000
0.0181000000
0.0209000000
0.0181000000
0.0125000000
0.0151000000
0.0111000000
0.0119000000
0.0121000000
0.0097000000
0.0095000000
0.0084000000
0.0071000000
0.0065000000
0.0060000000
0.0065000000
0.0057000000
0.0038000000
0.0034000000
0.0048000000
0.1434000000
