0.0000000000
0.0037000000
0.0076000000
0.0113000000
0.0155000000
0.0189000000
0.0205000000
0.0222000000
0.0260000000
0.0279000000
0.0270000000
0.0298000000
0.0330000000
0.0351000000
0.0351000000
0.0335000000
0.0395000000
0.0394000000
0.0381000000
0.0343000000
0.0340000000
0.0310000000
0.0290000000
0.0240000000
0.0213000000
0.0235000000
0.0195000000
0.0193000000
0.0180000000
0.0161000000
0.0139000000
0.0130000000
0.0106000000
0.0097000000
0.0099000000
0.0100000000
0.0079000000
0.0081000000
0.0068000000
0.0069000000
0.0059000000
0.0048000000
0.0057000000
0.0052000000
0.0035000000
0.1440000000
