0.1218000000
0.0181000000
0.0188000000
0.0180000000
0.0204000000
0.0248000000
0.0216000000
0.0234000000
0.0257000000
0.0246000000
0.0254000000
0.0288000000
0.0285000000
0.0242000000
0.0225000000
0.0229000000
0.0218000000
0.0218000000
0.0197000000
0.0169000000
0.0166000000
0.0193000000
0.0149000000
0.0154000000
0.0138000000
0.0136000000
0.0134000000
0.0099000000
0.0111000000
0.0101000000
0.0099000000
0.0097000000
0.0093000000
0.0080000000
0.0087000000
0.0094000000
0.0084000000
0.0079000000
0.0068000000
0.0054000000
0.0068000000
0.0069000000
0.0056000000
0.0043000000
0.0053000000
0.0050000000
0.0047000000
0.0100000000
0.0095000000
0.0118000000
0.0115000000
0.0089000000
0.0084000000
0.0094000000
0.0103000000
0.0096000000
0.0076000000
0.0060000000
0.0871000000
