0.1235000000
0.0226000000
0.0221000000
0.0221000000
0.0253000000
0.0279000000
0.0289000000
0.0277000000
0.0270000000
0.0283000000
0.0295000000
0.0291000000
0.0286000000
0.0235000000
0.0241000000
0.0221000000
0.0236000000
0.0188000000
0.0195000000
0.0176000000
0.0179000000
0.0163000000
0.0174000000
0.0152000000
0.0142000000
0.0128000000
0.0109000000
0.0105000000
0.0116000000
0.0113000000
0.0090000000
0.0103000000
0.0087000000
0.0072000000
0.0081000000
0.0066000000
0.0072000000
0.0059000000
0.0052000000
0.0050000000
0.0059000000
0.0077000000
0.0122000000
0.0111000000
0.0092000000
0.0117000000
0.0106000000
0.0103000000
0.0082000000
0.0100000000
0.0079000000
0.0921000000
