0.1280000000
0.0306000000
0.0314000000
0.0300000000
0.0316000000
0.0366000000
0.0407000000
0.0340000000
0.0397000000
0.0341000000
0.0321000000
0.0323000000
0.0316000000
0.0267000000
0.0242000000
0.0209000000
0.0249000000
0.0166000000
0.0177000000
0.0164000000
0.0146000000
0.0161000000
0.0139000000
0.0126000000
0.0121000000
0.0111000000
0.0119000000
0.0100000000
0.0084000000
0.0064000000
0.0085000000
0.0059000000
0.0151000000
0.0160000000
0.0152000000
0.0128000000
0.0135000000
0.0128000000
0.0127000000
0.0903000000
