0.1178000000
0.0200000000
0.0199000000
0.0238000000
0.0214000000
0.0249000000
0.0238000000
0.0248000000
0.0257000000
0.0251000000
0.0273000000
0.0284000000
0.0267000000
0.0252000000
0.0268000000
0.0225000000
0.0204000000
0.0197000000
0.0206000000
0.0182000000
0.0174000000
0.0180000000
0.0156000000
0.0137000000
0.0122000000
0.0135000000
0.0119000000
0.0118000000
0.0110000000
0.0124000000
0.0095000000
0.0097000000
0.0083000000
0.0092000000
0.0083000000
0.0062000000
0.0082000000
0.0077000000
0.0066000000
0.0084000000
0.0063000000
0.0049000000
0.0058000000
0.0054000000
0.0049000000
0.0076000000
0.0092000000
0.0116000000
0.0097000000
0.0104000000
0.0090000000
0.0090000000
0.0082000000
0.0092000000
0.0085000000
0.0084000000
0.0893000000
