0.1276000000
0.0248000000
0.0303000000
0.0328000000
0.0381000000
0.0329000000
0.0389000000
0.0360000000
0.0366000000
0.0350000000
0.0338000000
0.0321000000
0.0271000000
0.0282000000
0.0269000000
0.0210000000
0.0206000000
0.0215000000
0.0192000000
0.0179000000
0.0151000000
0.0144000000
0.0139000000
0.0118000000
0.0130000000
0.0101000000
0.0105000000
0.0094000000
0.0097000000
0.0082000000
0.0078000000
0.0067000000
0.0139000000
0.0119000000
0.0143000000
0.0145000000
0.0141000000
0.0129000000
0.0135000000
0.0930000000
