0.3129000000
0.0224000000
0.0177000000
0.0191000000
0.0191000000
0.0180000000
0.0130000000
0.0166000000
0.0149000000
0.0130000000
0.0134000000
0.0144000000
0.0138000000
0.0138000000
0.0124000000
0.0126000000
0.0107000000
0.0133000000
0.0099000000
0.0113000000
0.0113000000
0.0092000000
0.0105000000
0.0096000000
0.0080000000
0.0090000000
0.0083000000
0.0079000000
0.0070000000
0.0074000000
0.0087000000
0.0074000000
0.0082000000
0.0158000000
0.0115000000
0.0148000000
0.0156000000
0.0144000000
0.0132000000
0.0132000000
0.0121000000
0.0124000000
0.0119000000
0.0123000000
0.0114000000
0.0127000000
0.0098000000
0.0110000000
0.0110000000
0.0098000000
0.0096000000
0.0101000000
0.0099000000
0.0096000000
0.0077000000
0.0085000000
0.0106000000
0.0082000000
0.0081000000
