0.3203000000
0.0175000000
0.0210000000
0.0154000000
0.0172000000
0.0152000000
0.0156000000
0.0170000000
0.0153000000
0.0153000000
0.0168000000
0.0144000000
0.0121000000
0.0126000000
0.0112000000
0.0122000000
0.0132000000
0.0125000000
0.0111000000
0.0100000000
0.0106000000
0.0103000000
0.0076000000
0.0066000000
0.0096000000
0.0086000000
0.0088000000
0.0082000000
0.0066000000
0.0074000000
0.0083000000
0.0069000000
0.0110000000
0.0134000000
0.0140000000
0.0143000000
0.0155000000
0.0142000000
0.0133000000
0.0125000000
0.0116000000
0.0129000000
0.0137000000
0.0110000000
0.0099000000
0.0104000000
0.0091000000
0.0108000000
0.0109000000
0.0105000000
0.0103000000
0.0104000000
0.0101000000
0.0099000000
0.0089000000
0.0099000000
0.0082000000
0.0095000000
0.0084000000
