0.3236000000
0.0292000000
0.0249000000
0.0252000000
0.0220000000
0.0210000000
0.0221000000
0.0209000000
0.0190000000
0.0187000000
0.0186000000
0.0161000000
0.0176000000
0.0166000000
0.0157000000
0.0135000000
0.0124000000
0.0131000000
0.0105000000
0.0122000000
0.0108000000
0.0104000000
0.0129000000
0.0195000000
0.0212000000
0.0185000000
0.0191000000
0.0200000000
0.0183000000
0.0172000000
0.0155000000
0.0161000000
0.0168000000
0.0160000000
0.0152000000
0.0145000000
0.0125000000
0.0151000000
0.0124000000
0.0126000000
0.0125000000
