0.3220000000
0.0309000000
0.0295000000
0.0266000000
0.0264000000
0.0227000000
0.0213000000
0.0223000000
0.0194000000
0.0203000000
0.0184000000
0.0183000000
0.0158000000
0.0171000000
0.0153000000
0.0118000000
0.0122000000
0.0134000000
0.0121000000
0.0120000000
0.0093000000
0.0132000000
0.0194000000
0.0222000000
0.0223000000
0.0182000000
0.0196000000
0.0188000000
0.0193000000
0.0170000000
0.0170000000
0.0150000000
0.0154000000
0.0160000000
0.0147000000
0.0139000000
0.0137000000
0.0120000000
0.0152000000
