0.0938558242
0.0840681400
0.0753011572
0.0674484325
0.0604146234
0.0541143298
0.0484710575
0.0434162897
0.0388886545
0.0348331804
0.0312006283
0.0279468942
0.0250324734
0.0224219807
0.0200837213
0.0179893055
0.0161133043
0.0144329404
0.0129278121
0.0115796449
0.0103720703
0.0092904268
0.0083215816
0.0074537717
0.0066764607
0.0059802110
0.0053565692
0.0047979634
0.0042976114
0.0038494382
0.0034480024
0.0030884301
0.0027663555
0.0024778682
0.0022194656
0.0019880103
0.0017806921
0.0015949940
0.0014286612
0.0012796744
0.0011462245
0.0010266913
0.0009196236
0.0008237213
0.0007378202
0.1063372672
