0.0732477116
0.0672863479
0.0618101579
0.0567796550
0.0521585664
0.0479135712
0.0440140607
0.0404319172
0.0371413111
0.0341185155
0.0313417342
0.0287909450
0.0264477552
0.0242952690
0.0223179658
0.0205015881
0.0188330388
0.0173002866
0.0158922795
0.0145988649
0.0134107166
0.0123192674
0.0113166473
0.0103956267
0.0095495646
0.0087723604
0.0080584101
0.0074025655
0.0068000978
0.0062466627
0.0057382696
0.0052712528
0.0048422448
0.0044481522
0.0040861333
0.0037535779
0.0034480879
0.0031674606
0.0029096726
0.0026728649
0.0024553302
0.0022554999
0.0020719330
0.0019033059
0.0017484028
0.0016061067
0.0014753915
0.0013553148
0.0012450107
0.0011436838
0.0010506036
0.0009650988
0.0008865529
0.0008143996
0.0007481186
0.0006872320
0.0006313007
0.0005799214
0.1065456155
