0.0834252163
0.0756921422
0.0686758829
0.0623099936
0.0565341884
0.0512937696
0.0465391098
0.0422251817
0.0383111318
0.0347598935
0.0315378361
0.0286144463
0.0259620393
0.0235554962
0.0213720269
0.0193909536
0.0175935153
0.0159626899
0.0144830334
0.0131405332
0.0119224756
0.0108173255
0.0098146169
0.0089048541
0.0080794215
0.0073305020
0.0066510035
0.0060344908
0.0054751256
0.0049676105
0.0045071394
0.0040893516
0.0037102904
0.0033663662
0.0030543220
0.0027712025
0.0025143268
0.0022812621
0.0020698012
0.0018779416
0.0017038664
0.0015459271
0.0014026278
0.0012726117
0.0011546474
0.0010476177
0.0009505091
0.0008624019
0.0007824619
0.0007099318
0.0006441249
0.1063047623
