0.0736069306
0.0675869526
0.0620593213
0.0569837700
0.0523233251
0.0480440370
0.0441147324
0.0405067879
0.0371939209
0.0341519983
0.0313588607
0.0287941613
0.0264392171
0.0242768730
0.0222913774
0.0204682664
0.0187942594
0.0172571619
0.0158457767
0.0145498223
0.0133598581
0.0122672157
0.0112639356
0.0103427092
0.0094968258
0.0087201234
0.0080069439
0.0073520922
0.0067507978
0.0061986806
0.0056917185
0.0052262186
0.0047987898
0.0044063185
0.0040459456
0.0037150460
0.0034112092
0.0031322218
0.0028760516
0.0026408323
0.0024248506
0.0022265330
0.0020444349
0.0018772299
0.0017236997
0.0015827261
0.0014532821
0.0013344247
0.0012252882
0.0011250774
0.0010330624
0.0009485729
0.0008709934
0.0007997588
0.0007343501
0.0006742910
0.0006191437
0.0005685068
0.1063826879
