0.0906449865
0.0815155270
0.0733055561
0.0659224659
0.0592829759
0.0533121930
0.0479427675
0.0431141324
0.0387718214
0.0348668534
0.0313551806
0.0281971918
0.0253572651
0.0228033662
0.0205066875
0.0184413226
0.0165839744
0.0149136920
0.0134116349
0.0120608599
0.0108461305
0.0097537445
0.0087713800
0.0078879560
0.0070935075
0.0063790732
0.0057365943
0.0051588237
0.0046392443
0.0041719951
0.0037518057
0.0033739364
0.0030341248
0.0027285380
0.0024537287
0.0022065974
0.0019843563
0.0017844986
0.0016047699
0.0014431428
0.0012977943
0.0011670848
0.0010495399
0.0009438338
0.0008487740
0.0007632883
0.0006864125
0.1061288705
