0.0750797216
0.0688164276
0.0630756296
0.0578137399
0.0529908071
0.0485702126
0.0445183926
0.0408045831
0.0374005867
0.0342805583
0.0314208085
0.0287996246
0.0263971048
0.0241950078
0.0221766140
0.0203265984
0.0186309147
0.0170766881
0.0156521182
0.0143463885
0.0131495853
0.0120526218
0.0110471690
0.0101255930
0.0092808967
0.0085066665
0.0077970242
0.0071465815
0.0065504000
0.0060039531
0.0055030918
0.0050440134
0.0046232321
0.0042375533
0.0038840485
0.0035600337
0.0032630489
0.0029908391
0.0027413376
0.0025126500
0.0023030399
0.0021109159
0.0019348193
0.0017734129
0.0016254714
0.0014898715
0.0013655836
0.0012516640
0.0011472478
0.0010515422
0.0009638205
0.0008834168
0.0008097204
0.0007421720
0.0006802586
0.0006235101
0.0005714957
0.1062791710
