0.0352342499
0.0338548584
0.0325294689
0.0312559673
0.0300323222
0.0288565819
0.0277268707
0.0266413869
0.0255983988
0.0245962428
0.0236333204
0.0227080956
0.0218190926
0.0209648933
0.0201441352
0.0193555091
0.0185977570
0.0178696703
0.0171700876
0.0164978930
0.0158520142
0.0152314211
0.0146351237
0.0140621708
0.0135116485
0.0129826787
0.0124744177
0.0119860546
0.0115168106
0.0110659370
0.0106327148
0.0102164529
0.0098164873
0.0094321800
0.0090629180
0.0087081123
0.0083671970
0.0080396282
0.0077248834
0.0074224607
0.0071318775
0.0068526705
0.0065843941
0.0063266206
0.0060789387
0.0058409533
0.0056122848
0.0053925686
0.0051814540
0.0049786044
0.0047836962
0.0045964185
0.0044164725
0.0042435713
0.0040774390
0.0039178107
0.0037644317
0.0036170573
0.0034754525
0.0033393914
0.0032086570
0.0030830408
0.0029623423
0.0028463691
0.0027349361
0.0026278656
0.0025249869
0.0024261358
0.0023311546
0.0022398918
0.0021522019
0.0020679450
0.0019869867
0.0019091978
0.0018344543
0.0017626369
0.0016936312
0.0016273269
0.0015636184
0.0015024041
0.0014435862
0.0013870710
0.0013327683
0.0012805916
0.0012304575
0.0011822861
0.0011360006
0.0010915271
0.0010487947
0.0010077353
0.0009682833
0.0009303758
0.0008939524
0.0008589549
0.0008253275
0.0007930166
0.0007619707
0.0007321402
0.0007034775
0.0006759369
0.0006494746
0.0006240482
0.0005996172
0.0005761427
0.0005535872
0.0005319147
0.0005110907
0.0004910819
0.0004718565
0.0004533837
0.0004356341
0.0004185794
0.0004021923
0.0003864469
0.0003713178
0.0003567810
0.0003428133
0.0003293925
0.0003164970
0.0003041064
0.0002922009
0.0002807615
0.0002697699
0.0002592086
0.0002490608
0.1061127820
