0.0280350800
0.0271617848
0.0263156928
0.0254959566
0.0247017553
0.0239322934
0.0231868004
0.0224645295
0.0217647574
0.0210867832
0.0204299281
0.0197935340
0.0191769637
0.0185795995
0.0180008434
0.0174401155
0.0168968543
0.0163705158
0.0158605728
0.0153665145
0.0148878462
0.0144240885
0.0139747769
0.0135394613
0.0131177059
0.0127090882
0.0123131990
0.0119296417
0.0115580323
0.0111979986
0.0108491799
0.0105112270
0.0101838014
0.0098665750
0.0095592304
0.0092614595
0.0089729642
0.0086934556
0.0084226536
0.0081602872
0.0079060936
0.0076598180
0.0074212140
0.0071900426
0.0069660721
0.0067490783
0.0065388439
0.0063351584
0.0061378176
0.0059466241
0.0057613862
0.0055819185
0.0054080412
0.0052395803
0.0050763669
0.0049182376
0.0047650341
0.0046166028
0.0044727952
0.0043334673
0.0041984794
0.0040676964
0.0039409873
0.0038182252
0.0036992871
0.0035840540
0.0034724104
0.0033642445
0.0032594480
0.0031579159
0.0030595465
0.0029642414
0.0028719050
0.0027824449
0.0026957715
0.0026117980
0.0025304402
0.0024516168
0.0023752487
0.0023012595
0.0022295751
0.0021601236
0.0020928356
0.0020276435
0.0019644823
0.0019032885
0.0018440009
0.0017865601
0.0017309086
0.0016769906
0.0016247522
0.0015741410
0.0015251064
0.0014775992
0.0014315719
0.0013869783
0.0013437738
0.0013019151
0.0012613603
0.0012220688
0.0011840013
0.0011471195
0.0011113867
0.0010767669
0.0010432255
0.0010107289
0.0009792446
0.0009487411
0.0009191877
0.0008905549
0.0008628141
0.0008359373
0.0008098978
0.0007846694
0.0007602269
0.0007365458
0.0007136023
0.0006913735
0.0006698372
0.0006489717
0.0006287562
0.0006091703
0.0005901946
0.0005718100
0.0005539981
0.0005367410
0.0005200215
0.0005038228
0.0004881286
0.0004729234
0.0004581918
0.0004439191
0.0004300909
0.0004166936
0.0004037135
0.0003911378
0.0003789538
0.0003671494
0.0003557127
0.0003446322
0.0003338969
0.0003234959
0.0003134190
0.0003036560
0.0002941971
0.0002850328
0.0002761540
0.0002675518
0.0002592175
0.0002511429
0.0002433197
0.0002357403
0.0002283970
0.0002212824
0.0002143894
0.0002077112
0.0002012410
0.0001949723
0.1060641523
