0.0195559365
0.0191310091
0.0187153149
0.0183086532
0.0179108278
0.0175216467
0.0171409220
0.0167684701
0.0164041110
0.0160476691
0.0156989722
0.0153578521
0.0150241441
0.0146976872
0.0143783238
0.0140658998
0.0137602644
0.0134612702
0.0131687727
0.0128826308
0.0126027064
0.0123288645
0.0120609729
0.0117989022
0.0115425260
0.0112917205
0.0110463648
0.0108063403
0.0105715313
0.0103418244
0.0101171088
0.0098972760
0.0096822199
0.0094718367
0.0092660249
0.0090646851
0.0088677202
0.0086750351
0.0084865369
0.0083021344
0.0081217389
0.0079452631
0.0077726219
0.0076037320
0.0074385119
0.0072768818
0.0071187638
0.0069640815
0.0068127602
0.0066647270
0.0065199103
0.0063782404
0.0062396487
0.0061040686
0.0059714344
0.0058416821
0.0057147493
0.0055905745
0.0054690980
0.0053502609
0.0052340061
0.0051202773
0.0050090197
0.0049001797
0.0047937045
0.0046895430
0.0045876448
0.0044879607
0.0043904426
0.0042950435
0.0042017172
0.0041104189
0.0040211044
0.0039337305
0.0038482552
0.0037646372
0.0036828360
0.0036028124
0.0035245275
0.0034479437
0.0033730239
0.0032997321
0.0032280328
0.0031578915
0.0030892743
0.0030221480
0.0029564803
0.0028922394
0.0028293945
0.0027679151
0.0027077716
0.0026489349
0.0025913767
0.0025350691
0.0024799851
0.0024260979
0.0023733817
0.0023218109
0.0022713607
0.0022220067
0.0021737251
0.0021264926
0.0020802865
0.0020350843
0.0019908643
0.0019476052
0.0019052860
0.0018638864
0.0018233864
0.0017837663
0.0017450072
0.0017070903
0.0016699972
0.0016337101
0.0015982116
0.0015634843
0.0015295116
0.0014962772
0.0014637648
0.0014319589
0.0014008442
0.0013704055
0.0013406282
0.0013114979
0.0012830006
0.0012551225
0.0012278502
0.0012011705
0.0011750705
0.0011495376
0.0011245595
0.0011001241
0.0010762197
0.0010528347
0.0010299579
0.0010075781
0.0009856846
0.0009642669
0.0009433145
0.0009228174
0.0009027657
0.0008831496
0.0008639598
0.0008451870
0.0008268221
0.0008088562
0.0007912807
0.0007740871
0.0007572671
0.0007408126
0.0007247156
0.0007089684
0.0006935634
0.0006784931
0.0006637502
0.0006493277
0.0006352186
0.0006214160
0.0006079134
0.0005947042
0.0005817819
0.0005691405
0.0005567737
0.0005446757
0.0005328406
0.0005212626
0.0005099361
0.0004988558
0.0004880163
0.0004774123
0.0004670387
0.0004568905
0.0004469628
0.0004372508
0.0004277499
0.0004184554
0.0004093628
0.0004004678
0.0003917662
0.0003832535
0.0003749259
0.0003667792
0.0003588095
0.0003510130
0.0003433859
0.0003359245
0.0003286253
0.0003214847
0.0003144992
0.0003076655
0.0003009803
0.0002944403
0.0002880425
0.0002817837
0.0002756608
0.0002696711
0.0002638114
0.0002580791
0.0002524714
0.0002469855
0.0002416187
0.0002363687
0.0002312326
0.0002262082
0.0002212930
0.0002164846
0.0002117806
0.0002071789
0.0002026771
0.0001982732
0.0001939649
0.0001897503
0.0001856273
0.0001815938
0.0001776480
0.0001737879
0.0001700117
0.0001663175
0.0001627037
0.0001591683
0.0001557098
0.0001523264
0.0001490165
0.0001457785
0.0001426110
0.0001395122
0.0001364807
0.1061446131
