0.1042842262
0.0922006708
0.0815172535
0.0720717383
0.0637206878
0.0563372849
0.0498094069
0.0440379231
0.0389351889
0.0344237155
0.0304349927
0.0269084486
0.0237905300
0.0210338889
0.0185966635
0.0164418428
0.0145367041
0.0128523164
0.0113631010
0.0100464430
0.0088823479
0.0078531382
0.0069431844
0.0061386681
0.0054273723
0.0047984953
0.0042424871
0.0037509043
0.0033162819
0.0029320198
0.0025922827
0.0022919114
0.0020263445
0.0017915492
0.0015839599
0.0014004243
0.0012381553
0.0010946885
0.0009678455
0.0008556999
0.1065292128
