0.0339837990
0.0327005783
0.0314658118
0.0302776697
0.0291343917
0.0280342836
0.0269757153
0.0259571183
0.0249769833
0.0240338580
0.0231263449
0.0222530993
0.0214128272
0.0206042836
0.0198262705
0.0190776350
0.0183572677
0.0176641014
0.0169971089
0.0163553018
0.0157377293
0.0151434762
0.0145716619
0.0140214392
0.0134919928
0.0129825381
0.0124923204
0.0120206132
0.0115667175
0.0111299608
0.0107096960
0.0103053003
0.0099161744
0.0095417419
0.0091814479
0.0088347584
0.0085011599
0.0081801580
0.0078712771
0.0075740594
0.0072880646
0.0070128689
0.0067480646
0.0064932592
0.0062480751
0.0060121492
0.0057851318
0.0055666865
0.0053564897
0.0051542298
0.0049596073
0.0047723336
0.0045921314
0.0044187335
0.0042518831
0.0040913330
0.0039368451
0.0037881907
0.0036451495
0.0035075095
0.0033750667
0.0032476249
0.0031249953
0.0030069962
0.0028934527
0.0027841966
0.0026790659
0.0025779050
0.0024805639
0.0023868984
0.0022967696
0.0022100441
0.0021265933
0.0020462936
0.0019690260
0.0018946761
0.0018231335
0.0017542924
0.0016880507
0.0016243103
0.0015629767
0.0015039591
0.0014471699
0.0013925251
0.0013399436
0.0012893477
0.0012406622
0.0011938151
0.0011487369
0.0011053608
0.0010636227
0.0010234605
0.0009848149
0.0009476285
0.0009118462
0.0008774151
0.0008442841
0.0008124041
0.0007817279
0.0007522101
0.0007238068
0.0006964760
0.0006701772
0.0006448715
0.0006205213
0.0005970905
0.0005745445
0.0005528499
0.0005319744
0.0005118871
0.0004925584
0.0004739595
0.0004560629
0.0004388421
0.0004222715
0.0004063266
0.0003909838
0.0003762203
0.0003620143
0.0003483448
0.0003351913
0.0003225346
0.0003103558
0.0002986368
0.0002873603
0.0002765097
0.0002660687
0.0002560220
0.0002463547
0.1062779079
