0.1030911849
0.0912825267
0.0808265002
0.0715681672
0.0633703370
0.0561115336
0.0496841952
0.0439930813
0.0389538603
0.0344918607
0.0305409643
0.0270426263
0.0239450081
0.0212022089
0.0187735858
0.0166231511
0.0147190396
0.0130330360
0.0115401570
0.0102182809
0.0090478202
0.0080114307
0.0070937553
0.0062811957
0.0055617113
0.0049246409
0.0043605442
0.0038610623
0.0034187940
0.0030271856
0.0026804343
0.0023734020
0.0021015388
0.0018608165
0.0016476678
0.0014589345
0.0012918197
0.0011438472
0.0010128244
0.0008968096
0.0007940839
0.1061383760
