0.0374944602
0.0359324218
0.0344354588
0.0330008599
0.0316260272
0.0303084708
0.0290458044
0.0278357413
0.0266760901
0.0255647505
0.0244997100
0.0234790395
0.0225008907
0.0215634921
0.0206651460
0.0198042255
0.0189791713
0.0181884893
0.0174307476
0.0167045737
0.0160086526
0.0153417240
0.0147025799
0.0140900629
0.0135030637
0.0129405191
0.0124014105
0.0118847614
0.0113896362
0.0109151381
0.0104604079
0.0100246219
0.0096069910
0.0092067589
0.0088232006
0.0084556215
0.0081033560
0.0077657661
0.0074422403
0.0071321928
0.0068350620
0.0065503098
0.0062774205
0.0060159000
0.0057652745
0.0055250902
0.0052949121
0.0050743234
0.0048629245
0.0046603326
0.0044661807
0.0042801174
0.0041018055
0.0039309222
0.0037671579
0.0036102162
0.0034598128
0.0033156752
0.0031775425
0.0030451644
0.0029183013
0.0027967234
0.0026802105
0.0025685515
0.0024615444
0.0023589952
0.0022607182
0.0021665355
0.0020762766
0.0019897778
0.0019068827
0.0018274409
0.0017513088
0.0016783484
0.0016084275
0.0015414196
0.0014772033
0.0014156623
0.0013566850
0.0013001649
0.0012459993
0.0011940904
0.0011443439
0.0010966700
0.0010509822
0.0010071977
0.0009652373
0.0009250250
0.0008864880
0.0008495565
0.0008141635
0.0007802451
0.0007477397
0.0007165884
0.0006867350
0.0006581253
0.0006307074
0.0006044318
0.0005792509
0.0005551190
0.0005319925
0.0005098294
0.0004885896
0.0004682347
0.0004487278
0.0004300336
0.0004121182
0.0003949491
0.0003784954
0.0003627270
0.0003476156
0.0003331338
0.0003192553
0.0003059549
0.0002932087
0.0002809935
0.0002692871
0.1061945592
