0.0901010140
0.0810807999
0.0729636195
0.0656590683
0.0590857921
0.0531705812
0.0478475553
0.0430574295
0.0387468539
0.0348678196
0.0313771242
0.0282358901
0.0254091319
0.0228653669
0.0205762638
0.0185163280
0.0166626170
0.0149944851
0.0134933536
0.0121425038
0.0109268906
0.0098329751
0.0088485740
0.0079627234
0.0071655574
0.0064481974
0.0058026539
0.0052217372
0.0046989774
0.0042285523
0.0038052225
0.0034242731
0.0030814615
0.0027729695
0.0024953613
0.0022455451
0.0020207386
0.0018184379
0.0016363900
0.0014725673
0.0013251453
0.0011924821
0.0010731000
0.0009656696
0.0008689942
0.0007819973
0.0007037098
0.1063254986
