0.0807331943
0.0734911402
0.0668987241
0.0608976711
0.0554349339
0.0504622236
0.0459355830
0.0418149982
0.0380640444
0.0346495645
0.0315413756
0.0287120023
0.0261364338
0.0237919029
0.0216576848
0.0197149136
0.0179464159
0.0163365587
0.0148711114
0.0135371199
0.0123227922
0.0112173940
0.0102111539
0.0092951772
0.0084613668
0.0077023522
0.0070114239
0.0063824742
0.0058099437
0.0052887711
0.0048143495
0.0043824853
0.0039893608
0.0036315010
0.0033057425
0.0030092056
0.0027392692
0.0024935470
0.0022698670
0.0020662519
0.0018809018
0.0017121782
0.0015585897
0.0014187787
0.0012915092
0.0011756563
0.0010701957
0.0009741954
0.0008868066
0.0008072569
0.0007348431
0.0006689250
0.0006089201
0.1061792182
