0.0747060296
0.0685049286
0.0628185606
0.0576041992
0.0528226648
0.0484380297
0.0444173487
0.0407304112
0.0373495142
0.0342492543
0.0314063367
0.0287994004
0.0264088572
0.0242167451
0.0222065930
0.0203632970
0.0186730070
0.0171230223
0.0157016967
0.0143983507
0.0132031911
0.0121072378
0.0111022560
0.0101806943
0.0093356285
0.0085607088
0.0078501126
0.0071985007
0.0066009769
0.0060530516
0.0055506078
0.0050898701
0.0046673768
0.0042799533
0.0039246885
0.0035989130
0.0033001791
0.0030262422
0.0027750438
0.0025446966
0.0023334697
0.0021397761
0.0019621603
0.0017992879
0.0016499349
0.0015129793
0.0013873919
0.0012722290
0.0011666255
0.0010697878
0.0009809882
0.0008995596
0.0008248902
0.0007564187
0.0006936309
0.0006360549
0.0005832581
0.1064433806
