0.0180426935
0.0176809837
0.0173265253
0.0169791729
0.0166387840
0.0163052190
0.0159783412
0.0156580164
0.0153441133
0.0150365031
0.0147350598
0.0144396596
0.0141501814
0.0138665065
0.0135885186
0.0133161036
0.0130491499
0.0127875479
0.0125311903
0.0122799721
0.0120337901
0.0117925434
0.0115561332
0.0113244623
0.0110974359
0.0108749607
0.0106569456
0.0104433012
0.0102339398
0.0100287755
0.0098277242
0.0096307036
0.0094376326
0.0092484323
0.0090630249
0.0088813345
0.0087032865
0.0085288079
0.0083578272
0.0081902742
0.0080260801
0.0078651778
0.0077075012
0.0075529855
0.0074015675
0.0072531850
0.0071077773
0.0069652846
0.0068256484
0.0066888117
0.0065547182
0.0064233129
0.0062945419
0.0061683525
0.0060446928
0.0059235122
0.0058047610
0.0056883904
0.0055743527
0.0054626012
0.0053530901
0.0052457744
0.0051406100
0.0050375540
0.0049365639
0.0048375985
0.0047406170
0.0046455798
0.0045524478
0.0044611829
0.0043717476
0.0042841053
0.0041982200
0.0041140564
0.0040315801
0.0039507573
0.0038715547
0.0037939400
0.0037178812
0.0036433472
0.0035703074
0.0034987319
0.0034285913
0.0033598568
0.0032925003
0.0032264941
0.0031618112
0.0030984250
0.0030363095
0.0029754393
0.0029157893
0.0028573352
0.0028000530
0.0027439191
0.0026889106
0.0026350048
0.0025821797
0.0025304136
0.0024796853
0.0024299740
0.0023812592
0.0023335211
0.0022867400
0.0022408967
0.0021959724
0.0021519488
0.0021088078
0.0020665316
0.0020251029
0.0019845048
0.0019447206
0.0019057339
0.0018675288
0.0018300896
0.0017934010
0.0017574479
0.0017222156
0.0016876896
0.0016538558
0.0016207002
0.0015882093
0.0015563698
0.0015251685
0.0014945928
0.0014646301
0.0014352680
0.0014064945
0.0013782979
0.0013506666
0.0013235892
0.0012970546
0.0012710520
0.0012455707
0.0012206002
0.0011961303
0.0011721509
0.0011486523
0.0011256248
0.0011030589
0.0010809454
0.0010592752
0.0010380394
0.0010172294
0.0009968365
0.0009768525
0.0009572691
0.0009380783
0.0009192723
0.0009008432
0.0008827836
0.0008650861
0.0008477433
0.0008307482
0.0008140939
0.0007977734
0.0007817801
0.0007661074
0.0007507489
0.0007356983
0.0007209494
0.0007064962
0.0006923328
0.0006784533
0.0006648521
0.0006515235
0.0006384621
0.0006256626
0.0006131196
0.0006008282
0.0005887831
0.0005769795
0.0005654125
0.0005540775
0.0005429696
0.0005320845
0.0005214176
0.0005109645
0.0005007209
0.0004906828
0.0004808458
0.0004712061
0.0004617596
0.0004525025
0.0004434310
0.0004345414
0.0004258299
0.0004172931
0.0004089275
0.0004007295
0.0003926959
0.0003848234
0.0003771087
0.0003695486
0.0003621401
0.0003548801
0.0003477657
0.0003407939
0.0003339618
0.0003272667
0.0003207059
0.0003142765
0.0003079761
0.0003018020
0.0002957516
0.0002898226
0.0002840124
0.0002783186
0.0002727391
0.0002672713
0.0002619132
0.0002566626
0.0002515171
0.0002464749
0.0002415337
0.0002366915
0.0002319465
0.0002272965
0.0002227398
0.0002182745
0.0002138986
0.0002096105
0.0002054083
0.0002012904
0.0001972551
0.0001933006
0.0001894254
0.0001856279
0.0001819066
0.0001782598
0.0001746862
0.0001711842
0.0001677524
0.0001643893
0.0001610938
0.0001578642
0.0001546995
0.0001515981
0.0001485590
0.0001455808
0.0001426622
0.0001398022
0.0001369996
0.0001342531
0.0001315616
0.0001289242
0.0001263396
0.1061756909
