0.0345313669
0.0332064610
0.0319323893
0.0307072015
0.0295290219
0.0283960469
0.0273065421
0.0262588396
0.0252513356
0.0242824877
0.0233508127
0.0224548844
0.0215933312
0.0207648343
0.0199681253
0.0192019845
0.0184652392
0.0177567615
0.0170754668
0.0164203121
0.0157902945
0.0151844496
0.0146018498
0.0140416033
0.0135028525
0.0129847725
0.0124865704
0.0120074833
0.0115467780
0.0111037491
0.0106777184
0.0102680337
0.0098740679
0.0094952178
0.0091309035
0.0087805673
0.0084436729
0.0081197045
0.0078081662
0.0075085810
0.0072204904
0.0069434533
0.0066770456
0.0064208594
0.0061745027
0.0059375982
0.0057097834
0.0054907093
0.0052800408
0.0050774552
0.0048826425
0.0046953043
0.0045151540
0.0043419158
0.0041753243
0.0040151247
0.0038610717
0.0037129293
0.0035704710
0.0034334785
0.0033017422
0.0031750603
0.0030532390
0.0029360918
0.0028234392
0.0027151090
0.0026109352
0.0025107584
0.0024144251
0.0023217880
0.0022327052
0.0021470404
0.0020646623
0.0019854450
0.0019092671
0.0018360119
0.0017655675
0.0016978259
0.0016326834
0.0015700403
0.0015098007
0.0014518724
0.0013961667
0.0013425983
0.0012910852
0.0012415486
0.0011939127
0.0011481044
0.0011040537
0.0010616932
0.0010209579
0.0009817856
0.0009441163
0.0009078923
0.0008730581
0.0008395604
0.0008073480
0.0007763715
0.0007465836
0.0007179385
0.0006903925
0.0006639034
0.0006384306
0.0006139352
0.0005903796
0.0005677278
0.0005459452
0.0005249982
0.0005048550
0.0004854846
0.0004668575
0.0004489450
0.0004317198
0.0004151555
0.0003992267
0.0003839091
0.0003691792
0.0003550145
0.0003413932
0.0003282946
0.0003156985
0.0003035857
0.0002919377
0.0002807366
0.0002699652
0.0002596072
0.0002496465
0.1062569551
