0.0205940566
0.0201228175
0.0196623615
0.0192124417
0.0187728172
0.0183432522
0.0179235167
0.0175133857
0.0171126394
0.0167210631
0.0163384469
0.0159645859
0.0155992797
0.0152423326
0.0148935532
0.0145527546
0.0142197544
0.0138943739
0.0135764389
0.0132657789
0.0129622276
0.0126656222
0.0123758038
0.0120926171
0.0118159104
0.0115455354
0.0112813472
0.0110232042
0.0107709681
0.0105245037
0.0102836790
0.0100483649
0.0098184354
0.0095937671
0.0093742398
0.0091597358
0.0089501401
0.0087453405
0.0085452271
0.0083496928
0.0081586327
0.0079719445
0.0077895282
0.0076112860
0.0074371224
0.0072669441
0.0071006598
0.0069381805
0.0067794190
0.0066242904
0.0064727115
0.0063246011
0.0061798798
0.0060384700
0.0059002960
0.0057652838
0.0056333609
0.0055044567
0.0053785022
0.0052554297
0.0051351735
0.0050176690
0.0049028533
0.0047906648
0.0046810434
0.0045739305
0.0044692685
0.0043670014
0.0042670744
0.0041694340
0.0040740278
0.0039808048
0.0038897149
0.0038007093
0.0037137404
0.0036287615
0.0035457272
0.0034645928
0.0033853150
0.0033078513
0.0032321601
0.0031582009
0.0030859340
0.0030153208
0.0029463234
0.0028789048
0.0028130288
0.0027486603
0.0026857647
0.0026243082
0.0025642581
0.0025055820
0.0024482485
0.0023922270
0.0023374874
0.0022840004
0.0022317372
0.0021806700
0.0021307712
0.0020820143
0.0020343731
0.0019878220
0.0019423361
0.0018978910
0.0018544629
0.0018120286
0.0017705652
0.0017300506
0.0016904631
0.0016517815
0.0016139849
0.0015770533
0.0015409667
0.0015057058
0.0014712518
0.0014375862
0.0014046910
0.0013725484
0.0013411414
0.0013104530
0.0012804669
0.0012511668
0.0012225373
0.0011945628
0.0011672285
0.0011405197
0.0011144220
0.0010889214
0.0010640044
0.0010396576
0.0010158678
0.0009926225
0.0009699090
0.0009477153
0.0009260294
0.0009048397
0.0008841349
0.0008639039
0.0008441358
0.0008248200
0.0008059463
0.0007875044
0.0007694845
0.0007518769
0.0007346722
0.0007178613
0.0007014350
0.0006853845
0.0006697014
0.0006543771
0.0006394034
0.0006247724
0.0006104762
0.0005965071
0.0005828576
0.0005695205
0.0005564886
0.0005437549
0.0005313125
0.0005191549
0.0005072754
0.0004956678
0.0004843258
0.0004732433
0.0004624144
0.0004518333
0.0004414943
0.0004313919
0.0004215207
0.0004118754
0.0004024507
0.0003932417
0.0003842434
0.0003754511
0.0003668599
0.0003584653
0.0003502628
0.0003422480
0.0003344166
0.0003267644
0.0003192872
0.0003119812
0.0003048424
0.0002978669
0.0002910510
0.0002843911
0.0002778836
0.0002715250
0.0002653119
0.0002592409
0.0002533089
0.0002475126
0.0002418489
0.0002363149
0.0002309075
0.0002256238
0.0002204610
0.0002154163
0.0002104871
0.0002056707
0.0002009645
0.0001963660
0.0001918727
0.0001874822
0.0001831921
0.0001790003
0.0001749044
0.0001709021
0.0001669915
0.0001631704
0.0001594367
0.0001557884
0.0001522236
0.0001487404
0.0001453368
0.0001420112
0.1060641523
