0.0181665145
0.0177998231
0.0174405334
0.0170884960
0.0167435644
0.0164055953
0.0160744481
0.0157499851
0.0154320714
0.0151205748
0.0148153657
0.0145163173
0.0142233052
0.0139362076
0.0136549050
0.0133792805
0.0131092195
0.0128446097
0.0125853411
0.0123313058
0.0120823982
0.0118385148
0.0115995541
0.0113654170
0.0111360058
0.0109112254
0.0106909821
0.0104751845
0.0102637427
0.0100565689
0.0098535769
0.0096546823
0.0094598024
0.0092688561
0.0090817641
0.0088984485
0.0087188332
0.0085428434
0.0083704060
0.0082014492
0.0080359028
0.0078736980
0.0077147673
0.0075590446
0.0074064651
0.0072569655
0.0071104835
0.0069669583
0.0068263302
0.0066885406
0.0065535323
0.0064212491
0.0062916361
0.0061646393
0.0060402060
0.0059182843
0.0057988237
0.0056817743
0.0055670876
0.0054547158
0.0053446123
0.0052367312
0.0051310277
0.0050274579
0.0049259785
0.0048265476
0.0047291236
0.0046336662
0.0045401356
0.0044484929
0.0043587000
0.0042707195
0.0041845150
0.0041000505
0.0040172909
0.0039362018
0.0038567495
0.0037789010
0.0037026238
0.0036278863
0.0035546573
0.0034829065
0.0034126040
0.0033437205
0.0032762275
0.0032100968
0.0031453009
0.0030818130
0.0030196065
0.0029586557
0.0028989352
0.0028404201
0.0027830862
0.0027269096
0.0026718669
0.0026179352
0.0025650921
0.0025133157
0.0024625844
0.0024128771
0.0023641731
0.0023164522
0.0022696946
0.0022238808
0.0021789917
0.0021350087
0.0020919136
0.0020496882
0.0020083153
0.0019677774
0.0019280578
0.0018891399
0.0018510076
0.0018136449
0.0017770365
0.0017411670
0.0017060215
0.0016715854
0.0016378444
0.0016047845
0.0015723919
0.0015406532
0.0015095551
0.0014790847
0.0014492293
0.0014199766
0.0013913144
0.0013632307
0.0013357138
0.0013087524
0.0012823352
0.0012564513
0.0012310898
0.0012062402
0.0011818922
0.0011580357
0.0011346608
0.0011117576
0.0010893168
0.0010673289
0.0010457848
0.0010246756
0.0010039926
0.0009837269
0.0009638704
0.0009444147
0.0009253516
0.0009066734
0.0008883722
0.0008704404
0.0008528705
0.0008356553
0.0008187876
0.0008022604
0.0007860667
0.0007702000
0.0007546535
0.0007394208
0.0007244955
0.0007098716
0.0006955428
0.0006815033
0.0006677471
0.0006542686
0.0006410622
0.0006281224
0.0006154437
0.0006030210
0.0005908490
0.0005789227
0.0005672371
0.0005557874
0.0005445688
0.0005335767
0.0005228065
0.0005122536
0.0005019138
0.0004917826
0.0004818560
0.0004721297
0.0004625998
0.0004532622
0.0004441131
0.0004351486
0.0004263652
0.0004177590
0.0004093265
0.0004010642
0.0003929688
0.0003850367
0.0003772647
0.0003696496
0.0003621882
0.0003548774
0.0003477142
0.0003406956
0.0003338187
0.0003270805
0.0003204784
0.0003140096
0.0003076713
0.0003014609
0.0002953759
0.0002894138
0.0002835719
0.0002778480
0.0002722397
0.0002667445
0.0002613603
0.0002560847
0.0002509156
0.0002458509
0.0002408884
0.0002360260
0.0002312619
0.0002265938
0.0002220200
0.0002175386
0.0002131475
0.0002088451
0.0002046296
0.0002004992
0.0001964521
0.0001924867
0.0001886013
0.0001847944
0.0001810643
0.0001774096
0.0001738285
0.0001703198
0.0001668819
0.0001635134
0.0001602129
0.0001569790
0.0001538103
0.0001507057
0.0001476637
0.0001446831
0.0001417627
0.0001389012
0.0001360975
0.0001333503
0.0001306586
0.0001280213
0.0001254372
0.1060889343
