0.0299771945
0.0289787143
0.0280134914
0.0270804182
0.0261784238
0.0253064730
0.0244635652
0.0236487329
0.0228610411
0.0220995856
0.0213634928
0.0206519177
0.0199640437
0.0192990815
0.0186562678
0.0180348650
0.0174341598
0.0168534629
0.0162921079
0.0157494504
0.0152248678
0.0147177580
0.0142275390
0.0137536483
0.0132955418
0.0128526940
0.0124245965
0.0120107582
0.0116107039
0.0112239746
0.0108501266
0.0104887306
0.0101393720
0.0098016499
0.0094751766
0.0091595775
0.0088544903
0.0085595650
0.0082744631
0.0079988573
0.0077324314
0.0074748797
0.0072259064
0.0069852260
0.0067525621
0.0065276478
0.0063102249
0.0061000440
0.0058968638
0.0057004511
0.0055105805
0.0053270341
0.0051496013
0.0049780784
0.0048122686
0.0046519816
0.0044970334
0.0043472463
0.0042024482
0.0040624731
0.0039271603
0.0037963544
0.0036699055
0.0035476683
0.0034295026
0.0033152727
0.0032048476
0.0030981006
0.0029949091
0.0028951547
0.0027987229
0.0027055030
0.0026153881
0.0025282748
0.0024440631
0.0023626562
0.0022839609
0.0022078867
0.0021343464
0.0020632556
0.0019945327
0.0019280989
0.0018638778
0.0018017957
0.0017417815
0.0016837663
0.0016276834
0.0015734685
0.0015210594
0.0014703960
0.0014214201
0.0013740754
0.0013283077
0.0012840645
0.0012412948
0.0011999498
0.0011599819
0.0011213452
0.0010839955
0.0010478897
0.0010129866
0.0009792461
0.0009466294
0.0009150990
0.0008846189
0.0008551540
0.0008266706
0.0007991358
0.0007725182
0.0007467872
0.0007219132
0.0006978677
0.0006746232
0.0006521528
0.0006304309
0.0006094325
0.0005891335
0.0005695107
0.0005505414
0.0005322040
0.0005144774
0.0004973411
0.0004807757
0.0004647620
0.0004492817
0.0004343171
0.0004198508
0.0004058665
0.0003923479
0.0003792795
0.0003666465
0.0003544342
0.0003426287
0.0003312165
0.0003201843
0.0003095196
0.0002992101
0.0002892440
0.0002796099
0.0002702967
0.0002612936
0.0002525905
0.0002441772
0.0002360441
0.0002281820
0.0002205817
0.0002132345
0.1061886685
