0.0801583751
0.0730190805
0.0665156463
0.0605914395
0.0551948713
0.0502789478
0.0458008603
0.0417216130
0.0380056833
0.0346207124
0.0315372235
0.0287283650
0.0261696772
0.0238388785
0.0217156721
0.0197815688
0.0180197261
0.0164148017
0.0149528197
0.0136210489
0.0124078920
0.0113027849
0.0102961039
0.0093790828
0.0085437361
0.0077827894
0.0070896164
0.0064581807
0.0058829837
0.0053590166
0.0048817165
0.0044469271
0.0040508622
0.0036900727
0.0033614169
0.0030620328
0.0027893132
0.0025408834
0.0023145800
0.0021084323
0.0019206450
0.0017495830
0.0015937567
0.0014518090
0.0013225038
0.0012047152
0.0010974174
0.0009996761
0.0009106401
0.0008295340
0.0007556517
0.0006883497
0.0006270419
0.1064132420
