0.0779386287
0.0711892622
0.0650243806
0.0593933683
0.0542499931
0.0495520264
0.0452608964
0.0413413717
0.0377612719
0.0344912033
0.0315043176
0.0287760917
0.0262841260
0.0240079608
0.0219289079
0.0200298979
0.0182953393
0.0167109908
0.0152638444
0.0139420188
0.0127346612
0.0116318589
0.0106245577
0.0097044872
0.0088640934
0.0080964764
0.0073953339
0.0067549092
0.0061699444
0.0056356366
0.0051475990
0.0047018248
0.0042946539
0.0039227435
0.0035830399
0.0032727541
0.0029893385
0.0027304664
0.0024940122
0.0022780345
0.0020807602
0.0019005695
0.0017359831
0.0015856496
0.0014483348
0.0013229112
0.0012083491
0.0011037079
0.0010081285
0.0009208261
0.0008410840
0.0007682474
0.0007017183
0.0006409506
0.0005854452
0.1061750113
