0.0282639713
0.0273763579
0.0265166195
0.0256838806
0.0248772934
0.0240960366
0.0233393148
0.0226063573
0.0218964179
0.0212087738
0.0205427247
0.0198975925
0.0192727203
0.0186674718
0.0180812308
0.0175134004
0.0169634024
0.0164306767
0.0159146809
0.0154148897
0.0149307942
0.0144619013
0.0140077338
0.0135678292
0.0131417395
0.0127290309
0.0123292831
0.0119420892
0.0115670549
0.0112037984
0.0108519497
0.0105111506
0.0101810540
0.0098613240
0.0095516349
0.0092516715
0.0089611281
0.0086797092
0.0084071280
0.0081431071
0.0078873776
0.0076396791
0.0073997595
0.0071673744
0.0069422872
0.0067242688
0.0065130971
0.0063085571
0.0061104405
0.0059185457
0.0057326773
0.0055526459
0.0053782683
0.0052093670
0.0050457699
0.0048873104
0.0047338273
0.0045851643
0.0044411699
0.0043016975
0.0041666053
0.0040357555
0.0039090149
0.0037862546
0.0036673495
0.0035521786
0.0034406245
0.0033325737
0.0032279162
0.0031265454
0.0030283580
0.0029332542
0.0028411371
0.0027519129
0.0026654907
0.0025817825
0.0025007031
0.0024221700
0.0023461032
0.0022724252
0.0022010610
0.0021319380
0.0020649857
0.0020001361
0.0019373230
0.0018764825
0.0018175526
0.0017604735
0.0017051868
0.0016516364
0.0015997678
0.0015495280
0.0015008660
0.0014537322
0.0014080786
0.0013638587
0.0013210275
0.0012795414
0.0012393582
0.0012004369
0.0011627378
0.0011262227
0.0010908544
0.0010565967
0.0010234149
0.0009912752
0.0009601448
0.0009299920
0.0009007861
0.0008724975
0.0008450972
0.0008185574
0.0007928511
0.0007679521
0.0007438350
0.0007204753
0.0006978492
0.0006759337
0.0006547064
0.0006341457
0.0006142307
0.0005949412
0.0005762574
0.0005581604
0.0005406317
0.0005236534
0.0005072084
0.0004912798
0.0004758515
0.0004609076
0.0004464331
0.0004324131
0.0004188335
0.0004056802
0.0003929401
0.0003806000
0.0003686475
0.0003570704
0.0003458568
0.0003349953
0.0003244750
0.0003142851
0.0003044151
0.0002948551
0.0002855954
0.0002766264
0.0002679391
0.0002595247
0.0002513745
0.0002434802
0.0002358338
0.0002284276
0.0002212540
0.0002143056
0.0002075755
0.0002010567
0.1062011232
