0.0899211364
0.0809369022
0.0728503042
0.0655716573
0.0590202374
0.0531233854
0.0478157019
0.0430383216
0.0387382607
0.0348678291
0.0313841016
0.0282484415
0.0254260726
0.0228856934
0.0205991294
0.0185410215
0.0166885440
0.0150211520
0.0135203530
0.0121695025
0.0109536186
0.0098592165
0.0088741588
0.0079875205
0.0071894684
0.0064711516
0.0058246034
0.0052426535
0.0047188475
0.0042473763
0.0038230108
0.0034410447
0.0030972418
0.0027877890
0.0025092544
0.0022585488
0.0020328919
0.0018297808
0.0016469631
0.0014824111
0.0013342999
0.0012009868
0.0010809934
0.0009729887
0.0008757751
0.0007882744
0.0007095160
0.1063918666
