0.0128753153
0.0126911223
0.0125095643
0.0123306036
0.0121542032
0.0119803263
0.0118089368
0.0116399993
0.0114734786
0.0113093401
0.0111475497
0.0109880739
0.0108308796
0.0106759340
0.0105232051
0.0103726611
0.0102242708
0.0100780034
0.0099338284
0.0097917160
0.0096516366
0.0095135612
0.0093774611
0.0092433080
0.0091110741
0.0089807320
0.0088522544
0.0087256149
0.0086007871
0.0084777451
0.0083564632
0.0082369165
0.0081190799
0.0080029291
0.0078884400
0.0077755887
0.0076643518
0.0075547063
0.0074466294
0.0073400986
0.0072350919
0.0071315873
0.0070295635
0.0069289992
0.0068298736
0.0067321661
0.0066358564
0.0065409244
0.0064473506
0.0063551154
0.0062641997
0.0061745847
0.0060862516
0.0059991823
0.0059133586
0.0058287626
0.0057453769
0.0056631841
0.0055821671
0.0055023091
0.0054235936
0.0053460042
0.0052695247
0.0051941394
0.0051198326
0.0050465887
0.0049743927
0.0049032295
0.0048330844
0.0047639427
0.0046957902
0.0046286127
0.0045623962
0.0044971269
0.0044327915
0.0043693764
0.0043068685
0.0042452548
0.0041845226
0.0041246592
0.0040656522
0.0040074894
0.0039501586
0.0038936480
0.0038379459
0.0037830406
0.0037289208
0.0036755752
0.0036229927
0.0035711625
0.0035200738
0.0034697160
0.0034200786
0.0033711512
0.0033229239
0.0032753864
0.0032285291
0.0031823420
0.0031368157
0.0030919407
0.0030477077
0.0030041075
0.0029611310
0.0029187694
0.0028770137
0.0028358554
0.0027952860
0.0027552969
0.0027158798
0.0026770267
0.0026387294
0.0026009800
0.0025637706
0.0025270936
0.0024909412
0.0024553060
0.0024201807
0.0023855578
0.0023514302
0.0023177909
0.0022846328
0.0022519491
0.0022197329
0.0021879776
0.0021566766
0.0021258234
0.0020954115
0.0020654348
0.0020358869
0.0020067617
0.0019780531
0.0019497553
0.0019218623
0.0018943683
0.0018672676
0.0018405547
0.0018142239
0.0017882698
0.0017626869
0.0017374701
0.0017126140
0.0016881135
0.0016639635
0.0016401590
0.0016166951
0.0015935668
0.0015707694
0.0015482981
0.0015261483
0.0015043153
0.0014827947
0.0014615820
0.0014406728
0.0014200626
0.0013997474
0.0013797227
0.0013599845
0.0013405287
0.0013213512
0.0013024481
0.0012838154
0.0012654493
0.0012473459
0.0012295015
0.0012119123
0.0011945748
0.0011774853
0.0011606403
0.0011440363
0.0011276699
0.0011115375
0.0010956360
0.0010799619
0.0010645121
0.0010492833
0.0010342723
0.0010194761
0.0010048916
0.0009905157
0.0009763455
0.0009623780
0.0009486103
0.0009350396
0.0009216630
0.0009084777
0.0008954811
0.0008826705
0.0008700431
0.0008575963
0.0008453276
0.0008332344
0.0008213143
0.0008095646
0.0007979831
0.0007865672
0.0007753146
0.0007642231
0.0007532902
0.0007425137
0.0007318913
0.0007214210
0.0007111004
0.0007009275
0.0006909001
0.0006810161
0.0006712735
0.0006616704
0.0006522046
0.0006428742
0.0006336773
0.0006246120
0.0006156763
0.0006068685
0.0005981867
0.0005896291
0.0005811939
0.0005728794
0.0005646839
0.0005566056
0.0005486428
0.0005407940
0.0005330574
0.0005254316
0.0005179148
0.0005105055
0.0005032023
0.0004960035
0.0004889078
0.0004819135
0.0004750193
0.0004682237
0.0004615253
0.0004549228
0.0004484147
0.0004419997
0.0004356765
0.0004294438
0.0004233002
0.0004172445
0.0004112754
0.0004053918
0.0003995923
0.0003938758
0.0003882410
0.0003826869
0.0003772122
0.0003718158
0.0003664967
0.0003612536
0.0003560855
0.0003509914
0.0003459702
0.0003410207
0.0003361421
0.0003313333
0.0003265933
0.0003219211
0.0003173157
0.0003127762
0.0003083017
0.0003038911
0.0002995437
0.0002952585
0.0002910345
0.0002868710
0.0002827670
0.0002787218
0.0002747344
0.0002708041
0.0002669300
0.0002631113
0.0002593473
0.0002556371
0.0002519800
0.0002483752
0.0002448219
0.0002413195
0.0002378673
0.0002344643
0.0002311101
0.0002278039
0.0002245449
0.0002213326
0.0002181663
0.0002150452
0.0002119688
0.0002089364
0.0002059473
0.0002030011
0.0002000970
0.0001972344
0.0001944128
0.0001916315
0.0001888901
0.0001861878
0.0001835242
0.0001808988
0.0001783108
0.0001757599
0.0001732455
0.0001707671
0.0001683241
0.0001659161
0.0001635425
0.0001612029
0.0001588967
0.0001566236
0.0001543829
0.0001521743
0.0001499974
0.0001478515
0.0001457364
0.0001436515
0.0001415964
0.0001395707
0.0001375740
0.0001356059
0.0001336660
0.0001317538
0.0001298689
0.0001280110
0.0001261797
0.0001243746
0.0001225953
0.0001208414
0.0001191127
0.0001174087
0.0001157290
0.0001140734
0.0001124415
0.0001108329
0.0001092474
0.0001076845
0.0001061440
0.0001046255
0.0001031287
0.0001016534
0.0001001991
0.0000987657
0.0000973528
0.0000959600
0.0000945872
0.0000932341
0.0000919003
0.0000905856
0.0000892897
0.0000880123
0.1060641523
