0.0362560746
0.0347955157
0.0333937948
0.0320485416
0.0307574813
0.0295184307
0.0283292946
0.0271880624
0.0260928041
0.0250416679
0.0240328761
0.0230647231
0.0221355716
0.0212438506
0.0203880521
0.0195667290
0.0187784926
0.0180220099
0.0172960018
0.0165992405
0.0159305479
0.0152887934
0.0146728915
0.0140818010
0.0135145223
0.0129700962
0.0124476020
0.0119461562
0.0114649110
0.0110030525
0.0105597997
0.0101344032
0.0097261435
0.0093343304
0.0089583013
0.0085974204
0.0082510774
0.0079186866
0.0075996861
0.0072935363
0.0069997197
0.0067177393
0.0064471183
0.0061873992
0.0059381427
0.0056989275
0.0054693489
0.0052490187
0.0050375645
0.0048346286
0.0046398679
0.0044529530
0.0042735679
0.0041014092
0.0039361859
0.0037776185
0.0036254389
0.0034793898
0.0033392243
0.0032047052
0.0030756051
0.0029517058
0.0028327978
0.0027186799
0.0026091591
0.0025040504
0.0024031759
0.0023063651
0.0022134543
0.0021242863
0.0020387104
0.0019565819
0.0018777620
0.0018021172
0.0017295198
0.0016598469
0.0015929807
0.0015288083
0.0014672209
0.0014081146
0.0013513894
0.0012969493
0.0012447023
0.0011945601
0.0011464378
0.0011002541
0.0010559309
0.0010133932
0.0009725691
0.0009333897
0.0008957885
0.0008597021
0.0008250694
0.0007918319
0.0007599333
0.0007293197
0.0006999394
0.0006717427
0.0006446819
0.0006187112
0.0005937867
0.0005698663
0.0005469095
0.0005248775
0.0005037330
0.0004834404
0.0004639652
0.0004452746
0.0004273369
0.0004101219
0.0003936003
0.0003777443
0.0003625270
0.0003479228
0.0003339069
0.0003204556
0.0003075462
0.0002951569
0.0002832666
0.0002718553
0.0002609038
0.1062156221
