0.0181885419
0.0178209608
0.0174608082
0.0171079342
0.0167621915
0.0164234362
0.0160915269
0.0157663253
0.0154476959
0.0151355058
0.0148296250
0.0145299258
0.0142362834
0.0139485753
0.0136666817
0.0133904850
0.0131198702
0.0128547243
0.0125949368
0.0123403996
0.0120910064
0.0118466533
0.0116072385
0.0113726621
0.0111428264
0.0109176355
0.0106969957
0.0104808148
0.0102690029
0.0100614716
0.0098581343
0.0096589065
0.0094637049
0.0092724482
0.0090850568
0.0089014524
0.0087215586
0.0085453003
0.0083726041
0.0082033981
0.0080376116
0.0078751755
0.0077160222
0.0075600854
0.0074072999
0.0072576021
0.0071109297
0.0069672214
0.0068264174
0.0066884590
0.0065532886
0.0064208500
0.0062910879
0.0061639482
0.0060393780
0.0059173252
0.0057977391
0.0056805697
0.0055657683
0.0054532869
0.0053430788
0.0052350979
0.0051292992
0.0050256387
0.0049240731
0.0048245601
0.0047270582
0.0046315267
0.0045379259
0.0044462168
0.0043563610
0.0042683212
0.0041820606
0.0040975432
0.0040147340
0.0039335982
0.0038541022
0.0037762128
0.0036998974
0.0036251244
0.0035518625
0.0034800812
0.0034097505
0.0033408412
0.0032733245
0.0032071722
0.0031423569
0.0030788515
0.0030166295
0.0029556649
0.0028959324
0.0028374071
0.0027800646
0.0027238809
0.0026688326
0.0026148969
0.0025620511
0.0025102734
0.0024595420
0.0024098360
0.0023611344
0.0023134171
0.0022666641
0.0022208560
0.0021759736
0.0021319983
0.0020889117
0.0020466958
0.0020053331
0.0019648064
0.0019250987
0.0018861934
0.0018480744
0.0018107257
0.0017741319
0.0017382776
0.0017031479
0.0016687281
0.0016350040
0.0016019614
0.0015695866
0.0015378660
0.0015067865
0.0014763351
0.0014464992
0.0014172661
0.0013886239
0.0013605605
0.0013330643
0.0013061237
0.0012797277
0.0012538650
0.0012285250
0.0012036972
0.0011793711
0.0011555366
0.0011321838
0.0011093029
0.0010868845
0.0010649191
0.0010433976
0.0010223111
0.0010016507
0.0009814078
0.0009615741
0.0009421412
0.0009231010
0.0009044456
0.0008861672
0.0008682582
0.0008507111
0.0008335187
0.0008166737
0.0008001691
0.0007839981
0.0007681539
0.0007526299
0.0007374197
0.0007225168
0.0007079151
0.0006936085
0.0006795910
0.0006658568
0.0006524002
0.0006392155
0.0006262973
0.0006136402
0.0006012388
0.0005890881
0.0005771829
0.0005655183
0.0005540895
0.0005428916
0.0005319201
0.0005211702
0.0005106376
0.0005003179
0.0004902067
0.0004802999
0.0004705933
0.0004610828
0.0004517646
0.0004426347
0.0004336892
0.0004249246
0.0004163371
0.0004079231
0.0003996792
0.0003916019
0.0003836878
0.0003759337
0.0003683363
0.0003608924
0.0003535989
0.0003464529
0.0003394512
0.0003325911
0.0003258696
0.0003192839
0.0003128314
0.0003065092
0.0003003148
0.0002942456
0.0002882991
0.0002824727
0.0002767640
0.0002711708
0.0002656906
0.0002603211
0.0002550601
0.0002499055
0.0002448550
0.0002399066
0.0002350582
0.0002303078
0.0002256534
0.0002210931
0.0002166249
0.0002122470
0.0002079576
0.0002037549
0.0001996371
0.0001956026
0.0001916495
0.0001877764
0.0001839815
0.0001802634
0.0001766203
0.0001730509
0.0001695537
0.0001661271
0.0001627697
0.0001594802
0.0001562572
0.0001530993
0.0001500053
0.0001469737
0.0001440035
0.0001410932
0.0001382418
0.0001354480
0.0001327107
0.0001300287
0.0001274009
0.1061766102
