0.0180716758
0.0177088030
0.0173532166
0.0170047703
0.0166633206
0.0163287272
0.0160008522
0.0156795609
0.0153647209
0.0150562029
0.0147538797
0.0144576271
0.0141673232
0.0138828485
0.0136040859
0.0133309207
0.0130632406
0.0128009355
0.0125438973
0.0122920204
0.0120452010
0.0118033377
0.0115663309
0.0113340832
0.0111064989
0.0108834844
0.0106649479
0.0104507996
0.0102409513
0.0100353167
0.0098338112
0.0096363518
0.0094428573
0.0092532481
0.0090674463
0.0088853752
0.0087069601
0.0085321274
0.0083608054
0.0081929234
0.0080284125
0.0078672049
0.0077092342
0.0075544356
0.0074027452
0.0072541008
0.0071084410
0.0069657061
0.0068258372
0.0066887769
0.0065544687
0.0064228573
0.0062938886
0.0061675096
0.0060436682
0.0059223136
0.0058033956
0.0056868655
0.0055726753
0.0054607780
0.0053511276
0.0052436788
0.0051383877
0.0050352107
0.0049341055
0.0048350304
0.0047379447
0.0046428085
0.0045495826
0.0044582286
0.0043687090
0.0042809869
0.0041950262
0.0041107916
0.0040282484
0.0039473626
0.0038681010
0.0037904309
0.0037143204
0.0036397382
0.0035666536
0.0034950365
0.0034248574
0.0033560875
0.0032886985
0.0032226626
0.0031579527
0.0030945421
0.0030324048
0.0029715152
0.0029118483
0.0028533794
0.0027960846
0.0027399402
0.0026849232
0.0026310109
0.0025781812
0.0025264122
0.0024756828
0.0024259719
0.0023772593
0.0023295248
0.0022827488
0.0022369120
0.0021919956
0.0021479811
0.0021048504
0.0020625858
0.0020211698
0.0019805855
0.0019408160
0.0019018451
0.0018636568
0.0018262352
0.0017895651
0.0017536312
0.0017184190
0.0016839137
0.0016501013
0.0016169679
0.0015844998
0.0015526836
0.0015215063
0.0014909550
0.0014610171
0.0014316804
0.0014029328
0.0013747624
0.0013471577
0.0013201072
0.0012936000
0.0012676249
0.0012421715
0.0012172291
0.0011927876
0.0011688369
0.0011453670
0.0011223685
0.0010998317
0.0010777475
0.0010561067
0.0010349005
0.0010141201
0.0009937569
0.0009738026
0.0009542490
0.0009350880
0.0009163118
0.0008979126
0.0008798828
0.0008622151
0.0008449021
0.0008279368
0.0008113121
0.0007950213
0.0007790575
0.0007634143
0.0007480852
0.0007330640
0.0007183443
0.0007039202
0.0006897857
0.0006759351
0.0006623626
0.0006490626
0.0006360296
0.0006232584
0.0006107436
0.0005984801
0.0005864628
0.0005746868
0.0005631473
0.0005518395
0.0005407588
0.0005299006
0.0005192603
0.0005088338
0.0004986166
0.0004886045
0.0004787935
0.0004691795
0.0004597586
0.0004505268
0.0004414804
0.0004326156
0.0004239288
0.0004154165
0.0004070751
0.0003989012
0.0003908914
0.0003830424
0.0003753511
0.0003678142
0.0003604286
0.0003531913
0.0003460993
0.0003391498
0.0003323398
0.0003256665
0.0003191273
0.0003127193
0.0003064400
0.0003002868
0.0002942572
0.0002883486
0.0002825586
0.0002768850
0.0002713252
0.0002658771
0.0002605384
0.0002553069
0.0002501804
0.0002451569
0.0002402342
0.0002354104
0.0002306834
0.0002260514
0.0002215124
0.0002170645
0.0002127059
0.0002084348
0.0002042495
0.0002001483
0.0001961294
0.0001921912
0.0001883320
0.0001845504
0.0001808447
0.0001772134
0.0001736550
0.0001701681
0.0001667512
0.0001634029
0.0001601218
0.0001569066
0.0001537560
0.0001506686
0.0001476432
0.0001446786
0.0001417735
0.0001389268
0.0001361372
0.0001334036
0.0001307249
0.0001281000
0.0001255278
0.1061259678
