0.0366397842
0.0351481466
0.0337172350
0.0323445770
0.0310278010
0.0297646322
0.0285528881
0.0273904752
0.0262753851
0.0252056912
0.0241795456
0.0231951752
0.0222508794
0.0213450267
0.0204760521
0.0196424542
0.0188427927
0.0180756862
0.0173398093
0.0166338906
0.0159567104
0.0153070988
0.0146839335
0.0140861377
0.0135126788
0.0129625659
0.0124348485
0.0119286150
0.0114429907
0.0109771366
0.0105302478
0.0101015522
0.0096903092
0.0092958083
0.0089173678
0.0085543340
0.0082060796
0.0078720030
0.0075515269
0.0072440976
0.0069491841
0.0066662768
0.0063948868
0.0061345454
0.0058848027
0.0056452273
0.0054154052
0.0051949393
0.0049834488
0.0047805683
0.0045859472
0.0043992492
0.0042201520
0.0040483459
0.0038835342
0.0037254322
0.0035737666
0.0034282754
0.0032887073
0.0031548212
0.0030263857
0.0029031789
0.0027849879
0.0026716087
0.0025628451
0.0024585095
0.0023584214
0.0022624080
0.0021703034
0.0020819485
0.0019971905
0.0019158832
0.0018378859
0.0017630640
0.0016912881
0.0016224343
0.0015563836
0.0014930218
0.0014322396
0.0013739319
0.0013179979
0.0012643411
0.0012128687
0.0011634917
0.0011161250
0.0010706865
0.0010270980
0.0009852839
0.0009451721
0.0009066934
0.0008697811
0.0008343715
0.0008004035
0.0007678184
0.0007365599
0.0007065739
0.0006778086
0.0006502144
0.0006237437
0.0005983505
0.0005739911
0.0005506235
0.0005282071
0.0005067033
0.0004860750
0.0004662865
0.0004473035
0.0004290934
0.0004116246
0.0003948670
0.0003787917
0.0003633707
0.0003485776
0.0003343867
0.0003207735
0.0003077145
0.0002951872
0.0002831699
0.0002716418
0.0002605830
0.1061402385
