0.0854837619
0.0773643468
0.0700161297
0.0633658607
0.0573472472
0.0519002934
0.0469707019
0.0425093327
0.0384717130
0.0348175944
0.0315105511
0.0285176173
0.0258089582
0.0233575728
0.0211390248
0.0191311989
0.0173140801
0.0156695549
0.0141812299
0.0128342689
0.0116152449
0.0105120062
0.0095135553
0.0086099392
0.0077921503
0.0070520366
0.0063822204
0.0057760246
0.0052274065
0.0047308972
0.0042815473
0.0038748776
0.0035068341
0.0031737481
0.0028722993
0.0025994827
0.0023525788
0.0021291262
0.0019268976
0.0017438771
0.0015782403
0.0014283359
0.0012926698
0.0011698895
0.0010587711
0.0009582069
0.0008671946
0.0007848267
0.0007102823
0.0006428183
0.1061249758
