0.0748301798
0.0686084512
0.0629040259
0.0576738930
0.0528786177
0.0484820439
0.0444510216
0.0407551572
0.0373665841
0.0342597528
0.0314112378
0.0287995616
0.0264050323
0.0242095953
0.0221966971
0.0203511606
0.0186590706
0.0171076688
0.0156852578
0.0143811126
0.0131854001
0.0120891047
0.0110839604
0.0101623885
0.0093174403
0.0085427450
0.0078324615
0.0071812343
0.0065841531
0.0060367161
0.0055347955
0.0050746069
0.0046526805
0.0042658350
0.0039111537
0.0035859622
0.0032878086
0.0030144450
0.0027638100
0.0025340140
0.0023233243
0.0021301523
0.0019530416
0.0017906566
0.0016417731
0.0015052685
0.0013801135
0.0012653644
0.0011601562
0.0010636954
0.0009752548
0.0008941676
0.0008198223
0.0007516585
0.0006891621
0.0006318620
0.0005793261
0.1063883633
