0.0183967363
0.0180206919
0.0176523342
0.0172915061
0.0169380536
0.0165918259
0.0162526754
0.0159204574
0.0155950302
0.0152762551
0.0149639959
0.0146581196
0.0143584956
0.0140649962
0.0137774962
0.0134958729
0.0132200062
0.0129497785
0.0126850744
0.0124257811
0.0121717880
0.0119229867
0.0116792711
0.0114405372
0.0112066833
0.0109776095
0.0107532182
0.0105334136
0.0103181020
0.0101071916
0.0099005923
0.0096982161
0.0094999766
0.0093057894
0.0091155714
0.0089292417
0.0087467207
0.0085679305
0.0083927950
0.0082212394
0.0080531906
0.0078885768
0.0077273278
0.0075693749
0.0074146507
0.0072630892
0.0071146257
0.0069691969
0.0068267408
0.0066871967
0.0065505049
0.0064166072
0.0062854465
0.0061569668
0.0060311134
0.0059078325
0.0057870716
0.0056687791
0.0055529046
0.0054393987
0.0053282129
0.0052192999
0.0051126132
0.0050081072
0.0049057373
0.0048054601
0.0047072325
0.0046110128
0.0045167600
0.0044244337
0.0043339947
0.0042454043
0.0041586247
0.0040736190
0.0039903509
0.0039087849
0.0038288861
0.0037506206
0.0036739548
0.0035988562
0.0035252926
0.0034532327
0.0033826458
0.0033135018
0.0032457711
0.0031794249
0.0031144348
0.0030507732
0.0029884129
0.0029273273
0.0028674904
0.0028088765
0.0027514608
0.0026952187
0.0026401262
0.0025861599
0.0025332966
0.0024815140
0.0024307898
0.0023811025
0.0023324308
0.0022847540
0.0022380518
0.0021923042
0.0021474917
0.0021035952
0.0020605960
0.0020184757
0.0019772164
0.0019368005
0.0018972107
0.0018584302
0.0018204423
0.0017832310
0.0017467803
0.0017110747
0.0016760989
0.0016418381
0.0016082776
0.0015754031
0.0015432005
0.0015116562
0.0014807568
0.0014504889
0.0014208397
0.0013917966
0.0013633471
0.0013354792
0.0013081809
0.0012814406
0.0012552469
0.0012295886
0.0012044548
0.0011798348
0.0011557180
0.0011320942
0.0011089533
0.0010862853
0.0010640808
0.0010423301
0.0010210240
0.0010001535
0.0009797095
0.0009596834
0.0009400667
0.0009208510
0.0009020280
0.0008835899
0.0008655286
0.0008478364
0.0008305060
0.0008135297
0.0007969005
0.0007806112
0.0007646549
0.0007490247
0.0007337141
0.0007187163
0.0007040252
0.0006896343
0.0006755376
0.0006617291
0.0006482028
0.0006349530
0.0006219741
0.0006092604
0.0005968066
0.0005846074
0.0005726576
0.0005609520
0.0005494857
0.0005382537
0.0005272514
0.0005164739
0.0005059168
0.0004955754
0.0004854455
0.0004755225
0.0004658025
0.0004562811
0.0004469543
0.0004378182
0.0004288689
0.0004201024
0.0004115152
0.0004031035
0.0003948637
0.0003867924
0.0003788860
0.0003711413
0.0003635549
0.0003561235
0.0003488440
0.0003417134
0.0003347285
0.0003278864
0.0003211841
0.0003146188
0.0003081878
0.0003018882
0.0002957173
0.0002896726
0.0002837515
0.0002779514
0.0002722698
0.0002667044
0.0002612527
0.0002559125
0.0002506814
0.0002455573
0.0002405379
0.0002356211
0.0002308048
0.0002260870
0.0002214656
0.0002169387
0.0002125043
0.0002081605
0.0002039055
0.0001997375
0.0001956547
0.0001916554
0.0001877378
0.0001839003
0.0001801412
0.0001764590
0.0001728520
0.0001693188
0.0001658578
0.0001624675
0.0001591465
0.0001558934
0.0001527068
0.0001495854
0.0001465277
0.0001435326
0.0001405987
0.0001377247
0.0001349095
0.0001321519
0.0001294506
0.0001268045
0.1060766893
