0.1833000000
0.0301000000
0.0270000000
0.0266000000
0.0270000000
0.0277000000
0.0303000000
0.0317000000
0.0308000000
0.0340000000
0.0325000000
0.0361000000
0.0319000000
0.0290000000
0.0250000000
0.0230000000
0.0223000000
0.0218000000
0.0178000000
0.0181000000
0.0163000000
0.0137000000
0.0110000000
0.0119000000
0.0131000000
0.0093000000
0.0096000000
0.0089000000
0.0083000000
0.0077000000
0.0072000000
0.0060000000
0.0066000000
0.0052000000
0.0053000000
0.0041000000
0.0039000000
0.0040000000
0.0034000000
0.0034000000
0.0025000000
0.0025000000
0.0020000000
0.0025000000
0.0021000000
0.0020000000
0.0057000000
0.0054000000
0.0056000000
0.0066000000
0.0062000000
0.0067000000
0.0055000000
0.0049000000
0.0049000000
0.0050000000
0.0050000000
0.0600000000
