0.1796000000
0.0240000000
0.0271000000
0.0262000000
0.0265000000
0.0305000000
0.0261000000
0.0297000000
0.0316000000
0.0298000000
0.0324000000
0.0331000000
0.0334000000
0.0310000000
0.0284000000
0.0249000000
0.0242000000
0.0219000000
0.0205000000
0.0175000000
0.0171000000
0.0143000000
0.0144000000
0.0147000000
0.0107000000
0.0109000000
0.0101000000
0.0077000000
0.0085000000
0.0083000000
0.0061000000
0.0073000000
0.0058000000
0.0058000000
0.0054000000
0.0047000000
0.0040000000
0.0043000000
0.0031000000
0.0026000000
0.0020000000
0.0028000000
0.0030000000
0.0022000000
0.0027000000
0.0014000000
0.0022000000
0.0016000000
0.0050000000
0.0061000000
0.0065000000
0.0054000000
0.0067000000
0.0044000000
0.0049000000
0.0053000000
0.0041000000
0.0045000000
0.0044000000
0.0606000000
