0.1863000000
0.0312000000
0.0349000000
0.0387000000
0.0350000000
0.0380000000
0.0370000000
0.0399000000
0.0386000000
0.0399000000
0.0380000000
0.0317000000
0.0305000000
0.0325000000
0.0234000000
0.0236000000
0.0213000000
0.0175000000
0.0159000000
0.0160000000
0.0122000000
0.0108000000
0.0121000000
0.0096000000
0.0074000000
0.0084000000
0.0082000000
0.0053000000
0.0049000000
0.0050000000
0.0052000000
0.0048000000
0.0042000000
0.0026000000
0.0022000000
0.0023000000
0.0032000000
0.0034000000
0.0073000000
0.0070000000
0.0073000000
0.0075000000
0.0059000000
0.0074000000
0.0068000000
0.0071000000
0.0620000000
