0.1779000000
0.0323000000
0.0361000000
0.0354000000
0.0407000000
0.0390000000
0.0382000000
0.0420000000
0.0389000000
0.0455000000
0.0378000000
0.0393000000
0.0310000000
0.0279000000
0.0242000000
0.0194000000
0.0212000000
0.0193000000
0.0147000000
0.0144000000
0.0127000000
0.0120000000
0.0106000000
0.0090000000
0.0070000000
0.0095000000
0.0064000000
0.0072000000
0.0047000000
0.0037000000
0.0040000000
0.0049000000
0.0033000000
0.0029000000
0.0032000000
0.0023000000
0.0024000000
0.0072000000
0.0070000000
0.0084000000
0.0085000000
0.0059000000
0.0075000000
0.0068000000
0.0063000000
0.0614000000
