0.1847000000
0.0269000000
0.0263000000
0.0286000000
0.0282000000
0.0307000000
0.0305000000
0.0263000000
0.0333000000
0.0338000000
0.0348000000
0.0310000000
0.0325000000
0.0300000000
0.0254000000
0.0247000000
0.0232000000
0.0202000000
0.0195000000
0.0168000000
0.0158000000
0.0151000000
0.0152000000
0.0117000000
0.0126000000
0.0111000000
0.0092000000
0.0082000000
0.0081000000
0.0068000000
0.0070000000
0.0062000000
0.0062000000
0.0048000000
0.0049000000
0.0040000000
0.0041000000
0.0029000000
0.0046000000
0.0021000000
0.0029000000
0.0025000000
0.0025000000
0.0022000000
0.0026000000
0.0024000000
0.0068000000
0.0059000000
0.0060000000
0.0054000000
0.0051000000
0.0054000000
0.0064000000
0.0054000000
0.0060000000
0.0060000000
0.0585000000
