0.1817000000
0.0365000000
0.0346000000
0.0352000000
0.0355000000
0.0372000000
0.0437000000
0.0429000000
0.0424000000
0.0400000000
0.0358000000
0.0329000000
0.0310000000
0.0250000000
0.0275000000
0.0229000000
0.0198000000
0.0169000000
0.0162000000
0.0143000000
0.0133000000
0.0117000000
0.0108000000
0.0110000000
0.0085000000
0.0078000000
0.0074000000
0.0067000000
0.0035000000
0.0062000000
0.0051000000
0.0041000000
0.0031000000
0.0041000000
0.0027000000
0.0020000000
0.0023000000
0.0080000000
0.0062000000
0.0072000000
0.0074000000
0.0064000000
0.0064000000
0.0072000000
0.0054000000
0.0635000000
