0.1818000000
0.0364000000
0.0388000000
0.0423000000
0.0465000000
0.0421000000
0.0462000000
0.0478000000
0.0480000000
0.0427000000
0.0381000000
0.0318000000
0.0326000000
0.0239000000
0.0227000000
0.0194000000
0.0177000000
0.0170000000
0.0140000000
0.0138000000
0.0092000000
0.0107000000
0.0088000000
0.0074000000
0.0071000000
0.0065000000
0.0057000000
0.0049000000
0.0040000000
0.0041000000
0.0031000000
0.0027000000
0.0037000000
0.0073000000
0.0087000000
0.0087000000
0.0080000000
0.0072000000
0.0076000000
0.0086000000
0.0624000000
