0.2472000000
0.0199000000
0.0208000000
0.0215000000
0.0187000000
0.0228000000
0.0219000000
0.0238000000
0.0224000000
0.0214000000
0.0228000000
0.0261000000
0.0251000000
0.0214000000
0.0246000000
0.0228000000
0.0219000000
0.0219000000
0.0231000000
0.0246000000
0.0206000000
0.0174000000
0.0184000000
0.0137000000
0.0137000000
0.0123000000
0.0114000000
0.0111000000
0.0093000000
0.0084000000
0.0074000000
0.0070000000
0.0066000000
0.0074000000
0.0085000000
0.0088000000
0.0074000000
0.0056000000
0.0066000000
0.0056000000
0.0071000000
0.0067000000
0.0063000000
0.0055000000
0.0051000000
0.0055000000
0.0029000000
0.0028000000
0.0049000000
0.0035000000
0.0027000000
0.0031000000
0.0620000000
