0.2420000000
0.0170000000
0.0180000000
0.0175000000
0.0183000000
0.0195000000
0.0194000000
0.0212000000
0.0215000000
0.0195000000
0.0197000000
0.0227000000
0.0211000000
0.0180000000
0.0202000000
0.0221000000
0.0242000000
0.0209000000
0.0197000000
0.0207000000
0.0205000000
0.0205000000
0.0201000000
0.0155000000
0.0160000000
0.0171000000
0.0134000000
0.0118000000
0.0114000000
0.0105000000
0.0100000000
0.0099000000
0.0090000000
0.0062000000
0.0080000000
0.0060000000
0.0062000000
0.0052000000
0.0045000000
0.0054000000
0.0061000000
0.0062000000
0.0056000000
0.0052000000
0.0053000000
0.0060000000
0.0056000000
0.0041000000
0.0048000000
0.0048000000
0.0047000000
0.0042000000
0.0038000000
0.0037000000
0.0033000000
0.0033000000
0.0042000000
0.0036000000
0.0031000000
0.0620000000
