0.2377000000
0.0194000000
0.0197000000
0.0185000000
0.0180000000
0.0196000000
0.0198000000
0.0189000000
0.0219000000
0.0213000000
0.0207000000
0.0180000000
0.0209000000
0.0195000000
0.0199000000
0.0226000000
0.0197000000
0.0255000000
0.0203000000
0.0216000000
0.0194000000
0.0188000000
0.0195000000
0.0181000000
0.0167000000
0.0153000000
0.0135000000
0.0131000000
0.0129000000
0.0101000000
0.0071000000
0.0077000000
0.0089000000
0.0092000000
0.0062000000
0.0071000000
0.0061000000
0.0053000000
0.0064000000
0.0085000000
0.0071000000
0.0059000000
0.0056000000
0.0059000000
0.0055000000
0.0067000000
0.0046000000
0.0053000000
0.0045000000
0.0050000000
0.0047000000
0.0034000000
0.0045000000
0.0039000000
0.0034000000
0.0031000000
0.0037000000
0.0029000000
0.0609000000
