0.2436000000
0.0295000000
0.0277000000
0.0283000000
0.0306000000
0.0283000000
0.0313000000
0.0301000000
0.0287000000
0.0308000000
0.0302000000
0.0338000000
0.0312000000
0.0335000000
0.0300000000
0.0271000000
0.0258000000
0.0200000000
0.0201000000
0.0169000000
0.0144000000
0.0145000000
0.0108000000
0.0092000000
0.0096000000
0.0079000000
0.0125000000
0.0093000000
0.0088000000
0.0071000000
0.0074000000
0.0072000000
0.0066000000
0.0051000000
0.0064000000
0.0048000000
0.0068000000
0.0059000000
0.0052000000
0.0630000000
