0.2474000000
0.0196000000
0.0182000000
0.0187000000
0.0192000000
0.0203000000
0.0193000000
0.0214000000
0.0206000000
0.0219000000
0.0183000000
0.0208000000
0.0219000000
0.0228000000
0.0212000000
0.0202000000
0.0211000000
0.0190000000
0.0196000000
0.0217000000
0.0204000000
0.0193000000
0.0188000000
0.0184000000
0.0151000000
0.0151000000
0.0131000000
0.0109000000
0.0107000000
0.0097000000
0.0104000000
0.0091000000
0.0085000000
0.0070000000
0.0072000000
0.0064000000
0.0057000000
0.0053000000
0.0057000000
0.0064000000
0.0069000000
0.0047000000
0.0067000000
0.0056000000
0.0058000000
0.0053000000
0.0053000000
0.0044000000
0.0046000000
0.0052000000
0.0054000000
0.0047000000
0.0035000000
0.0044000000
0.0041000000
0.0035000000
0.0031000000
0.0604000000
