0.2479000000
0.0209000000
0.0232000000
0.0197000000
0.0205000000
0.0219000000
0.0221000000
0.0226000000
0.0230000000
0.0243000000
0.0237000000
0.0243000000
0.0233000000
0.0257000000
0.0218000000
0.0234000000
0.0279000000
0.0240000000
0.0259000000
0.0213000000
0.0210000000
0.0168000000
0.0133000000
0.0152000000
0.0121000000
0.0110000000
0.0126000000
0.0100000000
0.0082000000
0.0099000000
0.0071000000
0.0095000000
0.0062000000
0.0054000000
0.0062000000
0.0068000000
0.0067000000
0.0069000000
0.0065000000
0.0060000000
0.0044000000
0.0051000000
0.0044000000
0.0050000000
0.0041000000
0.0055000000
0.0046000000
0.0056000000
0.0051000000
0.0044000000
0.0032000000
0.0638000000
