0.2475000000
0.0204000000
0.0235000000
0.0232000000
0.0233000000
0.0222000000
0.0235000000
0.0185000000
0.0218000000
0.0233000000
0.0230000000
0.0215000000
0.0227000000
0.0249000000
0.0263000000
0.0247000000
0.0234000000
0.0248000000
0.0241000000
0.0214000000
0.0208000000
0.0184000000
0.0171000000
0.0134000000
0.0135000000
0.0107000000
0.0127000000
0.0108000000
0.0094000000
0.0080000000
0.0065000000
0.0079000000
0.0060000000
0.0070000000
0.0090000000
0.0066000000
0.0079000000
0.0061000000
0.0063000000
0.0054000000
0.0063000000
0.0051000000
0.0058000000
0.0043000000
0.0042000000
0.0053000000
0.0050000000
0.0036000000
0.0039000000
0.0035000000
0.0033000000
0.0622000000
