0.2429000000
0.0192000000
0.0234000000
0.0225000000
0.0223000000
0.0206000000
0.0228000000
0.0227000000
0.0242000000
0.0259000000
0.0248000000
0.0230000000
0.0249000000
0.0233000000
0.0243000000
0.0247000000
0.0249000000
0.0247000000
0.0227000000
0.0216000000
0.0209000000
0.0181000000
0.0155000000
0.0158000000
0.0125000000
0.0121000000
0.0093000000
0.0107000000
0.0090000000
0.0091000000
0.0068000000
0.0081000000
0.0066000000
0.0083000000
0.0084000000
0.0070000000
0.0063000000
0.0073000000
0.0066000000
0.0055000000
0.0053000000
0.0059000000
0.0060000000
0.0055000000
0.0051000000
0.0056000000
0.0037000000
0.0036000000
0.0055000000
0.0031000000
0.0614000000
