0.2588000000
0.0284000000
0.0287000000
0.0256000000
0.0290000000
0.0291000000
0.0287000000
0.0285000000
0.0291000000
0.0325000000
0.0321000000
0.0314000000
0.0293000000
0.0332000000
0.0302000000
0.0277000000
0.0234000000
0.0173000000
0.0169000000
0.0173000000
0.0150000000
0.0124000000
0.0104000000
0.0109000000
0.0081000000
0.0070000000
0.0099000000
0.0119000000
0.0094000000
0.0077000000
0.0076000000
0.0076000000
0.0065000000
0.0066000000
0.0063000000
0.0051000000
0.0062000000
0.0056000000
0.0045000000
0.0641000000
