0.2431000000
0.0208000000
0.0203000000
0.0232000000
0.0228000000
0.0212000000
0.0224000000
0.0221000000
0.0217000000
0.0240000000
0.0203000000
0.0221000000
0.0243000000
0.0251000000
0.0249000000
0.0213000000
0.0227000000
0.0230000000
0.0217000000
0.0226000000
0.0213000000
0.0185000000
0.0178000000
0.0180000000
0.0146000000
0.0126000000
0.0108000000
0.0092000000
0.0115000000
0.0085000000
0.0078000000
0.0064000000
0.0059000000
0.0059000000
0.0047000000
0.0069000000
0.0064000000
0.0065000000
0.0068000000
0.0060000000
0.0062000000
0.0070000000
0.0055000000
0.0051000000
0.0047000000
0.0048000000
0.0041000000
0.0066000000
0.0025000000
0.0044000000
0.0035000000
0.0040000000
0.0044000000
0.0615000000
