0.5547000000
0.0304000000
0.0305000000
0.0263000000
0.0227000000
0.0217000000
0.0205000000
0.0179000000
0.0163000000
0.0155000000
0.0142000000
0.0139000000
0.0103000000
0.0100000000
0.0067000000
0.0085000000
0.0066000000
0.0074000000
0.0058000000
0.0056000000
0.0048000000
0.0049000000
0.0043000000
0.0046000000
0.0043000000
0.0023000000
0.0023000000
0.0026000000
0.0020000000
0.0061000000
0.0064000000
0.0065000000
0.0065000000
0.0067000000
0.0059000000
0.0042000000
0.0047000000
0.0058000000
0.0061000000
0.0036000000
0.0069000000
0.0055000000
0.0056000000
0.0042000000
0.0042000000
0.0052000000
0.0040000000
0.0041000000
0.0050000000
0.0056000000
0.0054000000
0.0042000000
