0.5694000000
0.0332000000
0.0274000000
0.0295000000
0.0247000000
0.0242000000
0.0179000000
0.0168000000
0.0149000000
0.0152000000
0.0123000000
0.0121000000
0.0106000000
0.0087000000
0.0085000000
0.0080000000
0.0087000000
0.0052000000
0.0061000000
0.0045000000
0.0037000000
0.0039000000
0.0035000000
0.0034000000
0.0027000000
0.0053000000
0.0083000000
0.0077000000
0.0074000000
0.0057000000
0.0060000000
0.0072000000
0.0063000000
0.0060000000
0.0056000000
0.0054000000
0.0060000000
0.0059000000
0.0058000000
0.0055000000
0.0042000000
0.0053000000
0.0055000000
0.0056000000
0.0056000000
0.0046000000
