0.0000000000
0.0048000000
0.0108000000
0.0133000000
0.0156000000
0.0224000000
0.0237000000
0.0248000000
0.0286000000
0.0275000000
0.0307000000
0.0320000000
0.0357000000
0.0381000000
0.0409000000
0.0435000000
0.0391000000
0.0411000000
0.0407000000
0.0373000000
0.0312000000
0.0298000000
0.0295000000
0.0246000000
0.0237000000
0.0188000000
0.0186000000
0.0167000000
0.0148000000
0.0122000000
0.0103000000
0.0104000000
0.0109000000
0.0100000000
0.0081000000
0.0074000000
0.0062000000
0.0081000000
0.0067000000
0.1514000000
