0.0000000000
0.0029000000
0.0064000000
0.0105000000
0.0134000000
0.0187000000
0.0182000000
0.0191000000
0.0219000000
0.0257000000
0.0247000000
0.0280000000
0.0285000000
0.0310000000
0.0345000000
0.0342000000
0.0303000000
0.0342000000
0.0369000000
0.0368000000
0.0354000000
0.0320000000
0.0329000000
0.0253000000
0.0280000000
0.0228000000
0.0227000000
0.0229000000
0.0186000000
0.0181000000
0.0148000000
0.0140000000
0.0129000000
0.0128000000
0.0104000000
0.0113000000
0.0082000000
0.0088000000
0.0076000000
0.0069000000
0.0071000000
0.0059000000
0.0069000000
0.0035000000
0.0040000000
0.1503000000
