0.0000000000
0.0043000000
0.0102000000
0.0113000000
0.0180000000
0.0191000000
0.0242000000
0.0267000000
0.0252000000
0.0300000000
0.0309000000
0.0325000000
0.0349000000
0.0358000000
0.0330000000
0.0397000000
0.0374000000
0.0380000000
0.0436000000
0.0423000000
0.0358000000
0.0314000000
0.0272000000
0.0214000000
0.0246000000
0.0206000000
0.0172000000
0.0154000000
0.0169000000
0.0156000000
0.0140000000
0.0116000000
0.0097000000
0.0088000000
0.0098000000
0.0058000000
0.0075000000
0.0063000000
0.0044000000
0.0056000000
0.1533000000
