0.0000000000
0.0052000000
0.0099000000
0.0119000000
0.0185000000
0.0220000000
0.0244000000
0.0261000000
0.0292000000
0.0319000000
0.0349000000
0.0358000000
0.0376000000
0.0367000000
0.0407000000
0.0408000000
0.0457000000
0.0421000000
0.0384000000
0.0396000000
0.0331000000
0.0318000000
0.0255000000
0.0237000000
0.0188000000
0.0186000000
0.0164000000
0.0147000000
0.0151000000
0.0145000000
0.0105000000
0.0111000000
0.0091000000
0.0094000000
0.0076000000
0.0068000000
0.0065000000
0.0040000000
0.1514000000
