0.2031000000
0.0324000000
0.0384000000
0.0347000000
0.0393000000
0.0379000000
0.0423000000
0.0422000000
0.0418000000
0.0403000000
0.0413000000
0.0385000000
0.0306000000
0.0287000000
0.0228000000
0.0210000000
0.0179000000
0.0189000000
0.0153000000
0.0141000000
0.0114000000
0.0094000000
0.0105000000
0.0071000000
0.0076000000
0.0063000000
0.0058000000
0.0048000000
0.0031000000
0.0036000000
0.0090000000
0.0102000000
0.0076000000
0.0066000000
0.0083000000
0.0063000000
0.0068000000
0.0069000000
0.0059000000
0.0613000000
