0.2086000000
0.0269000000
0.0267000000
0.0266000000
0.0276000000
0.0284000000
0.0299000000
0.0295000000
0.0290000000
0.0291000000
0.0331000000
0.0330000000
0.0313000000
0.0307000000
0.0280000000
0.0232000000
0.0236000000
0.0196000000
0.0178000000
0.0150000000
0.0173000000
0.0148000000
0.0146000000
0.0135000000
0.0128000000
0.0118000000
0.0095000000
0.0072000000
0.0083000000
0.0072000000
0.0060000000
0.0052000000
0.0050000000
0.0044000000
0.0044000000
0.0030000000
0.0038000000
0.0036000000
0.0033000000
0.0062000000
0.0077000000
0.0051000000
0.0073000000
0.0041000000
0.0054000000
0.0058000000
0.0047000000
0.0061000000
0.0046000000
0.0054000000
0.0047000000
0.0596000000
