0.2072000000
0.0273000000
0.0315000000
0.0319000000
0.0291000000
0.0330000000
0.0328000000
0.0331000000
0.0370000000
0.0346000000
0.0387000000
0.0342000000
0.0320000000
0.0329000000
0.0287000000
0.0243000000
0.0208000000
0.0213000000
0.0168000000
0.0163000000
0.0127000000
0.0117000000
0.0097000000
0.0104000000
0.0100000000
0.0105000000
0.0079000000
0.0045000000
0.0059000000
0.0057000000
0.0053000000
0.0044000000
0.0043000000
0.0030000000
0.0047000000
0.0085000000
0.0084000000
0.0069000000
0.0071000000
0.0064000000
0.0049000000
0.0038000000
0.0062000000
0.0061000000
0.0058000000
0.0617000000
