0.2037000000
0.0354000000
0.0377000000
0.0400000000
0.0378000000
0.0429000000
0.0387000000
0.0432000000
0.0435000000
0.0440000000
0.0406000000
0.0359000000
0.0320000000
0.0258000000
0.0233000000
0.0204000000
0.0186000000
0.0160000000
0.0155000000
0.0153000000
0.0104000000
0.0096000000
0.0096000000
0.0069000000
0.0048000000
0.0065000000
0.0050000000
0.0040000000
0.0044000000
0.0063000000
0.0079000000
0.0104000000
0.0069000000
0.0084000000
0.0076000000
0.0061000000
0.0059000000
0.0080000000
0.0610000000
