0.2111000000
0.0339000000
0.0366000000
0.0348000000
0.0365000000
0.0355000000
0.0396000000
0.0424000000
0.0426000000
0.0401000000
0.0412000000
0.0347000000
0.0314000000
0.0273000000
0.0261000000
0.0224000000
0.0191000000
0.0162000000
0.0133000000
0.0154000000
0.0108000000
0.0097000000
0.0098000000
0.0082000000
0.0070000000
0.0061000000
0.0059000000
0.0057000000
0.0048000000
0.0047000000
0.0081000000
0.0075000000
0.0081000000
0.0084000000
0.0069000000
0.0063000000
0.0072000000
0.0069000000
0.0062000000
0.0615000000
