0.0000000000
0.0049000000
0.0101000000
0.0130000000
0.0161000000
0.0207000000
0.0244000000
0.0279000000
0.0298000000
0.0322000000
0.0331000000
0.0402000000
0.0386000000
0.0401000000
0.0467000000
0.0418000000
0.0455000000
0.0435000000
0.0364000000
0.0297000000
0.0290000000
0.0248000000
0.0233000000
0.0234000000
0.0193000000
0.0186000000
0.0169000000
0.0162000000
0.0133000000
0.0116000000
0.0117000000
0.0110000000
0.0098000000
0.0092000000
0.0069000000
0.0074000000
0.0065000000
0.0055000000
0.0052000000
0.0049000000
0.0042000000
0.0050000000
0.0038000000
0.0035000000
0.0034000000
0.0019000000
0.0027000000
0.0023000000
0.0028000000
0.0011000000
0.0016000000
0.0021000000
0.1164000000
