0.0000000000
0.0070000000
0.0136000000
0.0177000000
0.0234000000
0.0274000000
0.0356000000
0.0389000000
0.0391000000
0.0392000000
0.0438000000
0.0487000000
0.0487000000
0.0474000000
0.0490000000
0.0433000000
0.0383000000
0.0346000000
0.0318000000
0.0288000000
0.0253000000
0.0224000000
0.0190000000
0.0178000000
0.0159000000
0.0157000000
0.0136000000
0.0112000000
0.0119000000
0.0116000000
0.0089000000
0.0073000000
0.0064000000
0.0062000000
0.0046000000
0.0041000000
0.0046000000
0.0032000000
0.0035000000
0.0037000000
0.0026000000
0.0041000000
0.0018000000
0.0016000000
0.0019000000
0.1148000000
