0.0000000000
0.0059000000
0.0118000000
0.0191000000
0.0224000000
0.0265000000
0.0305000000
0.0344000000
0.0359000000
0.0431000000
0.0424000000
0.0386000000
0.0434000000
0.0495000000
0.0520000000
0.0471000000
0.0382000000
0.0368000000
0.0333000000
0.0294000000
0.0275000000
0.0232000000
0.0210000000
0.0194000000
0.0158000000
0.0148000000
0.0140000000
0.0130000000
0.0130000000
0.0098000000
0.0086000000
0.0087000000
0.0070000000
0.0053000000
0.0050000000
0.0060000000
0.0045000000
0.0044000000
0.0041000000
0.0040000000
0.0026000000
0.0024000000
0.0035000000
0.0013000000
0.0020000000
0.0023000000
0.1165000000
