0.0000000000
0.0026000000
0.0045000000
0.0055000000
0.0065000000
0.0100000000
0.0112000000
0.0149000000
0.0151000000
0.0167000000
0.0161000000
0.0186000000
0.0208000000
0.0207000000
0.0238000000
0.0221000000
0.0220000000
0.0267000000
0.0246000000
0.0229000000
0.0265000000
0.0287000000
0.0273000000
0.0284000000
0.0309000000
0.0242000000
0.0256000000
0.0218000000
0.0202000000
0.0197000000
0.0204000000
0.0176000000
0.0172000000
0.0167000000
0.0155000000
0.0156000000
0.0140000000
0.0109000000
0.0118000000
0.0120000000
0.0123000000
0.0107000000
0.0091000000
0.0108000000
0.0078000000
0.0092000000
0.0074000000
0.0061000000
0.0060000000
0.0069000000
0.0067000000
0.1967000000
