0.0000000000
0.0034000000
0.0059000000
0.0080000000
0.0095000000
0.0125000000
0.0133000000
0.0150000000
0.0190000000
0.0210000000
0.0204000000
0.0225000000
0.0240000000
0.0250000000
0.0260000000
0.0275000000
0.0258000000
0.0300000000
0.0299000000
0.0346000000
0.0305000000
0.0324000000
0.0267000000
0.0295000000
0.0260000000
0.0249000000
0.0234000000
0.0210000000
0.0201000000
0.0187000000
0.0163000000
0.0165000000
0.0148000000
0.0139000000
0.0121000000
0.0118000000
0.0117000000
0.0114000000
0.0110000000
0.0074000000
0.0099000000
0.0086000000
0.0080000000
0.0085000000
0.0070000000
0.2046000000
