0.0000000000
0.0020000000
0.0031000000
0.0043000000
0.0060000000
0.0073000000
0.0092000000
0.0105000000
0.0122000000
0.0120000000
0.0131000000
0.0129000000
0.0148000000
0.0157000000
0.0187000000
0.0167000000
0.0188000000
0.0209000000
0.0189000000
0.0224000000
0.0203000000
0.0222000000
0.0216000000
0.0240000000
0.0241000000
0.0257000000
0.0244000000
0.0244000000
0.0234000000
0.0206000000
0.0197000000
0.0212000000
0.0196000000
0.0178000000
0.0186000000
0.0150000000
0.0152000000
0.0165000000
0.0147000000
0.0119000000
0.0144000000
0.0111000000
0.0132000000
0.0099000000
0.0109000000
0.0103000000
0.0095000000
0.0093000000
0.0087000000
0.0071000000
0.0094000000
0.0065000000
0.0087000000
0.0063000000
0.0069000000
0.0058000000
0.0061000000
0.0050000000
0.0042000000
0.1963000000
