0.0000000000
0.0023000000
0.0044000000
0.0071000000
0.0072000000
0.0111000000
0.0122000000
0.0126000000
0.0153000000
0.0152000000
0.0142000000
0.0206000000
0.0208000000
0.0200000000
0.0227000000
0.0239000000
0.0244000000
0.0225000000
0.0230000000
0.0251000000
0.0269000000
0.0272000000
0.0298000000
0.0290000000
0.0252000000
0.0239000000
0.0236000000
0.0205000000
0.0259000000
0.0210000000
0.0203000000
0.0175000000
0.0208000000
0.0156000000
0.0145000000
0.0138000000
0.0160000000
0.0123000000
0.0116000000
0.0105000000
0.0115000000
0.0107000000
0.0095000000
0.0094000000
0.0073000000
0.0090000000
0.0065000000
0.0066000000
0.0061000000
0.0071000000
0.0053000000
0.2005000000
