0.0000000000
0.0035000000
0.0069000000
0.0096000000
0.0108000000
0.0143000000
0.0172000000
0.0192000000
0.0245000000
0.0229000000
0.0236000000
0.0270000000
0.0292000000
0.0299000000
0.0274000000
0.0324000000
0.0297000000
0.0344000000
0.0367000000
0.0352000000
0.0335000000
0.0288000000
0.0266000000
0.0280000000
0.0235000000
0.0248000000
0.0205000000
0.0200000000
0.0176000000
0.0173000000
0.0159000000
0.0135000000
0.0145000000
0.0105000000
0.0125000000
0.0121000000
0.0103000000
0.0100000000
0.0081000000
0.0084000000
0.0073000000
0.2019000000
