0.0000000000
0.0016000000
0.0045000000
0.0062000000
0.0071000000
0.0094000000
0.0118000000
0.0118000000
0.0136000000
0.0152000000
0.0147000000
0.0184000000
0.0213000000
0.0203000000
0.0207000000
0.0228000000
0.0234000000
0.0223000000
0.0213000000
0.0234000000
0.0241000000
0.0265000000
0.0223000000
0.0238000000
0.0256000000
0.0233000000
0.0257000000
0.0235000000
0.0217000000
0.0217000000
0.0202000000
0.0163000000
0.0176000000
0.0170000000
0.0152000000
0.0153000000
0.0166000000
0.0133000000
0.0136000000
0.0122000000
0.0128000000
0.0119000000
0.0110000000
0.0102000000
0.0082000000
0.0093000000
0.0065000000
0.0060000000
0.0091000000
0.0085000000
0.0070000000
0.0060000000
0.0048000000
0.0060000000
0.1974000000
