0.1445000000
0.0714000000
0.0651000000
0.0567000000
0.0504000000
0.0492000000
0.0413000000
0.0419000000
0.0353000000
0.0309000000
0.0310000000
0.0251000000
0.0236000000
0.0219000000
0.0203000000
0.0170000000
0.0174000000
0.0148000000
0.0123000000
0.0120000000
0.0119000000
0.0093000000
0.0088000000
0.0076000000
0.0068000000
0.0077000000
0.0067000000
0.0054000000
0.0054000000
0.0039000000
0.0038000000
0.0043000000
0.0036000000
0.0027000000
0.0026000000
0.0028000000
0.0024000000
0.0018000000
0.0017000000
0.0020000000
0.0014000000
0.0013000000
0.0018000000
0.0012000000
0.0008000000
0.0007000000
0.0010000000
0.0008000000
0.0006000000
0.0238000000
0.0429000000
0.0404000000
