0.1512000000
0.0773000000
0.0713000000
0.0593000000
0.0603000000
0.0490000000
0.0460000000
0.0393000000
0.0365000000
0.0327000000
0.0284000000
0.0266000000
0.0230000000
0.0222000000
0.0181000000
0.0155000000
0.0152000000
0.0138000000
0.0114000000
0.0114000000
0.0097000000
0.0084000000
0.0077000000
0.0068000000
0.0057000000
0.0059000000
0.0044000000
0.0043000000
0.0041000000
0.0034000000
0.0038000000
0.0033000000
0.0017000000
0.0027000000
0.0018000000
0.0018000000
0.0020000000
0.0011000000
0.0013000000
0.0015000000
0.0009000000
0.0011000000
0.0007000000
0.0121000000
0.0454000000
0.0499000000
