0.1518000000
0.0764000000
0.0705000000
0.0618000000
0.0548000000
0.0494000000
0.0453000000
0.0399000000
0.0386000000
0.0298000000
0.0284000000
0.0274000000
0.0235000000
0.0194000000
0.0182000000
0.0183000000
0.0148000000
0.0154000000
0.0111000000
0.0112000000
0.0095000000
0.0082000000
0.0079000000
0.0067000000
0.0069000000
0.0058000000
0.0040000000
0.0054000000
0.0043000000
0.0038000000
0.0031000000
0.0034000000
0.0018000000
0.0022000000
0.0021000000
0.0021000000
0.0018000000
0.0016000000
0.0010000000
0.0015000000
0.0012000000
0.0008000000
0.0008000000
0.0144000000
0.0472000000
0.0465000000
