0.1393000000
0.0642000000
0.0578000000
0.0555000000
0.0497000000
0.0467000000
0.0367000000
0.0411000000
0.0327000000
0.0320000000
0.0307000000
0.0262000000
0.0231000000
0.0225000000
0.0222000000
0.0188000000
0.0164000000
0.0144000000
0.0130000000
0.0139000000
0.0123000000
0.0101000000
0.0106000000
0.0106000000
0.0080000000
0.0076000000
0.0081000000
0.0072000000
0.0056000000
0.0043000000
0.0043000000
0.0052000000
0.0047000000
0.0038000000
0.0033000000
0.0031000000
0.0028000000
0.0034000000
0.0017000000
0.0026000000
0.0018000000
0.0018000000
0.0020000000
0.0020000000
0.0011000000
0.0011000000
0.0009000000
0.0012000000
0.0009000000
0.0010000000
0.0007000000
0.0011000000
0.0008000000
0.0002000000
0.0319000000
0.0403000000
0.0350000000
