0.1521000000
0.0886000000
0.0768000000
0.0714000000
0.0608000000
0.0530000000
0.0458000000
0.0439000000
0.0365000000
0.0313000000
0.0277000000
0.0252000000
0.0226000000
0.0190000000
0.0166000000
0.0157000000
0.0131000000
0.0129000000
0.0095000000
0.0092000000
0.0078000000
0.0076000000
0.0061000000
0.0050000000
0.0057000000
0.0034000000
0.0046000000
0.0031000000
0.0034000000
0.0024000000
0.0025000000
0.0016000000
0.0020000000
0.0013000000
0.0013000000
0.0010000000
0.0013000000
0.0014000000
0.0541000000
0.0527000000
