0.1447000000
0.0724000000
0.0627000000
0.0556000000
0.0548000000
0.0455000000
0.0417000000
0.0382000000
0.0358000000
0.0327000000
0.0297000000
0.0265000000
0.0226000000
0.0226000000
0.0201000000
0.0182000000
0.0168000000
0.0142000000
0.0145000000
0.0119000000
0.0102000000
0.0100000000
0.0093000000
0.0088000000
0.0075000000
0.0057000000
0.0073000000
0.0056000000
0.0052000000
0.0041000000
0.0044000000
0.0036000000
0.0035000000
0.0033000000
0.0027000000
0.0026000000
0.0023000000
0.0017000000
0.0018000000
0.0021000000
0.0019000000
0.0017000000
0.0005000000
0.0014000000
0.0011000000
0.0011000000
0.0012000000
0.0006000000
0.0008000000
0.0226000000
0.0415000000
0.0427000000
