0.1159000000
0.0625000000
0.0530000000
0.0504000000
0.0492000000
0.0398000000
0.0422000000
0.0341000000
0.0355000000
0.0320000000
0.0279000000
0.0268000000
0.0259000000
0.0239000000
0.0196000000
0.0225000000
0.0173000000
0.0164000000
0.0148000000
0.0141000000
0.0129000000
0.0124000000
0.0123000000
0.0099000000
0.0092000000
0.0095000000
0.0075000000
0.0084000000
0.0076000000
0.0057000000
0.0062000000
0.0061000000
0.0048000000
0.0049000000
0.0044000000
0.0047000000
0.0036000000
0.0032000000
0.0034000000
0.0028000000
0.0030000000
0.0024000000
0.0021000000
0.0024000000
0.0020000000
0.0022000000
0.0019000000
0.0010000000
0.0015000000
0.0272000000
0.0437000000
0.0473000000
