0.1135000000
0.0592000000
0.0535000000
0.0494000000
0.0448000000
0.0452000000
0.0360000000
0.0375000000
0.0348000000
0.0299000000
0.0314000000
0.0237000000
0.0251000000
0.0240000000
0.0214000000
0.0183000000
0.0189000000
0.0177000000
0.0159000000
0.0143000000
0.0154000000
0.0093000000
0.0124000000
0.0105000000
0.0100000000
0.0100000000
0.0085000000
0.0085000000
0.0072000000
0.0069000000
0.0060000000
0.0059000000
0.0048000000
0.0067000000
0.0038000000
0.0046000000
0.0043000000
0.0040000000
0.0035000000
0.0028000000
0.0029000000
0.0033000000
0.0020000000
0.0026000000
0.0019000000
0.0017000000
0.0019000000
0.0019000000
0.0021000000
0.0012000000
0.0300000000
0.0451000000
0.0438000000
