0.1203000000
0.0649000000
0.0629000000
0.0524000000
0.0505000000
0.0460000000
0.0434000000
0.0351000000
0.0356000000
0.0345000000
0.0286000000
0.0284000000
0.0242000000
0.0238000000
0.0198000000
0.0184000000
0.0172000000
0.0175000000
0.0142000000
0.0136000000
0.0120000000
0.0107000000
0.0110000000
0.0097000000
0.0091000000
0.0085000000
0.0071000000
0.0063000000
0.0055000000
0.0056000000
0.0057000000
0.0045000000
0.0044000000
0.0043000000
0.0041000000
0.0027000000
0.0029000000
0.0034000000
0.0029000000
0.0023000000
0.0017000000
0.0016000000
0.0024000000
0.0161000000
0.0496000000
0.0546000000
