0.1222000000
0.0634000000
0.0580000000
0.0546000000
0.0491000000
0.0447000000
0.0428000000
0.0370000000
0.0342000000
0.0329000000
0.0285000000
0.0283000000
0.0242000000
0.0236000000
0.0185000000
0.0213000000
0.0190000000
0.0158000000
0.0140000000
0.0144000000
0.0122000000
0.0110000000
0.0105000000
0.0081000000
0.0106000000
0.0086000000
0.0083000000
0.0067000000
0.0063000000
0.0061000000
0.0050000000
0.0056000000
0.0042000000
0.0032000000
0.0042000000
0.0029000000
0.0035000000
0.0035000000
0.0026000000
0.0022000000
0.0022000000
0.0026000000
0.0014000000
0.0024000000
0.0179000000
0.0508000000
0.0509000000
