0.1198000000
0.0574000000
0.0599000000
0.0468000000
0.0459000000
0.0455000000
0.0409000000
0.0359000000
0.0363000000
0.0305000000
0.0282000000
0.0283000000
0.0264000000
0.0216000000
0.0200000000
0.0199000000
0.0201000000
0.0160000000
0.0166000000
0.0135000000
0.0126000000
0.0119000000
0.0104000000
0.0108000000
0.0100000000
0.0095000000
0.0088000000
0.0063000000
0.0061000000
0.0079000000
0.0061000000
0.0049000000
0.0045000000
0.0054000000
0.0046000000
0.0038000000
0.0032000000
0.0035000000
0.0034000000
0.0027000000
0.0024000000
0.0030000000
0.0021000000
0.0021000000
0.0020000000
0.0017000000
0.0016000000
0.0012000000
0.0237000000
0.0485000000
0.0458000000
