0.1168000000
0.0561000000
0.0523000000
0.0524000000
0.0430000000
0.0413000000
0.0407000000
0.0350000000
0.0327000000
0.0320000000
0.0277000000
0.0258000000
0.0276000000
0.0221000000
0.0195000000
0.0219000000
0.0181000000
0.0180000000
0.0154000000
0.0143000000
0.0138000000
0.0109000000
0.0121000000
0.0102000000
0.0105000000
0.0103000000
0.0092000000
0.0074000000
0.0082000000
0.0068000000
0.0055000000
0.0055000000
0.0060000000
0.0059000000
0.0042000000
0.0046000000
0.0036000000
0.0045000000
0.0036000000
0.0030000000
0.0028000000
0.0030000000
0.0025000000
0.0025000000
0.0020000000
0.0029000000
0.0015000000
0.0020000000
0.0015000000
0.0013000000
0.0014000000
0.0314000000
0.0438000000
0.0429000000
