0.1283000000
0.0791000000
0.0634000000
0.0636000000
0.0582000000
0.0514000000
0.0440000000
0.0425000000
0.0353000000
0.0337000000
0.0287000000
0.0284000000
0.0233000000
0.0230000000
0.0197000000
0.0189000000
0.0142000000
0.0149000000
0.0127000000
0.0106000000
0.0104000000
0.0105000000
0.0084000000
0.0075000000
0.0064000000
0.0064000000
0.0057000000
0.0053000000
0.0044000000
0.0038000000
0.0040000000
0.0039000000
0.0024000000
0.0030000000
0.0022000000
0.0018000000
0.0022000000
0.0567000000
0.0611000000
