0.1228000000
0.0646000000
0.0579000000
0.0582000000
0.0499000000
0.0467000000
0.0428000000
0.0357000000
0.0338000000
0.0352000000
0.0292000000
0.0265000000
0.0254000000
0.0210000000
0.0242000000
0.0174000000
0.0186000000
0.0158000000
0.0150000000
0.0131000000
0.0115000000
0.0109000000
0.0103000000
0.0102000000
0.0085000000
0.0083000000
0.0074000000
0.0059000000
0.0068000000
0.0055000000
0.0053000000
0.0043000000
0.0043000000
0.0041000000
0.0034000000
0.0037000000
0.0031000000
0.0022000000
0.0024000000
0.0029000000
0.0020000000
0.0017000000
0.0018000000
0.0169000000
0.0514000000
0.0514000000
