0.1820000000
0.0189000000
0.0207000000
0.0200000000
0.0201000000
0.0229000000
0.0223000000
0.0214000000
0.0231000000
0.0215000000
0.0236000000
0.0240000000
0.0245000000
0.0235000000
0.0240000000
0.0267000000
0.0236000000
0.0227000000
0.0195000000
0.0223000000
0.0195000000
0.0183000000
0.0176000000
0.0138000000
0.0139000000
0.0138000000
0.0119000000
0.0106000000
0.0110000000
0.0110000000
0.0124000000
0.0125000000
0.0124000000
0.0119000000
0.0124000000
0.0112000000
0.0103000000
0.0105000000
0.0107000000
0.0088000000
0.0087000000
0.0073000000
0.0086000000
0.0076000000
0.0066000000
0.0994000000
