0.1814000000
0.0182000000
0.0187000000
0.0209000000
0.0205000000
0.0175000000
0.0229000000
0.0218000000
0.0208000000
0.0197000000
0.0245000000
0.0208000000
0.0242000000
0.0259000000
0.0215000000
0.0288000000
0.0248000000
0.0238000000
0.0225000000
0.0214000000
0.0173000000
0.0149000000
0.0175000000
0.0183000000
0.0151000000
0.0140000000
0.0139000000
0.0122000000
0.0121000000
0.0097000000
0.0136000000
0.0143000000
0.0124000000
0.0123000000
0.0100000000
0.0126000000
0.0106000000
0.0108000000
0.0109000000
0.0078000000
0.0087000000
0.0092000000
0.0091000000
0.0080000000
0.0077000000
0.0964000000
