0.1827000000
0.0190000000
0.0198000000
0.0239000000
0.0258000000
0.0252000000
0.0252000000
0.0254000000
0.0288000000
0.0281000000
0.0293000000
0.0282000000
0.0261000000
0.0267000000
0.0296000000
0.0265000000
0.0253000000
0.0206000000
0.0192000000
0.0182000000
0.0167000000
0.0182000000
0.0164000000
0.0151000000
0.0139000000
0.0113000000
0.0146000000
0.0150000000
0.0145000000
0.0114000000
0.0129000000
0.0114000000
0.0116000000
0.0115000000
0.0108000000
0.0113000000
0.0102000000
0.0089000000
0.0102000000
0.1005000000
