0.1744000000
0.0182000000
0.0156000000
0.0143000000
0.0137000000
0.0164000000
0.0163000000
0.0151000000
0.0189000000
0.0166000000
0.0185000000
0.0160000000
0.0180000000
0.0174000000
0.0174000000
0.0177000000
0.0204000000
0.0191000000
0.0193000000
0.0191000000
0.0190000000
0.0210000000
0.0156000000
0.0182000000
0.0164000000
0.0162000000
0.0137000000
0.0128000000
0.0121000000
0.0139000000
0.0103000000
0.0102000000
0.0109000000
0.0110000000
0.0096000000
0.0097000000
0.0085000000
0.0086000000
0.0079000000
0.0079000000
0.0097000000
0.0125000000
0.0102000000
0.0078000000
0.0090000000
0.0086000000
0.0097000000
0.0072000000
0.0071000000
0.0083000000
0.0068000000
0.0075000000
0.0071000000
0.0079000000
0.0058000000
0.0054000000
0.0056000000
0.0046000000
0.0060000000
0.0973000000
