0.1818000000
0.0227000000
0.0206000000
0.0247000000
0.0236000000
0.0242000000
0.0245000000
0.0250000000
0.0223000000
0.0252000000
0.0309000000
0.0248000000
0.0241000000
0.0263000000
0.0280000000
0.0263000000
0.0222000000
0.0230000000
0.0224000000
0.0174000000
0.0160000000
0.0178000000
0.0143000000
0.0137000000
0.0140000000
0.0115000000
0.0117000000
0.0128000000
0.0171000000
0.0166000000
0.0140000000
0.0125000000
0.0138000000
0.0111000000
0.0107000000
0.0093000000
0.0103000000
0.0085000000
0.0106000000
0.0082000000
0.0080000000
0.0975000000
