0.1833000000
0.0156000000
0.0145000000
0.0154000000
0.0182000000
0.0169000000
0.0185000000
0.0163000000
0.0208000000
0.0187000000
0.0179000000
0.0228000000
0.0178000000
0.0197000000
0.0202000000
0.0220000000
0.0242000000
0.0212000000
0.0231000000
0.0192000000
0.0207000000
0.0158000000
0.0183000000
0.0160000000
0.0154000000
0.0148000000
0.0135000000
0.0145000000
0.0125000000
0.0111000000
0.0111000000
0.0100000000
0.0090000000
0.0078000000
0.0090000000
0.0127000000
0.0110000000
0.0113000000
0.0119000000
0.0119000000
0.0087000000
0.0096000000
0.0094000000
0.0078000000
0.0086000000
0.0085000000
0.0081000000
0.0080000000
0.0079000000
0.0060000000
0.0063000000
0.0051000000
0.0063000000
0.0951000000
