0.1849000000
0.0240000000
0.0211000000
0.0221000000
0.0220000000
0.0230000000
0.0245000000
0.0254000000
0.0266000000
0.0276000000
0.0258000000
0.0257000000
0.0264000000
0.0254000000
0.0265000000
0.0283000000
0.0249000000
0.0215000000
0.0191000000
0.0177000000
0.0159000000
0.0180000000
0.0171000000
0.0142000000
0.0129000000
0.0109000000
0.0149000000
0.0157000000
0.0144000000
0.0151000000
0.0135000000
0.0121000000
0.0116000000
0.0112000000
0.0113000000
0.0120000000
0.0088000000
0.0109000000
0.0101000000
0.0089000000
0.0980000000
