0.5305000000
0.0352000000
0.0307000000
0.0272000000
0.0235000000
0.0215000000
0.0212000000
0.0191000000
0.0171000000
0.0135000000
0.0131000000
0.0136000000
0.0128000000
0.0101000000
0.0102000000
0.0080000000
0.0075000000
0.0088000000
0.0061000000
0.0057000000
0.0070000000
0.0060000000
0.0059000000
0.0045000000
0.0033000000
0.0032000000
0.0034000000
0.0028000000
0.0026000000
0.0016000000
0.0029000000
0.0026000000
0.0066000000
0.0069000000
0.0073000000
0.0069000000
0.0054000000
0.0060000000
0.0056000000
0.0047000000
0.0059000000
0.0059000000
0.0054000000
0.0049000000
0.0063000000
0.0051000000
0.0046000000
0.0056000000
0.0055000000
0.0057000000
0.0045000000
0.0051000000
0.0049000000
