0.5304000000
0.0322000000
0.0304000000
0.0266000000
0.0255000000
0.0230000000
0.0203000000
0.0190000000
0.0160000000
0.0158000000
0.0159000000
0.0117000000
0.0114000000
0.0130000000
0.0103000000
0.0101000000
0.0073000000
0.0074000000
0.0076000000
0.0049000000
0.0047000000
0.0055000000
0.0049000000
0.0047000000
0.0032000000
0.0036000000
0.0038000000
0.0029000000
0.0038000000
0.0019000000
0.0023000000
0.0058000000
0.0058000000
0.0081000000
0.0058000000
0.0071000000
0.0063000000
0.0046000000
0.0065000000
0.0043000000
0.0068000000
0.0068000000
0.0064000000
0.0053000000
0.0053000000
0.0051000000
0.0039000000
0.0051000000
0.0048000000
0.0050000000
0.0052000000
0.0059000000
