0.5299000000
0.0295000000
0.0306000000
0.0288000000
0.0224000000
0.0227000000
0.0202000000
0.0166000000
0.0199000000
0.0147000000
0.0137000000
0.0115000000
0.0129000000
0.0104000000
0.0107000000
0.0124000000
0.0078000000
0.0078000000
0.0065000000
0.0061000000
0.0055000000
0.0054000000
0.0059000000
0.0036000000
0.0043000000
0.0039000000
0.0034000000
0.0030000000
0.0027000000
0.0018000000
0.0019000000
0.0028000000
0.0015000000
0.0051000000
0.0067000000
0.0055000000
0.0057000000
0.0050000000
0.0058000000
0.0078000000
0.0041000000
0.0058000000
0.0054000000
0.0051000000
0.0059000000
0.0049000000
0.0056000000
0.0060000000
0.0054000000
0.0043000000
0.0060000000
0.0051000000
0.0050000000
0.0052000000
0.0038000000
