0.5286000000
0.0282000000
0.0291000000
0.0244000000
0.0266000000
0.0231000000
0.0221000000
0.0191000000
0.0163000000
0.0144000000
0.0126000000
0.0122000000
0.0123000000
0.0107000000
0.0103000000
0.0078000000
0.0074000000
0.0098000000
0.0070000000
0.0053000000
0.0061000000
0.0058000000
0.0063000000
0.0048000000
0.0032000000
0.0045000000
0.0034000000
0.0031000000
0.0027000000
0.0034000000
0.0022000000
0.0023000000
0.0020000000
0.0016000000
0.0022000000
0.0072000000
0.0049000000
0.0050000000
0.0059000000
0.0051000000
0.0074000000
0.0054000000
0.0056000000
0.0041000000
0.0055000000
0.0067000000
0.0054000000
0.0046000000
0.0046000000
0.0049000000
0.0047000000
0.0047000000
0.0045000000
0.0038000000
0.0044000000
0.0052000000
0.0045000000
0.0050000000
