0.5358000000
0.0330000000
0.0347000000
0.0298000000
0.0256000000
0.0266000000
0.0216000000
0.0180000000
0.0157000000
0.0166000000
0.0153000000
0.0114000000
0.0123000000
0.0104000000
0.0095000000
0.0074000000
0.0074000000
0.0067000000
0.0050000000
0.0058000000
0.0053000000
0.0048000000
0.0049000000
0.0041000000
0.0036000000
0.0031000000
0.0030000000
0.0022000000
0.0079000000
0.0071000000
0.0087000000
0.0059000000
0.0082000000
0.0064000000
0.0065000000
0.0051000000
0.0066000000
0.0059000000
0.0061000000
0.0055000000
0.0065000000
0.0054000000
0.0059000000
0.0043000000
0.0064000000
0.0062000000
0.0058000000
