0.5234000000
0.0377000000
0.0363000000
0.0329000000
0.0305000000
0.0253000000
0.0207000000
0.0211000000
0.0174000000
0.0150000000
0.0156000000
0.0112000000
0.0099000000
0.0102000000
0.0099000000
0.0087000000
0.0082000000
0.0067000000
0.0069000000
0.0045000000
0.0037000000
0.0040000000
0.0058000000
0.0030000000
0.0031000000
0.0034000000
0.0025000000
0.0050000000
0.0075000000
0.0078000000
0.0075000000
0.0072000000
0.0051000000
0.0070000000
0.0069000000
0.0072000000
0.0060000000
0.0066000000
0.0071000000
0.0065000000
0.0063000000
0.0052000000
0.0062000000
0.0051000000
0.0056000000
0.0066000000
