0.5356000000
0.0355000000
0.0365000000
0.0282000000
0.0275000000
0.0265000000
0.0213000000
0.0204000000
0.0189000000
0.0158000000
0.0139000000
0.0114000000
0.0109000000
0.0100000000
0.0083000000
0.0075000000
0.0091000000
0.0056000000
0.0062000000
0.0054000000
0.0040000000
0.0043000000
0.0044000000
0.0034000000
0.0032000000
0.0028000000
0.0022000000
0.0045000000
0.0069000000
0.0067000000
0.0074000000
0.0072000000
0.0071000000
0.0077000000
0.0067000000
0.0067000000
0.0060000000
0.0059000000
0.0058000000
0.0069000000
0.0060000000
0.0065000000
0.0060000000
0.0067000000
0.0057000000
0.0048000000
