0.5380000000
0.0454000000
0.0368000000
0.0327000000
0.0311000000
0.0251000000
0.0238000000
0.0227000000
0.0187000000
0.0148000000
0.0133000000
0.0119000000
0.0104000000
0.0100000000
0.0086000000
0.0069000000
0.0073000000
0.0049000000
0.0052000000
0.0037000000
0.0036000000
0.0026000000
0.0019000000
0.0044000000
0.0104000000
0.0088000000
0.0082000000
0.0080000000
0.0069000000
0.0075000000
0.0077000000
0.0086000000
0.0065000000
0.0080000000
0.0075000000
0.0074000000
0.0065000000
0.0065000000
0.0077000000
