0.2453000000
0.0244000000
0.0221000000
0.0233000000
0.0259000000
0.0274000000
0.0253000000
0.0254000000
0.0262000000
0.0291000000
0.0252000000
0.0244000000
0.0230000000
0.0264000000
0.0269000000
0.0270000000
0.0284000000
0.0202000000
0.0204000000
0.0196000000
0.0183000000
0.0164000000
0.0135000000
0.0133000000
0.0127000000
0.0127000000
0.0140000000
0.0128000000
0.0110000000
0.0108000000
0.0106000000
0.0082000000
0.0103000000
0.0076000000
0.0084000000
0.0066000000
0.0074000000
0.0068000000
0.0059000000
0.0768000000
