0.2366000000
0.0206000000
0.0180000000
0.0217000000
0.0211000000
0.0241000000
0.0210000000
0.0212000000
0.0256000000
0.0236000000
0.0231000000
0.0221000000
0.0224000000
0.0216000000
0.0212000000
0.0227000000
0.0224000000
0.0263000000
0.0249000000
0.0207000000
0.0211000000
0.0183000000
0.0180000000
0.0136000000
0.0130000000
0.0118000000
0.0120000000
0.0142000000
0.0155000000
0.0127000000
0.0090000000
0.0107000000
0.0104000000
0.0107000000
0.0087000000
0.0101000000
0.0065000000
0.0071000000
0.0065000000
0.0079000000
0.0056000000
0.0065000000
0.0058000000
0.0044000000
0.0062000000
0.0728000000
