0.2313000000
0.0166000000
0.0181000000
0.0155000000
0.0184000000
0.0184000000
0.0190000000
0.0189000000
0.0180000000
0.0188000000
0.0190000000
0.0183000000
0.0201000000
0.0210000000
0.0201000000
0.0209000000
0.0245000000
0.0206000000
0.0240000000
0.0204000000
0.0211000000
0.0215000000
0.0186000000
0.0163000000
0.0165000000
0.0165000000
0.0131000000
0.0128000000
0.0101000000
0.0122000000
0.0114000000
0.0117000000
0.0121000000
0.0107000000
0.0120000000
0.0099000000
0.0080000000
0.0086000000
0.0085000000
0.0080000000
0.0067000000
0.0063000000
0.0066000000
0.0070000000
0.0042000000
0.0052000000
0.0052000000
0.0062000000
0.0063000000
0.0033000000
0.0058000000
0.0757000000
