0.2327000000
0.0153000000
0.0167000000
0.0165000000
0.0158000000
0.0190000000
0.0166000000
0.0165000000
0.0170000000
0.0172000000
0.0181000000
0.0171000000
0.0155000000
0.0160000000
0.0186000000
0.0180000000
0.0181000000
0.0162000000
0.0194000000
0.0156000000
0.0170000000
0.0179000000
0.0188000000
0.0196000000
0.0184000000
0.0168000000
0.0147000000
0.0145000000
0.0130000000
0.0133000000
0.0117000000
0.0096000000
0.0100000000
0.0088000000
0.0099000000
0.0095000000
0.0081000000
0.0103000000
0.0107000000
0.0091000000
0.0082000000
0.0070000000
0.0064000000
0.0071000000
0.0075000000
0.0069000000
0.0055000000
0.0060000000
0.0070000000
0.0054000000
0.0051000000
0.0053000000
0.0058000000
0.0046000000
0.0053000000
0.0040000000
0.0040000000
0.0060000000
0.0039000000
0.0714000000
