0.2336000000
0.0174000000
0.0163000000
0.0179000000
0.0178000000
0.0215000000
0.0203000000
0.0200000000
0.0206000000
0.0199000000
0.0209000000
0.0211000000
0.0198000000
0.0186000000
0.0227000000
0.0208000000
0.0214000000
0.0248000000
0.0229000000
0.0229000000
0.0214000000
0.0191000000
0.0205000000
0.0165000000
0.0162000000
0.0135000000
0.0136000000
0.0118000000
0.0119000000
0.0086000000
0.0103000000
0.0129000000
0.0107000000
0.0108000000
0.0111000000
0.0088000000
0.0078000000
0.0073000000
0.0093000000
0.0081000000
0.0058000000
0.0047000000
0.0064000000
0.0070000000
0.0056000000
0.0060000000
0.0049000000
0.0053000000
0.0044000000
0.0061000000
0.0724000000
