0.2330000000
0.0170000000
0.0161000000
0.0146000000
0.0147000000
0.0174000000
0.0180000000
0.0160000000
0.0187000000
0.0180000000
0.0183000000
0.0163000000
0.0175000000
0.0173000000
0.0172000000
0.0178000000
0.0191000000
0.0216000000
0.0188000000
0.0162000000
0.0181000000
0.0186000000
0.0173000000
0.0175000000
0.0186000000
0.0171000000
0.0140000000
0.0140000000
0.0135000000
0.0119000000
0.0119000000
0.0126000000
0.0096000000
0.0097000000
0.0091000000
0.0100000000
0.0095000000
0.0083000000
0.0087000000
0.0080000000
0.0092000000
0.0082000000
0.0087000000
0.0080000000
0.0068000000
0.0061000000
0.0064000000
0.0060000000
0.0060000000
0.0064000000
0.0060000000
0.0052000000
0.0047000000
0.0040000000
0.0049000000
0.0040000000
0.0034000000
0.0744000000
