0.1437000000
0.0431000000
0.0403000000
0.0400000000
0.0363000000
0.0368000000
0.0313000000
0.0296000000
0.0284000000
0.0280000000
0.0266000000
0.0217000000
0.0209000000
0.0211000000
0.0194000000
0.0205000000
0.0179000000
0.0175000000
0.0151000000
0.0153000000
0.0138000000
0.0146000000
0.0126000000
0.0116000000
0.0103000000
0.0119000000
0.0094000000
0.0079000000
0.0094000000
0.0091000000
0.0081000000
0.0061000000
0.0065000000
0.0080000000
0.0070000000
0.0048000000
0.0045000000
0.0057000000
0.0055000000
0.0037000000
0.0053000000
0.0036000000
0.0035000000
0.0036000000
0.0031000000
0.0034000000
0.0055000000
0.0316000000
0.0296000000
0.0293000000
0.0288000000
0.0287000000
