0.1466000000
0.0473000000
0.0434000000
0.0419000000
0.0364000000
0.0380000000
0.0344000000
0.0323000000
0.0297000000
0.0267000000
0.0257000000
0.0255000000
0.0239000000
0.0228000000
0.0196000000
0.0186000000
0.0185000000
0.0138000000
0.0168000000
0.0156000000
0.0137000000
0.0139000000
0.0104000000
0.0124000000
0.0112000000
0.0104000000
0.0095000000
0.0073000000
0.0093000000
0.0075000000
0.0073000000
0.0066000000
0.0058000000
0.0050000000
0.0060000000
0.0061000000
0.0059000000
0.0036000000
0.0045000000
0.0040000000
0.0040000000
0.0030000000
0.0252000000
0.0331000000
0.0340000000
0.0331000000
0.0297000000
