0.0000000000
0.0191000000
0.0364000000
0.0476000000
0.0441000000
0.0395000000
0.0398000000
0.0387000000
0.0334000000
0.0320000000
0.0341000000
0.0286000000
0.0278000000
0.0282000000
0.0241000000
0.0231000000
0.0227000000
0.0220000000
0.0189000000
0.0196000000
0.0170000000
0.0177000000
0.0156000000
0.0139000000
0.0138000000
0.0144000000
0.0112000000
0.0128000000
0.0128000000
0.0092000000
0.0104000000
0.0091000000
0.0095000000
0.0076000000
0.0084000000
0.0074000000
0.0076000000
0.0057000000
0.0070000000
0.0063000000
0.0052000000
0.0054000000
0.0046000000
0.0053000000
0.0039000000
0.0052000000
0.0040000000
0.0047000000
0.0032000000
0.0023000000
0.0039000000
0.0035000000
0.1517000000
