0.0000000000
0.0239000000
0.0516000000
0.0531000000
0.0458000000
0.0483000000
0.0454000000
0.0405000000
0.0371000000
0.0365000000
0.0331000000
0.0339000000
0.0269000000
0.0260000000
0.0248000000
0.0261000000
0.0212000000
0.0204000000
0.0197000000
0.0185000000
0.0186000000
0.0151000000
0.0155000000
0.0133000000
0.0133000000
0.0121000000
0.0120000000
0.0103000000
0.0098000000
0.0095000000
0.0079000000
0.0099000000
0.0081000000
0.0074000000
0.0064000000
0.0063000000
0.0048000000
0.0068000000
0.0048000000
0.0046000000
0.0047000000
0.0027000000
0.0060000000
0.0034000000
0.0032000000
0.1507000000
