0.0000000000
0.0237000000
0.0494000000
0.0508000000
0.0493000000
0.0454000000
0.0441000000
0.0421000000
0.0357000000
0.0349000000
0.0335000000
0.0291000000
0.0307000000
0.0275000000
0.0265000000
0.0223000000
0.0236000000
0.0216000000
0.0196000000
0.0181000000
0.0165000000
0.0151000000
0.0159000000
0.0144000000
0.0131000000
0.0115000000
0.0118000000
0.0115000000
0.0116000000
0.0097000000
0.0085000000
0.0083000000
0.0084000000
0.0076000000
0.0059000000
0.0061000000
0.0061000000
0.0062000000
0.0053000000
0.0052000000
0.0040000000
0.0048000000
0.0035000000
0.0042000000
0.0041000000
0.1528000000
