0.0000000000
0.0135000000
0.0315000000
0.0447000000
0.0369000000
0.0377000000
0.0364000000
0.0337000000
0.0356000000
0.0313000000
0.0289000000
0.0284000000
0.0273000000
0.0263000000
0.0237000000
0.0223000000
0.0234000000
0.0204000000
0.0188000000
0.0183000000
0.0183000000
0.0169000000
0.0160000000
0.0149000000
0.0128000000
0.0160000000
0.0141000000
0.0109000000
0.0130000000
0.0117000000
0.0107000000
0.0101000000
0.0095000000
0.0098000000
0.0093000000
0.0075000000
0.0074000000
0.0081000000
0.0066000000
0.0077000000
0.0057000000
0.0061000000
0.0051000000
0.0059000000
0.0054000000
0.0043000000
0.0054000000
0.0046000000
0.0048000000
0.0040000000
0.0036000000
0.0036000000
0.0033000000
0.0040000000
0.0032000000
0.0021000000
0.0032000000
0.0023000000
0.0032000000
0.1498000000
