0.0000000000
0.0236000000
0.0468000000
0.0501000000
0.0484000000
0.0443000000
0.0423000000
0.0409000000
0.0403000000
0.0313000000
0.0342000000
0.0301000000
0.0312000000
0.0247000000
0.0279000000
0.0218000000
0.0235000000
0.0208000000
0.0189000000
0.0200000000
0.0189000000
0.0143000000
0.0144000000
0.0138000000
0.0140000000
0.0118000000
0.0123000000
0.0112000000
0.0109000000
0.0101000000
0.0093000000
0.0085000000
0.0076000000
0.0075000000
0.0070000000
0.0063000000
0.0067000000
0.0056000000
0.0055000000
0.0055000000
0.0053000000
0.0044000000
0.0040000000
0.0032000000
0.0041000000
0.0033000000
0.1534000000
