0.0000000000
0.0145000000
0.0326000000
0.0471000000
0.0411000000
0.0391000000
0.0355000000
0.0327000000
0.0368000000
0.0337000000
0.0310000000
0.0258000000
0.0268000000
0.0282000000
0.0235000000
0.0235000000
0.0235000000
0.0207000000
0.0180000000
0.0190000000
0.0200000000
0.0143000000
0.0165000000
0.0156000000
0.0143000000
0.0142000000
0.0131000000
0.0108000000
0.0138000000
0.0113000000
0.0114000000
0.0094000000
0.0075000000
0.0113000000
0.0076000000
0.0089000000
0.0062000000
0.0073000000
0.0069000000
0.0059000000
0.0067000000
0.0068000000
0.0049000000
0.0046000000
0.0049000000
0.0054000000
0.0045000000
0.0044000000
0.0048000000
0.0037000000
0.0035000000
0.0026000000
0.0039000000
0.0040000000
0.0024000000
0.0025000000
0.1510000000
