0.1167000000
0.0119000000
0.0122000000
0.0144000000
0.0128000000
0.0148000000
0.0144000000
0.0148000000
0.0161000000
0.0142000000
0.0166000000
0.0148000000
0.0163000000
0.0154000000
0.0177000000
0.0168000000
0.0185000000
0.0177000000
0.0157000000
0.0196000000
0.0176000000
0.0155000000
0.0146000000
0.0158000000
0.0159000000
0.0123000000
0.0138000000
0.0132000000
0.0130000000
0.0122000000
0.0114000000
0.0121000000
0.0103000000
0.0104000000
0.0090000000
0.0102000000
0.0095000000
0.0104000000
0.0073000000
0.0074000000
0.0089000000
0.0057000000
0.0092000000
0.0130000000
0.0151000000
0.0122000000
0.0130000000
0.0110000000
0.0106000000
0.0116000000
0.0114000000
0.0110000000
0.0107000000
0.0110000000
0.0093000000
0.0112000000
0.0110000000
0.0095000000
0.0099000000
0.1414000000
