0.1186000000
0.0159000000
0.0154000000
0.0147000000
0.0148000000
0.0148000000
0.0159000000
0.0183000000
0.0170000000
0.0191000000
0.0178000000
0.0169000000
0.0199000000
0.0181000000
0.0203000000
0.0210000000
0.0197000000
0.0191000000
0.0171000000
0.0166000000
0.0176000000
0.0189000000
0.0160000000
0.0144000000
0.0154000000
0.0139000000
0.0139000000
0.0127000000
0.0128000000
0.0117000000
0.0124000000
0.0119000000
0.0115000000
0.0087000000
0.0095000000
0.0105000000
0.0117000000
0.0153000000
0.0171000000
0.0172000000
0.0139000000
0.0126000000
0.0136000000
0.0153000000
0.0138000000
0.0116000000
0.0113000000
0.0116000000
0.0118000000
0.0100000000
0.0099000000
0.1405000000
