0.1123000000
0.0140000000
0.0158000000
0.0134000000
0.0157000000
0.0140000000
0.0185000000
0.0176000000
0.0170000000
0.0182000000
0.0174000000
0.0205000000
0.0190000000
0.0158000000
0.0218000000
0.0222000000
0.0191000000
0.0196000000
0.0206000000
0.0173000000
0.0183000000
0.0171000000
0.0142000000
0.0175000000
0.0152000000
0.0131000000
0.0148000000
0.0113000000
0.0111000000
0.0109000000
0.0122000000
0.0101000000
0.0097000000
0.0089000000
0.0099000000
0.0091000000
0.0104000000
0.0139000000
0.0154000000
0.0144000000
0.0155000000
0.0172000000
0.0143000000
0.0137000000
0.0129000000
0.0137000000
0.0119000000
0.0119000000
0.0132000000
0.0110000000
0.0107000000
0.1467000000
