0.1204000000
0.0153000000
0.0164000000
0.0160000000
0.0174000000
0.0213000000
0.0193000000
0.0169000000
0.0195000000
0.0199000000
0.0210000000
0.0197000000
0.0217000000
0.0206000000
0.0244000000
0.0200000000
0.0195000000
0.0204000000
0.0188000000
0.0172000000
0.0165000000
0.0161000000
0.0146000000
0.0156000000
0.0130000000
0.0157000000
0.0135000000
0.0139000000
0.0120000000
0.0116000000
0.0129000000
0.0111000000
0.0113000000
0.0195000000
0.0179000000
0.0180000000
0.0173000000
0.0160000000
0.0146000000
0.0133000000
0.0157000000
0.0136000000
0.0126000000
0.0117000000
0.0115000000
0.0126000000
0.1422000000
