0.1175000000
0.0155000000
0.0142000000
0.0194000000
0.0174000000
0.0206000000
0.0194000000
0.0195000000
0.0200000000
0.0205000000
0.0197000000
0.0213000000
0.0233000000
0.0235000000
0.0235000000
0.0199000000
0.0191000000
0.0194000000
0.0186000000
0.0191000000
0.0181000000
0.0167000000
0.0164000000
0.0150000000
0.0141000000
0.0146000000
0.0119000000
0.0120000000
0.0108000000
0.0124000000
0.0136000000
0.0107000000
0.0165000000
0.0180000000
0.0173000000
0.0194000000
0.0164000000
0.0134000000
0.0150000000
0.0130000000
0.0167000000
0.0124000000
0.0118000000
0.0124000000
0.0123000000
0.1477000000
