0.1189000000
0.0178000000
0.0186000000
0.0187000000
0.0208000000
0.0203000000
0.0266000000
0.0211000000
0.0216000000
0.0244000000
0.0231000000
0.0259000000
0.0262000000
0.0271000000
0.0224000000
0.0226000000
0.0206000000
0.0210000000
0.0170000000
0.0191000000
0.0168000000
0.0162000000
0.0167000000
0.0146000000
0.0136000000
0.0132000000
0.0133000000
0.0126000000
0.0145000000
0.0251000000
0.0169000000
0.0192000000
0.0188000000
0.0170000000
0.0168000000
0.0183000000
0.0128000000
0.0159000000
0.0133000000
0.0127000000
0.1479000000
