0.1169000000
0.0194000000
0.0201000000
0.0224000000
0.0215000000
0.0196000000
0.0216000000
0.0247000000
0.0266000000
0.0256000000
0.0253000000
0.0234000000
0.0246000000
0.0249000000
0.0235000000
0.0222000000
0.0221000000
0.0184000000
0.0178000000
0.0168000000
0.0175000000
0.0145000000
0.0177000000
0.0162000000
0.0134000000
0.0146000000
0.0155000000
0.0118000000
0.0202000000
0.0191000000
0.0191000000
0.0190000000
0.0190000000
0.0173000000
0.0159000000
0.0174000000
0.0148000000
0.0143000000
0.0130000000
0.1523000000
