0.1200000000
0.0211000000
0.0164000000
0.0202000000
0.0227000000
0.0208000000
0.0250000000
0.0243000000
0.0247000000
0.0272000000
0.0280000000
0.0256000000
0.0297000000
0.0228000000
0.0242000000
0.0233000000
0.0232000000
0.0203000000
0.0185000000
0.0195000000
0.0178000000
0.0175000000
0.0162000000
0.0145000000
0.0145000000
0.0136000000
0.0126000000
0.0167000000
0.0207000000
0.0214000000
0.0189000000
0.0200000000
0.0182000000
0.0176000000
0.0151000000
0.0159000000
0.0166000000
0.0140000000
0.1407000000
