0.0666000000
0.0151000000
0.0148000000
0.0152000000
0.0201000000
0.0186000000
0.0202000000
0.0204000000
0.0218000000
0.0214000000
0.0235000000
0.0203000000
0.0208000000
0.0187000000
0.0216000000
0.0197000000
0.0183000000
0.0172000000
0.0162000000
0.0184000000
0.0171000000
0.0150000000
0.0131000000
0.0139000000
0.0138000000
0.0115000000
0.0144000000
0.0125000000
0.0136000000
0.0118000000
0.0110000000
0.0105000000
0.0119000000
0.0082000000
0.0115000000
0.0099000000
0.0088000000
0.0083000000
0.0089000000
0.0076000000
0.0081000000
0.0083000000
0.0072000000
0.0059000000
0.0058000000
0.0080000000
0.0068000000
0.0057000000
0.0071000000
0.0055000000
0.0140000000
0.0194000000
0.0195000000
0.0178000000
0.0184000000
0.0148000000
0.0154000000
0.0139000000
0.1362000000
