0.0690000000
0.0158000000
0.0175000000
0.0185000000
0.0203000000
0.0223000000
0.0265000000
0.0257000000
0.0266000000
0.0262000000
0.0267000000
0.0242000000
0.0212000000
0.0214000000
0.0245000000
0.0150000000
0.0202000000
0.0190000000
0.0183000000
0.0176000000
0.0159000000
0.0156000000
0.0169000000
0.0143000000
0.0141000000
0.0110000000
0.0118000000
0.0140000000
0.0112000000
0.0100000000
0.0109000000
0.0111000000
0.0123000000
0.0109000000
0.0079000000
0.0090000000
0.0084000000
0.0081000000
0.0084000000
0.0080000000
0.0085000000
0.0060000000
0.0064000000
0.0164000000
0.0197000000
0.0219000000
0.0198000000
0.0202000000
0.0200000000
0.0188000000
0.1360000000
