0.0699000000
0.0181000000
0.0164000000
0.0202000000
0.0214000000
0.0213000000
0.0247000000
0.0264000000
0.0255000000
0.0248000000
0.0259000000
0.0230000000
0.0200000000
0.0210000000
0.0188000000
0.0202000000
0.0198000000
0.0167000000
0.0178000000
0.0185000000
0.0162000000
0.0162000000
0.0139000000
0.0135000000
0.0154000000
0.0142000000
0.0112000000
0.0130000000
0.0126000000
0.0114000000
0.0115000000
0.0101000000
0.0098000000
0.0094000000
0.0098000000
0.0090000000
0.0103000000
0.0085000000
0.0093000000
0.0075000000
0.0078000000
0.0059000000
0.0071000000
0.0071000000
0.0181000000
0.0202000000
0.0205000000
0.0178000000
0.0168000000
0.0195000000
0.0159000000
0.1401000000
