0.0689000000
0.0184000000
0.0179000000
0.0198000000
0.0219000000
0.0261000000
0.0220000000
0.0253000000
0.0262000000
0.0260000000
0.0240000000
0.0216000000
0.0227000000
0.0217000000
0.0208000000
0.0186000000
0.0182000000
0.0185000000
0.0167000000
0.0158000000
0.0158000000
0.0163000000
0.0175000000
0.0141000000
0.0148000000
0.0103000000
0.0128000000
0.0120000000
0.0125000000
0.0121000000
0.0109000000
0.0112000000
0.0086000000
0.0115000000
0.0086000000
0.0093000000
0.0089000000
0.0093000000
0.0085000000
0.0069000000
0.0072000000
0.0072000000
0.0069000000
0.0066000000
0.0160000000
0.0188000000
0.0232000000
0.0202000000
0.0197000000
0.0185000000
0.0181000000
0.1346000000
