0.2102000000
0.0145000000
0.0158000000
0.0167000000
0.0131000000
0.0141000000
0.0174000000
0.0169000000
0.0168000000
0.0147000000
0.0177000000
0.0157000000
0.0147000000
0.0182000000
0.0162000000
0.0150000000
0.0183000000
0.0178000000
0.0187000000
0.0162000000
0.0195000000
0.0178000000
0.0182000000
0.0173000000
0.0183000000
0.0181000000
0.0140000000
0.0131000000
0.0155000000
0.0169000000
0.0147000000
0.0140000000
0.0149000000
0.0120000000
0.0122000000
0.0129000000
0.0103000000
0.0131000000
0.0105000000
0.0088000000
0.0100000000
0.0071000000
0.0092000000
0.0079000000
0.0077000000
0.0079000000
0.0067000000
0.0075000000
0.0075000000
0.0060000000
0.0051000000
0.1066000000
