0.2183000000
0.0173000000
0.0199000000
0.0211000000
0.0187000000
0.0188000000
0.0203000000
0.0214000000
0.0212000000
0.0240000000
0.0243000000
0.0241000000
0.0221000000
0.0233000000
0.0238000000
0.0222000000
0.0220000000
0.0246000000
0.0230000000
0.0214000000
0.0189000000
0.0173000000
0.0213000000
0.0174000000
0.0195000000
0.0165000000
0.0154000000
0.0154000000
0.0146000000
0.0135000000
0.0132000000
0.0096000000
0.0101000000
0.0123000000
0.0110000000
0.0110000000
0.0084000000
0.0088000000
0.0087000000
0.1053000000
