0.2176000000
0.0171000000
0.0179000000
0.0163000000
0.0181000000
0.0164000000
0.0174000000
0.0192000000
0.0175000000
0.0162000000
0.0180000000
0.0185000000
0.0201000000
0.0199000000
0.0194000000
0.0219000000
0.0187000000
0.0184000000
0.0197000000
0.0205000000
0.0198000000
0.0196000000
0.0183000000
0.0175000000
0.0178000000
0.0183000000
0.0201000000
0.0161000000
0.0136000000
0.0135000000
0.0158000000
0.0128000000
0.0146000000
0.0128000000
0.0127000000
0.0104000000
0.0103000000
0.0090000000
0.0082000000
0.0061000000
0.0098000000
0.0086000000
0.0084000000
0.0074000000
0.0066000000
0.1031000000
