0.2135000000
0.0205000000
0.0196000000
0.0212000000
0.0229000000
0.0201000000
0.0191000000
0.0173000000
0.0229000000
0.0240000000
0.0232000000
0.0226000000
0.0231000000
0.0231000000
0.0238000000
0.0231000000
0.0262000000
0.0266000000
0.0230000000
0.0204000000
0.0208000000
0.0190000000
0.0202000000
0.0190000000
0.0204000000
0.0189000000
0.0180000000
0.0156000000
0.0133000000
0.0118000000
0.0117000000
0.0109000000
0.0113000000
0.0090000000
0.0100000000
0.0108000000
0.0091000000
0.0101000000
0.1039000000
