0.1496000000
0.0336000000
0.0373000000
0.0349000000
0.0391000000
0.0423000000
0.0446000000
0.0447000000
0.0406000000
0.0390000000
0.0375000000
0.0308000000
0.0344000000
0.0262000000
0.0207000000
0.0221000000
0.0220000000
0.0192000000
0.0166000000
0.0174000000
0.0123000000
0.0120000000
0.0111000000
0.0101000000
0.0093000000
0.0091000000
0.0088000000
0.0074000000
0.0052000000
0.0053000000
0.0063000000
0.0033000000
0.0053000000
0.0039000000
0.0037000000
0.0030000000
0.0028000000
0.0027000000
0.0016000000
0.0021000000
0.0029000000
0.0022000000
0.0013000000
0.0007000000
0.0072000000
0.0083000000
0.0077000000
0.0074000000
0.0076000000
0.0070000000
0.0067000000
0.0631000000
