0.1515000000
0.0366000000
0.0358000000
0.0459000000
0.0422000000
0.0472000000
0.0503000000
0.0535000000
0.0464000000
0.0427000000
0.0375000000
0.0331000000
0.0276000000
0.0238000000
0.0225000000
0.0204000000
0.0210000000
0.0171000000
0.0148000000
0.0141000000
0.0118000000
0.0104000000
0.0095000000
0.0090000000
0.0076000000
0.0064000000
0.0056000000
0.0066000000
0.0057000000
0.0041000000
0.0033000000
0.0035000000
0.0029000000
0.0032000000
0.0035000000
0.0027000000
0.0020000000
0.0018000000
0.0022000000
0.0088000000
0.0105000000
0.0079000000
0.0083000000
0.0069000000
0.0095000000
0.0623000000
