0.1506000000
0.0349000000
0.0385000000
0.0395000000
0.0507000000
0.0437000000
0.0494000000
0.0485000000
0.0451000000
0.0403000000
0.0368000000
0.0310000000
0.0315000000
0.0260000000
0.0218000000
0.0233000000
0.0179000000
0.0194000000
0.0165000000
0.0124000000
0.0125000000
0.0122000000
0.0090000000
0.0084000000
0.0071000000
0.0067000000
0.0063000000
0.0062000000
0.0063000000
0.0050000000
0.0046000000
0.0034000000
0.0041000000
0.0031000000
0.0031000000
0.0024000000
0.0018000000
0.0012000000
0.0019000000
0.0023000000
0.0091000000
0.0096000000
0.0071000000
0.0097000000
0.0085000000
0.0105000000
0.0601000000
