0.1451000000
0.0411000000
0.0397000000
0.0439000000
0.0478000000
0.0522000000
0.0520000000
0.0506000000
0.0394000000
0.0426000000
0.0358000000
0.0288000000
0.0308000000
0.0279000000
0.0242000000
0.0198000000
0.0161000000
0.0168000000
0.0165000000
0.0129000000
0.0103000000
0.0127000000
0.0104000000
0.0097000000
0.0067000000
0.0067000000
0.0062000000
0.0046000000
0.0041000000
0.0047000000
0.0051000000
0.0046000000
0.0031000000
0.0037000000
0.0026000000
0.0023000000
0.0019000000
0.0022000000
0.0009000000
0.0069000000
0.0090000000
0.0087000000
0.0069000000
0.0106000000
0.0094000000
0.0620000000
