0.1464000000
0.0403000000
0.0403000000
0.0446000000
0.0432000000
0.0448000000
0.0495000000
0.0503000000
0.0469000000
0.0416000000
0.0374000000
0.0332000000
0.0291000000
0.0248000000
0.0253000000
0.0196000000
0.0196000000
0.0166000000
0.0152000000
0.0139000000
0.0121000000
0.0114000000
0.0095000000
0.0087000000
0.0069000000
0.0076000000
0.0077000000
0.0063000000
0.0054000000
0.0042000000
0.0028000000
0.0041000000
0.0028000000
0.0032000000
0.0030000000
0.0019000000
0.0020000000
0.0012000000
0.0018000000
0.0063000000
0.0116000000
0.0089000000
0.0090000000
0.0076000000
0.0091000000
0.0623000000
