0.1454000000
0.0394000000
0.0418000000
0.0435000000
0.0438000000
0.0511000000
0.0494000000
0.0512000000
0.0475000000
0.0407000000
0.0336000000
0.0321000000
0.0291000000
0.0282000000
0.0246000000
0.0222000000
0.0175000000
0.0174000000
0.0145000000
0.0124000000
0.0100000000
0.0109000000
0.0116000000
0.0083000000
0.0061000000
0.0078000000
0.0064000000
0.0060000000
0.0049000000
0.0043000000
0.0034000000
0.0040000000
0.0024000000
0.0026000000
0.0026000000
0.0028000000
0.0025000000
0.0016000000
0.0012000000
0.0080000000
0.0084000000
0.0098000000
0.0081000000
0.0078000000
0.0100000000
0.0631000000
