0.1541000000
0.0472000000
0.0502000000
0.0568000000
0.0547000000
0.0567000000
0.0569000000
0.0530000000
0.0450000000
0.0397000000
0.0379000000
0.0302000000
0.0269000000
0.0222000000
0.0191000000
0.0178000000
0.0160000000
0.0142000000
0.0130000000
0.0110000000
0.0093000000
0.0068000000
0.0073000000
0.0073000000
0.0068000000
0.0053000000
0.0040000000
0.0048000000
0.0029000000
0.0032000000
0.0022000000
0.0022000000
0.0023000000
0.0084000000
0.0113000000
0.0106000000
0.0111000000
0.0082000000
0.0634000000
