0.0192307692
0.1057692308
0.0365384615
0.0192307692
0.0884615385
0.0365384615
0.0192307692
0.0538461538
0.0019230769
0.0192307692
0.0019230769
0.0192307692
0.0019230769
0.0019230769
0.0019230769
0.0019230769
0.0192307692
0.0192307692
0.0019230769
0.0192307692
0.0365384615
0.0192307692
0.0019230769
0.0019230769
0.0019230769
0.0365384615
0.0019230769
0.0192307692
0.0019230769
0.0019230769
0.0019230769
0.0365384615
0.0019230769
0.0365384615
0.0019230769
0.0019230769
0.0019230769
0.0019230769
0.0192307692
0.0019230769
0.0019230769
0.0019230769
0.0192307692
0.0019230769
0.0192307692
0.0019230769
0.0192307692
0.0019230769
0.0019230769
0.0019230769
0.0019230769
0.2096153846
