0.0247718383
0.0709256845
0.1632333768
0.2093872229
0.0940026076
0.0247718383
0.0247718383
0.0247718383
0.0016949153
0.0247718383
0.0016949153
0.0016949153
0.0016949153
0.0247718383
0.0016949153
0.0247718383
0.0016949153
0.0016949153
0.0016949153
0.0016949153
0.0016949153
0.0016949153
0.0016949153
0.0016949153
0.0016949153
0.0016949153
0.0016949153
0.0247718383
0.0016949153
0.0016949153
0.0016949153
0.0016949153
0.0016949153
0.0016949153
0.0016949153
0.0016949153
0.0016949153
0.0016949153
0.0016949153
0.0016949153
0.0016949153
0.0016949153
0.0016949153
0.0016949153
0.0016949153
0.0016949153
0.0016949153
0.0016949153
0.0016949153
0.0016949153
0.0016949153
0.0016949153
0.0247718383
0.0016949153
0.0016949153
0.0016949153
0.0016949153
0.0016949153
0.1632333768
