0.1465641026
0.1285641026
0.0385641026
0.0745641026
0.0385641026
0.0565641026
0.0205641026
0.0565641026
0.0025641026
0.0205641026
0.0025641026
0.0385641026
0.0205641026
0.0565641026
0.0025641026
0.0025641026
0.0205641026
0.0205641026
0.0025641026
0.0205641026
0.0205641026
0.0025641026
0.0205641026
0.0025641026
0.0025641026
0.0025641026
0.0025641026
0.0025641026
0.0025641026
0.0025641026
0.0025641026
0.0205641026
0.0025641026
0.0025641026
0.0025641026
0.0205641026
0.0025641026
0.0025641026
0.1105641026
