0.1148255814
0.0923255814
0.1823255814
0.0473255814
0.0698255814
0.0248255814
0.0248255814
0.0248255814
0.0023255814
0.0248255814
0.0023255814
0.0248255814
0.0023255814
0.0248255814
0.0023255814
0.0023255814
0.0023255814
0.0023255814
0.0023255814
0.0248255814
0.0023255814
0.0248255814
0.0023255814
0.0023255814
0.0023255814
0.0023255814
0.0023255814
0.0248255814
0.0023255814
0.0023255814
0.0023255814
0.0248255814
0.0023255814
0.0023255814
0.0023255814
0.0023255814
0.0023255814
0.0023255814
0.0023255814
0.0023255814
0.0023255814
0.0023255814
0.1823255814
