0.0768181818
0.1768181818
0.1018181818
0.0518181818
0.1018181818
0.0518181818
0.0268181818
0.0268181818
0.0018181818
0.0268181818
0.0018181818
0.0268181818
0.0018181818
0.0018181818
0.0018181818
0.0018181818
0.0018181818
0.0268181818
0.0018181818
0.0268181818
0.0018181818
0.0018181818
0.0018181818
0.0018181818
0.0018181818
0.0018181818
0.0018181818
0.0018181818
0.0018181818
0.0018181818
0.0018181818
0.0268181818
0.0268181818
0.0018181818
0.0018181818
0.0018181818
0.0018181818
0.0018181818
0.0018181818
0.0018181818
0.0018181818
0.0018181818
0.0018181818
0.0018181818
0.0018181818
0.0018181818
0.0018181818
0.0018181818
0.0268181818
0.0018181818
0.0018181818
0.0018181818
0.0018181818
0.0018181818
0.1268181818
