0.0711915535
0.1634992459
0.1173453997
0.0481146305
0.0250377074
0.0942684766
0.1173453997
0.0942684766
0.0250377074
0.0019607843
0.0019607843
0.0250377074
0.0250377074
0.0250377074
0.0019607843
0.0019607843
0.0019607843
0.0019607843
0.0019607843
0.0019607843
0.0019607843
0.0019607843
0.0019607843
0.0019607843
0.0019607843
0.0019607843
0.0019607843
0.0019607843
0.0250377074
0.0250377074
0.0019607843
0.0019607843
0.0019607843
0.0019607843
0.0019607843
0.0019607843
0.0019607843
0.0019607843
0.0019607843
0.0019607843
0.0019607843
0.0019607843
0.0019607843
0.0019607843
0.0019607843
0.0019607843
0.0019607843
0.0019607843
0.0019607843
0.0019607843
0.0481146305
