0.0268243243
0.0754729730
0.0754729730
0.0754729730
0.0754729730
0.0268243243
0.0268243243
0.0268243243
0.0025000000
0.0268243243
0.0511486486
0.0025000000
0.0511486486
0.0025000000
0.0511486486
0.0025000000
0.0268243243
0.0268243243
0.0754729730
0.0025000000
0.0025000000
0.0025000000
0.0025000000
0.0025000000
0.0025000000
0.0025000000
0.0025000000
0.0025000000
0.0025000000
0.0025000000
0.0025000000
0.0268243243
0.0025000000
0.0025000000
0.0025000000
0.0025000000
0.0025000000
0.0025000000
0.0511486486
0.1484459459
