0.0530952381
0.0788095238
0.1302380952
0.1045238095
0.0273809524
0.0273809524
0.0788095238
0.0273809524
0.0273809524
0.0016666667
0.0273809524
0.0273809524
0.0016666667
0.0016666667
0.0530952381
0.0016666667
0.0016666667
0.0273809524
0.0016666667
0.0016666667
0.0273809524
0.0016666667
0.0273809524
0.0016666667
0.0016666667
0.0016666667
0.0016666667
0.0016666667
0.0016666667
0.0016666667
0.0016666667
0.0016666667
0.0273809524
0.0016666667
0.0016666667
0.0016666667
0.0016666667
0.0016666667
0.0016666667
0.0016666667
0.0016666667
0.0016666667
0.0016666667
0.0016666667
0.0016666667
0.0016666667
0.0016666667
0.0016666667
0.0016666667
0.0016666667
0.0016666667
0.0016666667
0.0016666667
0.0016666667
0.0016666667
0.0016666667
0.0016666667
0.0016666667
0.0016666667
0.1559523810
