0.0941595442
0.0941595442
0.0249287749
0.0480056980
0.0249287749
0.0018518519
0.0249287749
0.0249287749
0.0249287749
0.0480056980
0.0018518519
0.0018518519
0.0018518519
0.0018518519
0.0018518519
0.0018518519
0.0018518519
0.0018518519
0.0018518519
0.0018518519
0.0018518519
0.0249287749
0.0249287749
0.0249287749
0.0480056980
0.0018518519
0.0249287749
0.0480056980
0.0249287749
0.0249287749
0.0018518519
0.0249287749
0.0249287749
0.0018518519
0.0018518519
0.0018518519
0.0018518519
0.0018518519
0.0018518519
0.0018518519
0.0018518519
0.0018518519
0.0249287749
0.0018518519
0.0018518519
0.0018518519
0.0018518519
0.0018518519
0.0018518519
0.0018518519
0.0018518519
0.0018518519
0.0018518519
0.2095441595
