0.0991491491
0.0018518519
0.0505005005
0.0018518519
0.0991491491
0.0261761762
0.0505005005
0.0018518519
0.0018518519
0.0261761762
0.0018518519
0.0505005005
0.0261761762
0.0505005005
0.0018518519
0.0018518519
0.0261761762
0.0018518519
0.0018518519
0.0261761762
0.0261761762
0.0261761762
0.0018518519
0.0261761762
0.0018518519
0.0018518519
0.0018518519
0.0505005005
0.0018518519
0.0018518519
0.0018518519
0.0018518519
0.0018518519
0.0018518519
0.0261761762
0.0261761762
0.0261761762
0.0261761762
0.0018518519
0.0018518519
0.0018518519
0.0018518519
0.0018518519
0.0018518519
0.0018518519
0.0018518519
0.0018518519
0.0018518519
0.0018518519
0.0018518519
0.0018518519
0.0018518519
0.0018518519
0.1721221221
