0.0546078431
0.1604901961
0.1075490196
0.0016666667
0.0546078431
0.2134313725
0.0546078431
0.0546078431
0.0016666667
0.0546078431
0.0016666667
0.0016666667
0.0546078431
0.0016666667
0.0016666667
0.0016666667
0.0016666667
0.0016666667
0.0016666667
0.0016666667
0.0016666667
0.0016666667
0.0016666667
0.0016666667
0.0016666667
0.0016666667
0.0016666667
0.0016666667
0.0016666667
0.0016666667
0.0016666667
0.0016666667
0.0016666667
0.0016666667
0.0546078431
0.0016666667
0.0016666667
0.0016666667
0.0016666667
0.0016666667
0.0016666667
0.0016666667
0.0016666667
0.0016666667
0.0016666667
0.0546078431
0.0016666667
0.0016666667
0.0016666667
0.0016666667
0.0016666667
0.0016666667
0.0016666667
0.0016666667
0.0016666667
0.0016666667
0.0016666667
0.0016666667
0.0016666667
0.0016666667
