0.0000000000
0.0023000000
0.0047000000
0.0079000000
0.0083000000
0.0131000000
0.0130000000
0.0145000000
0.0174000000
0.0193000000
0.0171000000
0.0215000000
0.0231000000
0.0238000000
0.0238000000
0.0233000000
0.0251000000
0.0278000000
0.0270000000
0.0294000000
0.0331000000
0.0296000000
0.0285000000
0.0275000000
0.0269000000
0.0223000000
0.0232000000
0.0222000000
0.0188000000
0.0190000000
0.0182000000
0.0157000000
0.0142000000
0.0155000000
0.0140000000
0.0133000000
0.0119000000
0.0114000000
0.0108000000
0.0106000000
0.0077000000
0.0093000000
0.0097000000
0.0095000000
0.0065000000
0.0068000000
0.0065000000
0.0066000000
0.0070000000
0.0068000000
0.0046000000
0.1899000000
