0.0000000000
0.0036000000
0.0069000000
0.0092000000
0.0133000000
0.0153000000
0.0154000000
0.0185000000
0.0194000000
0.0229000000
0.0208000000
0.0250000000
0.0263000000
0.0303000000
0.0311000000
0.0303000000
0.0345000000
0.0339000000
0.0332000000
0.0308000000
0.0304000000
0.0300000000
0.0257000000
0.0252000000
0.0248000000
0.0209000000
0.0192000000
0.0202000000
0.0148000000
0.0197000000
0.0176000000
0.0147000000
0.0155000000
0.0131000000
0.0116000000
0.0091000000
0.0115000000
0.0098000000
0.0100000000
0.0091000000
0.0074000000
0.0074000000
0.0073000000
0.0072000000
0.0074000000
0.1897000000
