0.0000000000
0.0036000000
0.0054000000
0.0084000000
0.0123000000
0.0147000000
0.0172000000
0.0182000000
0.0184000000
0.0215000000
0.0228000000
0.0263000000
0.0285000000
0.0309000000
0.0299000000
0.0311000000
0.0321000000
0.0324000000
0.0342000000
0.0326000000
0.0345000000
0.0272000000
0.0256000000
0.0256000000
0.0238000000
0.0222000000
0.0217000000
0.0211000000
0.0166000000
0.0171000000
0.0156000000
0.0142000000
0.0149000000
0.0133000000
0.0127000000
0.0093000000
0.0130000000
0.0087000000
0.0085000000
0.0086000000
0.0073000000
0.0076000000
0.0074000000
0.0058000000
0.0061000000
0.1911000000
