0.0000000000
0.0018000000
0.0044000000
0.0057000000
0.0081000000
0.0084000000
0.0090000000
0.0111000000
0.0133000000
0.0142000000
0.0191000000
0.0174000000
0.0177000000
0.0211000000
0.0219000000
0.0227000000
0.0243000000
0.0216000000
0.0265000000
0.0237000000
0.0279000000
0.0263000000
0.0248000000
0.0261000000
0.0264000000
0.0248000000
0.0234000000
0.0214000000
0.0214000000
0.0183000000
0.0200000000
0.0185000000
0.0170000000
0.0169000000
0.0124000000
0.0140000000
0.0148000000
0.0145000000
0.0130000000
0.0098000000
0.0111000000
0.0112000000
0.0124000000
0.0104000000
0.0084000000
0.0074000000
0.0089000000
0.0084000000
0.0064000000
0.0064000000
0.0066000000
0.0060000000
0.0056000000
0.0042000000
0.0043000000
0.0053000000
0.1933000000
