0.1037000000
0.0200000000
0.0204000000
0.0217000000
0.0219000000
0.0265000000
0.0257000000
0.0263000000
0.0277000000
0.0304000000
0.0284000000
0.0281000000
0.0256000000
0.0252000000
0.0234000000
0.0206000000
0.0207000000
0.0208000000
0.0216000000
0.0187000000
0.0164000000
0.0156000000
0.0162000000
0.0146000000
0.0135000000
0.0131000000
0.0124000000
0.0121000000
0.0115000000
0.0103000000
0.0218000000
0.0213000000
0.0171000000
0.0211000000
0.0192000000
0.0165000000
0.0190000000
0.0144000000
0.0159000000
0.1406000000
