0.1014000000
0.0201000000
0.0213000000
0.0216000000
0.0215000000
0.0244000000
0.0228000000
0.0273000000
0.0260000000
0.0279000000
0.0291000000
0.0248000000
0.0247000000
0.0268000000
0.0225000000
0.0244000000
0.0223000000
0.0191000000
0.0201000000
0.0163000000
0.0179000000
0.0190000000
0.0173000000
0.0166000000
0.0139000000
0.0133000000
0.0139000000
0.0106000000
0.0105000000
0.0114000000
0.0197000000
0.0211000000
0.0199000000
0.0182000000
0.0170000000
0.0181000000
0.0186000000
0.0152000000
0.0135000000
0.1499000000
