0.1036000000
0.0142000000
0.0126000000
0.0135000000
0.0155000000
0.0148000000
0.0144000000
0.0184000000
0.0151000000
0.0167000000
0.0177000000
0.0188000000
0.0200000000
0.0193000000
0.0187000000
0.0184000000
0.0172000000
0.0169000000
0.0170000000
0.0179000000
0.0167000000
0.0157000000
0.0156000000
0.0150000000
0.0159000000
0.0147000000
0.0122000000
0.0137000000
0.0111000000
0.0126000000
0.0102000000
0.0103000000
0.0110000000
0.0136000000
0.0109000000
0.0086000000
0.0085000000
0.0090000000
0.0094000000
0.0084000000
0.0091000000
0.0069000000
0.0069000000
0.0098000000
0.0138000000
0.0138000000
0.0130000000
0.0142000000
0.0140000000
0.0112000000
0.0115000000
0.0126000000
0.0117000000
0.0124000000
0.0099000000
0.0109000000
0.0122000000
0.1423000000
