0.0989000000
0.0136000000
0.0133000000
0.0146000000
0.0156000000
0.0126000000
0.0144000000
0.0156000000
0.0163000000
0.0174000000
0.0181000000
0.0165000000
0.0171000000
0.0193000000
0.0198000000
0.0201000000
0.0176000000
0.0200000000
0.0184000000
0.0161000000
0.0162000000
0.0171000000
0.0164000000
0.0144000000
0.0145000000
0.0129000000
0.0120000000
0.0124000000
0.0104000000
0.0130000000
0.0127000000
0.0112000000
0.0123000000
0.0115000000
0.0091000000
0.0088000000
0.0093000000
0.0081000000
0.0100000000
0.0093000000
0.0084000000
0.0076000000
0.0073000000
0.0069000000
0.0116000000
0.0142000000
0.0134000000
0.0148000000
0.0132000000
0.0123000000
0.0123000000
0.0115000000
0.0129000000
0.0110000000
0.0123000000
0.0112000000
0.0106000000
0.0096000000
0.1420000000
