0.1055000000
0.0170000000
0.0165000000
0.0182000000
0.0193000000
0.0197000000
0.0211000000
0.0201000000
0.0202000000
0.0255000000
0.0239000000
0.0252000000
0.0235000000
0.0221000000
0.0229000000
0.0211000000
0.0240000000
0.0197000000
0.0179000000
0.0181000000
0.0186000000
0.0144000000
0.0158000000
0.0148000000
0.0136000000
0.0142000000
0.0151000000
0.0111000000
0.0134000000
0.0122000000
0.0101000000
0.0111000000
0.0113000000
0.0098000000
0.0139000000
0.0203000000
0.0163000000
0.0151000000
0.0158000000
0.0161000000
0.0143000000
0.0132000000
0.0156000000
0.0147000000
0.0150000000
0.1427000000
