0.1001000000
0.0153000000
0.0173000000
0.0204000000
0.0181000000
0.0195000000
0.0218000000
0.0210000000
0.0232000000
0.0228000000
0.0195000000
0.0214000000
0.0224000000
0.0251000000
0.0214000000
0.0212000000
0.0228000000
0.0213000000
0.0168000000
0.0152000000
0.0157000000
0.0174000000
0.0154000000
0.0155000000
0.0135000000
0.0144000000
0.0136000000
0.0140000000
0.0135000000
0.0120000000
0.0119000000
0.0109000000
0.0099000000
0.0084000000
0.0087000000
0.0165000000
0.0180000000
0.0170000000
0.0163000000
0.0184000000
0.0174000000
0.0151000000
0.0154000000
0.0141000000
0.0160000000
0.0115000000
0.1429000000
