0.0988000000
0.0139000000
0.0149000000
0.0166000000
0.0149000000
0.0152000000
0.0167000000
0.0202000000
0.0193000000
0.0180000000
0.0200000000
0.0180000000
0.0200000000
0.0225000000
0.0188000000
0.0194000000
0.0196000000
0.0199000000
0.0162000000
0.0177000000
0.0179000000
0.0159000000
0.0122000000
0.0150000000
0.0140000000
0.0137000000
0.0142000000
0.0154000000
0.0117000000
0.0135000000
0.0112000000
0.0095000000
0.0120000000
0.0109000000
0.0111000000
0.0086000000
0.0097000000
0.0105000000
0.0078000000
0.0091000000
0.0081000000
0.0108000000
0.0162000000
0.0143000000
0.0157000000
0.0142000000
0.0129000000
0.0125000000
0.0115000000
0.0127000000
0.0126000000
0.0138000000
0.0099000000
0.0112000000
0.1391000000
