0.1056000000
0.0177000000
0.0193000000
0.0181000000
0.0193000000
0.0223000000
0.0183000000
0.0198000000
0.0210000000
0.0237000000
0.0246000000
0.0226000000
0.0202000000
0.0243000000
0.0205000000
0.0181000000
0.0209000000
0.0193000000
0.0189000000
0.0183000000
0.0173000000
0.0197000000
0.0185000000
0.0154000000
0.0160000000
0.0142000000
0.0135000000
0.0112000000
0.0096000000
0.0121000000
0.0111000000
0.0118000000
0.0108000000
0.0087000000
0.0144000000
0.0184000000
0.0189000000
0.0182000000
0.0191000000
0.0161000000
0.0157000000
0.0140000000
0.0142000000
0.0152000000
0.0138000000
0.1393000000
