0.0000000000
0.0047000000
0.0075000000
0.0123000000
0.0160000000
0.0228000000
0.0228000000
0.0281000000
0.0297000000
0.0296000000
0.0265000000
0.0253000000
0.0285000000
0.0256000000
0.0221000000
0.0238000000
0.0215000000
0.0174000000
0.0215000000
0.0211000000
0.0175000000
0.0182000000
0.0167000000
0.0166000000
0.0147000000
0.0151000000
0.0175000000
0.0146000000
0.0140000000
0.0118000000
0.0131000000
0.0130000000
0.0106000000
0.0116000000
0.0104000000
0.0107000000
0.0108000000
0.0087000000
0.0090000000
0.0104000000
0.0093000000
0.0067000000
0.0076000000
0.0068000000
0.0072000000
0.0081000000
0.0073000000
0.0064000000
0.0062000000
0.0064000000
0.0048000000
0.2514000000
