0.0000000000
0.0046000000
0.0096000000
0.0133000000
0.0176000000
0.0212000000
0.0237000000
0.0258000000
0.0299000000
0.0297000000
0.0273000000
0.0248000000
0.0289000000
0.0267000000
0.0211000000
0.0232000000
0.0218000000
0.0214000000
0.0198000000
0.0188000000
0.0181000000
0.0178000000
0.0181000000
0.0163000000
0.0158000000
0.0166000000
0.0144000000
0.0132000000
0.0131000000
0.0146000000
0.0133000000
0.0123000000
0.0134000000
0.0106000000
0.0095000000
0.0118000000
0.0098000000
0.0093000000
0.0101000000
0.0080000000
0.0085000000
0.0078000000
0.0077000000
0.0067000000
0.0069000000
0.0085000000
0.0068000000
0.0076000000
0.0048000000
0.0067000000
0.0060000000
0.2467000000
