0.0000000000
0.0030000000
0.0078000000
0.0098000000
0.0134000000
0.0147000000
0.0172000000
0.0209000000
0.0263000000
0.0264000000
0.0256000000
0.0280000000
0.0277000000
0.0231000000
0.0206000000
0.0230000000
0.0208000000
0.0202000000
0.0176000000
0.0189000000
0.0174000000
0.0177000000
0.0186000000
0.0158000000
0.0153000000
0.0137000000
0.0160000000
0.0157000000
0.0139000000
0.0123000000
0.0140000000
0.0121000000
0.0120000000
0.0115000000
0.0113000000
0.0088000000
0.0099000000
0.0106000000
0.0103000000
0.0110000000
0.0105000000
0.0097000000
0.0083000000
0.0087000000
0.0063000000
0.0073000000
0.0071000000
0.0078000000
0.0074000000
0.0067000000
0.0059000000
0.0053000000
0.0055000000
0.0061000000
0.0053000000
0.0054000000
0.0053000000
0.2485000000
