0.0000000000
0.0028000000
0.0057000000
0.0110000000
0.0132000000
0.0159000000
0.0205000000
0.0190000000
0.0235000000
0.0279000000
0.0270000000
0.0238000000
0.0239000000
0.0218000000
0.0228000000
0.0215000000
0.0206000000
0.0196000000
0.0201000000
0.0174000000
0.0189000000
0.0179000000
0.0161000000
0.0173000000
0.0153000000
0.0172000000
0.0148000000
0.0124000000
0.0135000000
0.0133000000
0.0128000000
0.0135000000
0.0096000000
0.0128000000
0.0117000000
0.0100000000
0.0108000000
0.0103000000
0.0104000000
0.0099000000
0.0086000000
0.0089000000
0.0090000000
0.0077000000
0.0076000000
0.0076000000
0.0076000000
0.0075000000
0.0070000000
0.0072000000
0.0081000000
0.0054000000
0.0050000000
0.0069000000
0.0061000000
0.0051000000
0.0049000000
0.0052000000
0.2481000000
