0.0000000000
0.0060000000
0.0098000000
0.0152000000
0.0196000000
0.0300000000
0.0306000000
0.0373000000
0.0319000000
0.0322000000
0.0276000000
0.0289000000
0.0278000000
0.0251000000
0.0234000000
0.0257000000
0.0246000000
0.0193000000
0.0233000000
0.0199000000
0.0198000000
0.0173000000
0.0172000000
0.0169000000
0.0162000000
0.0175000000
0.0139000000
0.0135000000
0.0122000000
0.0121000000
0.0135000000
0.0123000000
0.0124000000
0.0101000000
0.0097000000
0.0102000000
0.0086000000
0.0075000000
0.0087000000
0.0088000000
0.0089000000
0.0071000000
0.0083000000
0.0078000000
0.0048000000
0.2465000000
