0.0000000000
0.0039000000
0.0067000000
0.0108000000
0.0146000000
0.0191000000
0.0234000000
0.0260000000
0.0325000000
0.0283000000
0.0261000000
0.0243000000
0.0241000000
0.0241000000
0.0217000000
0.0235000000
0.0225000000
0.0202000000
0.0194000000
0.0194000000
0.0201000000
0.0183000000
0.0144000000
0.0160000000
0.0159000000
0.0145000000
0.0168000000
0.0160000000
0.0122000000
0.0125000000
0.0129000000
0.0116000000
0.0134000000
0.0114000000
0.0106000000
0.0112000000
0.0103000000
0.0102000000
0.0093000000
0.0106000000
0.0090000000
0.0079000000
0.0075000000
0.0070000000
0.0063000000
0.0075000000
0.0081000000
0.0068000000
0.0080000000
0.0061000000
0.0051000000
0.0050000000
0.0057000000
0.0053000000
0.2459000000
