0.3245000000
0.0370000000
0.0361000000
0.0331000000
0.0304000000
0.0270000000
0.0264000000
0.0264000000
0.0221000000
0.0221000000
0.0211000000
0.0164000000
0.0182000000
0.0168000000
0.0154000000
0.0168000000
0.0123000000
0.0131000000
0.0108000000
0.0088000000
0.0108000000
0.0099000000
0.0075000000
0.0105000000
0.0089000000
0.0078000000
0.0069000000
0.0064000000
0.0061000000
0.0058000000
0.0057000000
0.0057000000
0.0118000000
0.0146000000
0.0138000000
0.0148000000
0.0133000000
0.0140000000
0.0105000000
0.0126000000
0.0115000000
0.0110000000
0.0125000000
0.0122000000
0.0104000000
0.0102000000
