0.3256000000
0.0257000000
0.0286000000
0.0252000000
0.0215000000
0.0230000000
0.0227000000
0.0230000000
0.0202000000
0.0187000000
0.0181000000
0.0183000000
0.0151000000
0.0168000000
0.0141000000
0.0141000000
0.0145000000
0.0123000000
0.0118000000
0.0127000000
0.0123000000
0.0089000000
0.0100000000
0.0081000000
0.0104000000
0.0074000000
0.0070000000
0.0081000000
0.0077000000
0.0060000000
0.0068000000
0.0054000000
0.0059000000
0.0061000000
0.0051000000
0.0053000000
0.0047000000
0.0044000000
0.0042000000
0.0043000000
0.0047000000
0.0093000000
0.0118000000
0.0116000000
0.0099000000
0.0111000000
0.0111000000
0.0112000000
0.0115000000
0.0108000000
0.0078000000
0.0097000000
0.0078000000
0.0096000000
0.0080000000
0.0105000000
0.0079000000
0.0077000000
0.0079000000
