0.3223000000
0.0330000000
0.0293000000
0.0253000000
0.0251000000
0.0252000000
0.0249000000
0.0232000000
0.0229000000
0.0201000000
0.0176000000
0.0189000000
0.0183000000
0.0148000000
0.0163000000
0.0161000000
0.0121000000
0.0139000000
0.0105000000
0.0113000000
0.0092000000
0.0092000000
0.0098000000
0.0082000000
0.0077000000
0.0077000000
0.0082000000
0.0080000000
0.0079000000
0.0065000000
0.0069000000
0.0059000000
0.0060000000
0.0057000000
0.0059000000
0.0037000000
0.0044000000
0.0040000000
0.0065000000
0.0123000000
0.0138000000
0.0115000000
0.0112000000
0.0105000000
0.0105000000
0.0108000000
0.0094000000
0.0099000000
0.0082000000
0.0116000000
0.0096000000
0.0102000000
0.0107000000
0.0078000000
0.0095000000
