0.3179000000
0.0328000000
0.0311000000
0.0305000000
0.0266000000
0.0261000000
0.0236000000
0.0213000000
0.0224000000
0.0195000000
0.0198000000
0.0167000000
0.0171000000
0.0151000000
0.0160000000
0.0141000000
0.0138000000
0.0112000000
0.0140000000
0.0119000000
0.0109000000
0.0122000000
0.0092000000
0.0072000000
0.0080000000
0.0093000000
0.0105000000
0.0071000000
0.0078000000
0.0061000000
0.0048000000
0.0048000000
0.0067000000
0.0041000000
0.0050000000
0.0040000000
0.0038000000
0.0042000000
0.0127000000
0.0131000000
0.0120000000
0.0143000000
0.0103000000
0.0117000000
0.0108000000
0.0105000000
0.0110000000
0.0083000000
0.0108000000
0.0103000000
0.0083000000
0.0103000000
0.0088000000
0.0096000000
