0.2863000000
0.0160000000
0.0162000000
0.0202000000
0.0178000000
0.0160000000
0.0188000000
0.0190000000
0.0189000000
0.0180000000
0.0215000000
0.0163000000
0.0195000000
0.0178000000
0.0192000000
0.0172000000
0.0175000000
0.0192000000
0.0200000000
0.0183000000
0.0197000000
0.0195000000
0.0184000000
0.0201000000
0.0162000000
0.0157000000
0.0133000000
0.0145000000
0.0144000000
0.0120000000
0.0117000000
0.0094000000
0.0109000000
0.0105000000
0.0075000000
0.0100000000
0.0087000000
0.0084000000
0.0084000000
0.0068000000
0.0054000000
0.0056000000
0.0039000000
0.0051000000
0.0043000000
0.0032000000
0.0048000000
0.0054000000
0.0040000000
0.0030000000
0.0655000000
