0.2899000000
0.0156000000
0.0145000000
0.0158000000
0.0156000000
0.0185000000
0.0191000000
0.0170000000
0.0193000000
0.0164000000
0.0186000000
0.0165000000
0.0165000000
0.0178000000
0.0169000000
0.0168000000
0.0176000000
0.0197000000
0.0202000000
0.0197000000
0.0205000000
0.0196000000
0.0205000000
0.0205000000
0.0168000000
0.0157000000
0.0150000000
0.0136000000
0.0127000000
0.0139000000
0.0120000000
0.0125000000
0.0102000000
0.0071000000
0.0095000000
0.0099000000
0.0085000000
0.0066000000
0.0078000000
0.0071000000
0.0060000000
0.0065000000
0.0056000000
0.0049000000
0.0039000000
0.0046000000
0.0047000000
0.0042000000
0.0034000000
0.0039000000
0.0045000000
0.0658000000
