0.2810000000
0.0240000000
0.0232000000
0.0245000000
0.0224000000
0.0225000000
0.0251000000
0.0217000000
0.0237000000
0.0259000000
0.0226000000
0.0212000000
0.0233000000
0.0247000000
0.0243000000
0.0272000000
0.0266000000
0.0261000000
0.0251000000
0.0226000000
0.0201000000
0.0163000000
0.0190000000
0.0150000000
0.0147000000
0.0136000000
0.0111000000
0.0112000000
0.0099000000
0.0077000000
0.0089000000
0.0089000000
0.0087000000
0.0079000000
0.0048000000
0.0055000000
0.0060000000
0.0067000000
0.0041000000
0.0622000000
