0.2777000000
0.0234000000
0.0257000000
0.0256000000
0.0222000000
0.0247000000
0.0276000000
0.0234000000
0.0244000000
0.0274000000
0.0270000000
0.0249000000
0.0249000000
0.0270000000
0.0251000000
0.0252000000
0.0273000000
0.0256000000
0.0229000000
0.0198000000
0.0204000000
0.0161000000
0.0193000000
0.0160000000
0.0133000000
0.0129000000
0.0122000000
0.0100000000
0.0085000000
0.0071000000
0.0072000000
0.0078000000
0.0063000000
0.0053000000
0.0070000000
0.0056000000
0.0042000000
0.0048000000
0.0642000000
