0.2774000000
0.0217000000
0.0230000000
0.0249000000
0.0226000000
0.0248000000
0.0253000000
0.0236000000
0.0242000000
0.0223000000
0.0236000000
0.0252000000
0.0263000000
0.0225000000
0.0219000000
0.0256000000
0.0212000000
0.0240000000
0.0262000000
0.0203000000
0.0188000000
0.0164000000
0.0162000000
0.0163000000
0.0176000000
0.0137000000
0.0136000000
0.0122000000
0.0101000000
0.0087000000
0.0103000000
0.0082000000
0.0067000000
0.0067000000
0.0060000000
0.0057000000
0.0043000000
0.0050000000
0.0066000000
0.0047000000
0.0656000000
