0.0000000000
0.0123000000
0.0223000000
0.0323000000
0.0311000000
0.0271000000
0.0298000000
0.0289000000
0.0225000000
0.0267000000
0.0241000000
0.0215000000
0.0246000000
0.0221000000
0.0204000000
0.0204000000
0.0201000000
0.0171000000
0.0184000000
0.0174000000
0.0169000000
0.0169000000
0.0145000000
0.0153000000
0.0134000000
0.0155000000
0.0122000000
0.0128000000
0.0126000000
0.0120000000
0.0110000000
0.0121000000
0.0111000000
0.0086000000
0.0121000000
0.0086000000
0.0093000000
0.0098000000
0.0070000000
0.0093000000
0.0085000000
0.0065000000
0.0071000000
0.0077000000
0.0072000000
0.0060000000
0.0073000000
0.0053000000
0.0060000000
0.0062000000
0.0060000000
0.0049000000
0.0058000000
0.0041000000
0.2313000000
