0.0000000000
0.0223000000
0.0425000000
0.0405000000
0.0423000000
0.0345000000
0.0355000000
0.0342000000
0.0319000000
0.0312000000
0.0284000000
0.0283000000
0.0261000000
0.0234000000
0.0236000000
0.0231000000
0.0223000000
0.0194000000
0.0199000000
0.0178000000
0.0179000000
0.0164000000
0.0160000000
0.0145000000
0.0147000000
0.0121000000
0.0149000000
0.0116000000
0.0107000000
0.0118000000
0.0104000000
0.0103000000
0.0094000000
0.0081000000
0.0083000000
0.0090000000
0.0084000000
0.0071000000
0.0064000000
0.2348000000
