0.0000000000
0.0102000000
0.0196000000
0.0294000000
0.0299000000
0.0246000000
0.0260000000
0.0254000000
0.0261000000
0.0236000000
0.0245000000
0.0205000000
0.0208000000
0.0199000000
0.0216000000
0.0167000000
0.0206000000
0.0193000000
0.0165000000
0.0180000000
0.0173000000
0.0142000000
0.0150000000
0.0138000000
0.0132000000
0.0152000000
0.0121000000
0.0135000000
0.0119000000
0.0128000000
0.0117000000
0.0121000000
0.0091000000
0.0117000000
0.0092000000
0.0091000000
0.0102000000
0.0106000000
0.0078000000
0.0083000000
0.0085000000
0.0079000000
0.0080000000
0.0073000000
0.0077000000
0.0071000000
0.0058000000
0.0070000000
0.0067000000
0.0053000000
0.0073000000
0.0054000000
0.0047000000
0.0049000000
0.0051000000
0.0052000000
0.0048000000
0.0045000000
0.2348000000
