0.0000000000
0.0124000000
0.0274000000
0.0316000000
0.0300000000
0.0304000000
0.0299000000
0.0274000000
0.0265000000
0.0264000000
0.0254000000
0.0247000000
0.0216000000
0.0217000000
0.0216000000
0.0202000000
0.0198000000
0.0199000000
0.0182000000
0.0169000000
0.0162000000
0.0178000000
0.0152000000
0.0155000000
0.0147000000
0.0126000000
0.0141000000
0.0129000000
0.0131000000
0.0115000000
0.0107000000
0.0127000000
0.0097000000
0.0096000000
0.0105000000
0.0089000000
0.0103000000
0.0085000000
0.0088000000
0.0082000000
0.0085000000
0.0076000000
0.0058000000
0.0072000000
0.0063000000
0.0066000000
0.0060000000
0.0063000000
0.0063000000
0.0056000000
0.0044000000
0.2359000000
