0.0000000000
0.0133000000
0.0274000000
0.0328000000
0.0290000000
0.0322000000
0.0305000000
0.0276000000
0.0254000000
0.0274000000
0.0237000000
0.0253000000
0.0227000000
0.0218000000
0.0224000000
0.0206000000
0.0179000000
0.0180000000
0.0191000000
0.0189000000
0.0174000000
0.0149000000
0.0170000000
0.0145000000
0.0147000000
0.0135000000
0.0143000000
0.0136000000
0.0127000000
0.0101000000
0.0126000000
0.0114000000
0.0094000000
0.0094000000
0.0100000000
0.0100000000
0.0090000000
0.0084000000
0.0094000000
0.0086000000
0.0070000000
0.0074000000
0.0069000000
0.0074000000
0.0057000000
0.0072000000
0.0065000000
0.0059000000
0.0056000000
0.0056000000
0.0055000000
0.2324000000
