0.0000000000
0.0139000000
0.0259000000
0.0326000000
0.0304000000
0.0306000000
0.0303000000
0.0304000000
0.0258000000
0.0261000000
0.0269000000
0.0231000000
0.0244000000
0.0221000000
0.0216000000
0.0194000000
0.0206000000
0.0194000000
0.0195000000
0.0155000000
0.0188000000
0.0149000000
0.0151000000
0.0177000000
0.0126000000
0.0139000000
0.0134000000
0.0132000000
0.0133000000
0.0106000000
0.0104000000
0.0122000000
0.0104000000
0.0089000000
0.0112000000
0.0095000000
0.0092000000
0.0093000000
0.0074000000
0.0087000000
0.0069000000
0.0080000000
0.0072000000
0.0061000000
0.0077000000
0.0060000000
0.0063000000
0.0052000000
0.0065000000
0.0041000000
0.2368000000
