0.0000000000
0.0214000000
0.0397000000
0.0402000000
0.0356000000
0.0383000000
0.0319000000
0.0325000000
0.0331000000
0.0288000000
0.0278000000
0.0261000000
0.0275000000
0.0238000000
0.0228000000
0.0230000000
0.0208000000
0.0197000000
0.0193000000
0.0183000000
0.0183000000
0.0152000000
0.0172000000
0.0148000000
0.0145000000
0.0137000000
0.0115000000
0.0138000000
0.0117000000
0.0100000000
0.0123000000
0.0098000000
0.0097000000
0.0086000000
0.0099000000
0.0066000000
0.0100000000
0.0065000000
0.0079000000
0.0067000000
0.0066000000
0.2341000000
