0.0000000000
0.0186000000
0.0341000000
0.0357000000
0.0342000000
0.0351000000
0.0307000000
0.0320000000
0.0282000000
0.0280000000
0.0278000000
0.0248000000
0.0255000000
0.0228000000
0.0227000000
0.0233000000
0.0194000000
0.0200000000
0.0198000000
0.0181000000
0.0163000000
0.0177000000
0.0167000000
0.0141000000
0.0142000000
0.0136000000
0.0127000000
0.0135000000
0.0121000000
0.0108000000
0.0120000000
0.0098000000
0.0106000000
0.0110000000
0.0081000000
0.0088000000
0.0088000000
0.0073000000
0.0080000000
0.0091000000
0.0058000000
0.0073000000
0.0062000000
0.0055000000
0.0060000000
0.2332000000
