0.0000000000
0.0149000000
0.0332000000
0.0396000000
0.0322000000
0.0350000000
0.0312000000
0.0302000000
0.0300000000
0.0277000000
0.0263000000
0.0266000000
0.0247000000
0.0233000000
0.0228000000
0.0213000000
0.0228000000
0.0168000000
0.0205000000
0.0168000000
0.0184000000
0.0156000000
0.0160000000
0.0164000000
0.0138000000
0.0141000000
0.0129000000
0.0130000000
0.0119000000
0.0121000000
0.0106000000
0.0116000000
0.0098000000
0.0098000000
0.0089000000
0.0087000000
0.0091000000
0.0090000000
0.0067000000
0.0085000000
0.0056000000
0.0080000000
0.0064000000
0.0065000000
0.0062000000
0.2345000000
