0.0000000000
0.0218000000
0.0457000000
0.0376000000
0.0384000000
0.0373000000
0.0379000000
0.0324000000
0.0318000000
0.0308000000
0.0307000000
0.0244000000
0.0264000000
0.0250000000
0.0233000000
0.0231000000
0.0215000000
0.0202000000
0.0197000000
0.0180000000
0.0164000000
0.0172000000
0.0150000000
0.0150000000
0.0160000000
0.0129000000
0.0113000000
0.0138000000
0.0116000000
0.0093000000
0.0123000000
0.0109000000
0.0081000000
0.0096000000
0.0088000000
0.0072000000
0.0087000000
0.0074000000
0.0067000000
0.2358000000
