0.0000000000
0.0251000000
0.0457000000
0.0384000000
0.0415000000
0.0380000000
0.0370000000
0.0349000000
0.0328000000
0.0316000000
0.0280000000
0.0279000000
0.0266000000
0.0236000000
0.0250000000
0.0233000000
0.0209000000
0.0207000000
0.0189000000
0.0176000000
0.0188000000
0.0163000000
0.0151000000
0.0149000000
0.0155000000
0.0128000000
0.0127000000
0.0108000000
0.0114000000
0.0112000000
0.0117000000
0.0088000000
0.0093000000
0.0095000000
0.0087000000
0.0072000000
0.0075000000
0.0072000000
0.2331000000
