0.0000000000
0.0266000000
0.0503000000
0.0610000000
0.0581000000
0.0560000000
0.0486000000
0.0445000000
0.0410000000
0.0403000000
0.0351000000
0.0311000000
0.0329000000
0.0276000000
0.0272000000
0.0237000000
0.0219000000
0.0213000000
0.0192000000
0.0181000000
0.0156000000
0.0143000000
0.0138000000
0.0133000000
0.0118000000
0.0109000000
0.0112000000
0.0099000000
0.0076000000
0.0075000000
0.0084000000
0.0074000000
0.0066000000
0.0060000000
0.0048000000
0.0054000000
0.0043000000
0.0036000000
0.0041000000
0.0042000000
0.0038000000
0.0025000000
0.0026000000
0.0033000000
0.0024000000
0.0021000000
0.0021000000
0.0014000000
0.0021000000
0.0019000000
0.0018000000
0.1188000000
