0.0000000000
0.0200000000
0.0421000000
0.0573000000
0.0552000000
0.0462000000
0.0483000000
0.0449000000
0.0404000000
0.0373000000
0.0341000000
0.0333000000
0.0291000000
0.0270000000
0.0264000000
0.0254000000
0.0230000000
0.0193000000
0.0191000000
0.0203000000
0.0172000000
0.0153000000
0.0153000000
0.0128000000
0.0143000000
0.0110000000
0.0127000000
0.0101000000
0.0085000000
0.0101000000
0.0073000000
0.0088000000
0.0081000000
0.0071000000
0.0056000000
0.0063000000
0.0043000000
0.0054000000
0.0056000000
0.0044000000
0.0043000000
0.0038000000
0.0035000000
0.0041000000
0.0026000000
0.0032000000
0.0023000000
0.0024000000
0.0028000000
0.0021000000
0.0021000000
0.0017000000
0.0016000000
0.0022000000
0.0015000000
0.0012000000
0.1197000000
