0.0000000000
0.0333000000
0.0593000000
0.0641000000
0.0613000000
0.0572000000
0.0493000000
0.0484000000
0.0419000000
0.0405000000
0.0373000000
0.0321000000
0.0306000000
0.0286000000
0.0255000000
0.0239000000
0.0216000000
0.0206000000
0.0172000000
0.0188000000
0.0151000000
0.0137000000
0.0128000000
0.0125000000
0.0107000000
0.0100000000
0.0094000000
0.0091000000
0.0077000000
0.0073000000
0.0056000000
0.0071000000
0.0052000000
0.0049000000
0.0049000000
0.0044000000
0.0038000000
0.0035000000
0.0033000000
0.0031000000
0.0028000000
0.0024000000
0.0021000000
0.0026000000
0.0023000000
0.0015000000
0.1207000000
