0.0000000000
0.0263000000
0.0556000000
0.0570000000
0.0584000000
0.0517000000
0.0493000000
0.0479000000
0.0418000000
0.0364000000
0.0373000000
0.0330000000
0.0297000000
0.0301000000
0.0268000000
0.0230000000
0.0220000000
0.0220000000
0.0175000000
0.0178000000
0.0164000000
0.0146000000
0.0146000000
0.0123000000
0.0121000000
0.0111000000
0.0116000000
0.0090000000
0.0074000000
0.0081000000
0.0081000000
0.0066000000
0.0064000000
0.0059000000
0.0060000000
0.0048000000
0.0039000000
0.0053000000
0.0033000000
0.0032000000
0.0041000000
0.0027000000
0.0032000000
0.0027000000
0.0026000000
0.0020000000
0.0017000000
0.0020000000
0.0020000000
0.0022000000
0.1205000000
