0.0000000000
0.0344000000
0.0633000000
0.0659000000
0.0637000000
0.0576000000
0.0531000000
0.0432000000
0.0464000000
0.0395000000
0.0375000000
0.0329000000
0.0284000000
0.0287000000
0.0256000000
0.0236000000
0.0207000000
0.0223000000
0.0178000000
0.0151000000
0.0170000000
0.0131000000
0.0132000000
0.0108000000
0.0105000000
0.0101000000
0.0096000000
0.0070000000
0.0071000000
0.0069000000
0.0067000000
0.0049000000
0.0058000000
0.0050000000
0.0043000000
0.0036000000
0.0041000000
0.0037000000
0.0033000000
0.0026000000
0.0026000000
0.0022000000
0.0024000000
0.0017000000
0.0017000000
0.1204000000
