0.0000000000
0.0209000000
0.0404000000
0.0575000000
0.0517000000
0.0477000000
0.0438000000
0.0438000000
0.0399000000
0.0358000000
0.0352000000
0.0354000000
0.0301000000
0.0258000000
0.0266000000
0.0262000000
0.0229000000
0.0192000000
0.0186000000
0.0211000000
0.0154000000
0.0168000000
0.0160000000
0.0148000000
0.0127000000
0.0116000000
0.0105000000
0.0115000000
0.0094000000
0.0091000000
0.0085000000
0.0091000000
0.0069000000
0.0064000000
0.0072000000
0.0068000000
0.0053000000
0.0058000000
0.0051000000
0.0036000000
0.0040000000
0.0048000000
0.0031000000
0.0038000000
0.0034000000
0.0035000000
0.0027000000
0.0028000000
0.0024000000
0.0027000000
0.0016000000
0.0024000000
0.0019000000
0.0013000000
0.0018000000
0.0011000000
0.0016000000
0.1200000000
