0.0000000000
0.0225000000
0.0456000000
0.0612000000
0.0561000000
0.0501000000
0.0468000000
0.0415000000
0.0425000000
0.0369000000
0.0364000000
0.0335000000
0.0287000000
0.0301000000
0.0264000000
0.0252000000
0.0205000000
0.0213000000
0.0209000000
0.0174000000
0.0174000000
0.0158000000
0.0147000000
0.0128000000
0.0112000000
0.0126000000
0.0116000000
0.0093000000
0.0089000000
0.0099000000
0.0089000000
0.0063000000
0.0071000000
0.0061000000
0.0053000000
0.0062000000
0.0045000000
0.0042000000
0.0053000000
0.0040000000
0.0041000000
0.0042000000
0.0028000000
0.0037000000
0.0024000000
0.0021000000
0.0028000000
0.0028000000
0.0017000000
0.0015000000
0.0023000000
0.0018000000
0.0015000000
0.0014000000
0.1192000000
