0.0000000000
0.0265000000
0.0519000000
0.0649000000
0.0593000000
0.0511000000
0.0498000000
0.0466000000
0.0404000000
0.0406000000
0.0362000000
0.0337000000
0.0300000000
0.0290000000
0.0255000000
0.0245000000
0.0209000000
0.0213000000
0.0194000000
0.0174000000
0.0168000000
0.0156000000
0.0121000000
0.0143000000
0.0111000000
0.0118000000
0.0090000000
0.0098000000
0.0073000000
0.0083000000
0.0075000000
0.0070000000
0.0064000000
0.0058000000
0.0056000000
0.0037000000
0.0048000000
0.0046000000
0.0035000000
0.0034000000
0.0032000000
0.0040000000
0.0019000000
0.0027000000
0.0026000000
0.0024000000
0.0020000000
0.0021000000
0.0015000000
0.0011000000
0.1191000000
