0.0000000000
0.0439000000
0.0807000000
0.0771000000
0.0636000000
0.0618000000
0.0558000000
0.0510000000
0.0442000000
0.0382000000
0.0387000000
0.0322000000
0.0296000000
0.0274000000
0.0251000000
0.0219000000
0.0187000000
0.0198000000
0.0159000000
0.0140000000
0.0135000000
0.0116000000
0.0127000000
0.0096000000
0.0083000000
0.0087000000
0.0076000000
0.0065000000
0.0052000000
0.0057000000
0.0048000000
0.0041000000
0.0042000000
0.0038000000
0.0032000000
0.0029000000
0.0019000000
0.0032000000
0.0020000000
0.1209000000
