0.0000000000
0.0065000000
0.0088000000
0.0161000000
0.0186000000
0.0224000000
0.0260000000
0.0293000000
0.0331000000
0.0363000000
0.0392000000
0.0421000000
0.0398000000
0.0434000000
0.0431000000
0.0354000000
0.0365000000
0.0308000000
0.0257000000
0.0295000000
0.0252000000
0.0237000000
0.0214000000
0.0232000000
0.0181000000
0.0164000000
0.0182000000
0.0122000000
0.0138000000
0.0137000000
0.0128000000
0.0103000000
0.0089000000
0.0096000000
0.0077000000
0.0064000000
0.0071000000
0.0070000000
0.0060000000
0.0049000000
0.0051000000
0.0050000000
0.0037000000
0.0048000000
0.0028000000
0.0045000000
0.0039000000
0.0049000000
0.0022000000
0.0030000000
0.0025000000
0.1284000000
