0.0000000000
0.0041000000
0.0070000000
0.0109000000
0.0160000000
0.0182000000
0.0229000000
0.0224000000
0.0259000000
0.0292000000
0.0311000000
0.0344000000
0.0345000000
0.0387000000
0.0371000000
0.0372000000
0.0335000000
0.0337000000
0.0311000000
0.0294000000
0.0257000000
0.0250000000
0.0262000000
0.0215000000
0.0188000000
0.0206000000
0.0191000000
0.0149000000
0.0138000000
0.0147000000
0.0135000000
0.0130000000
0.0114000000
0.0118000000
0.0124000000
0.0097000000
0.0094000000
0.0080000000
0.0064000000
0.0072000000
0.0066000000
0.0052000000
0.0060000000
0.0044000000
0.0051000000
0.0044000000
0.0046000000
0.0049000000
0.0046000000
0.0035000000
0.0042000000
0.0028000000
0.0031000000
0.0028000000
0.0026000000
0.0020000000
0.0026000000
0.1302000000
