0.0000000000
0.0050000000
0.0115000000
0.0145000000
0.0228000000
0.0262000000
0.0263000000
0.0305000000
0.0347000000
0.0333000000
0.0405000000
0.0435000000
0.0463000000
0.0421000000
0.0413000000
0.0381000000
0.0329000000
0.0291000000
0.0301000000
0.0268000000
0.0249000000
0.0214000000
0.0202000000
0.0225000000
0.0169000000
0.0156000000
0.0171000000
0.0156000000
0.0125000000
0.0127000000
0.0114000000
0.0093000000
0.0083000000
0.0090000000
0.0095000000
0.0067000000
0.0062000000
0.0065000000
0.0063000000
0.0046000000
0.0048000000
0.0046000000
0.0050000000
0.0039000000
0.0050000000
0.0026000000
0.0034000000
0.0028000000
0.0023000000
0.0029000000
0.1300000000
