0.0673000000
0.0443000000
0.0524000000
0.0584000000
0.0568000000
0.0492000000
0.0463000000
0.0403000000
0.0408000000
0.0384000000
0.0350000000
0.0298000000
0.0260000000
0.0254000000
0.0252000000
0.0205000000
0.0217000000
0.0168000000
0.0166000000
0.0145000000
0.0149000000
0.0121000000
0.0119000000
0.0119000000
0.0102000000
0.0087000000
0.0094000000
0.0071000000
0.0070000000
0.0069000000
0.0068000000
0.0048000000
0.0052000000
0.0049000000
0.0044000000
0.0038000000
0.0031000000
0.0031000000
0.0028000000
0.0029000000
0.0030000000
0.0027000000
0.0022000000
0.0017000000
0.0020000000
0.0019000000
0.0015000000
0.0015000000
0.0015000000
0.0015000000
0.0008000000
0.0011000000
0.0009000000
0.0006000000
0.0006000000
0.0007000000
0.0009000000
0.0150000000
0.0209000000
0.0714000000
