0.0787000000
0.0702000000
0.0878000000
0.0784000000
0.0699000000
0.0619000000
0.0534000000
0.0486000000
0.0420000000
0.0348000000
0.0341000000
0.0283000000
0.0244000000
0.0227000000
0.0195000000
0.0165000000
0.0142000000
0.0150000000
0.0124000000
0.0110000000
0.0077000000
0.0074000000
0.0074000000
0.0061000000
0.0061000000
0.0048000000
0.0047000000
0.0030000000
0.0040000000
0.0035000000
0.0022000000
0.0028000000
0.0017000000
0.0014000000
0.0019000000
0.0015000000
0.0010000000
0.0006000000
0.0278000000
0.0806000000
