0.0688000000
0.0472000000
0.0535000000
0.0616000000
0.0484000000
0.0500000000
0.0462000000
0.0415000000
0.0399000000
0.0369000000
0.0355000000
0.0297000000
0.0277000000
0.0242000000
0.0238000000
0.0215000000
0.0192000000
0.0171000000
0.0180000000
0.0155000000
0.0134000000
0.0146000000
0.0115000000
0.0102000000
0.0102000000
0.0108000000
0.0074000000
0.0077000000
0.0070000000
0.0067000000
0.0068000000
0.0057000000
0.0053000000
0.0045000000
0.0033000000
0.0040000000
0.0036000000
0.0035000000
0.0032000000
0.0024000000
0.0033000000
0.0020000000
0.0022000000
0.0021000000
0.0019000000
0.0015000000
0.0012000000
0.0014000000
0.0014000000
0.0012000000
0.0014000000
0.0009000000
0.0009000000
0.0008000000
0.0005000000
0.0006000000
0.0181000000
0.0184000000
0.0722000000
