0.0780000000
0.0726000000
0.0871000000
0.0767000000
0.0718000000
0.0627000000
0.0523000000
0.0457000000
0.0415000000
0.0391000000
0.0318000000
0.0290000000
0.0255000000
0.0216000000
0.0200000000
0.0162000000
0.0143000000
0.0143000000
0.0123000000
0.0097000000
0.0099000000
0.0081000000
0.0068000000
0.0072000000
0.0050000000
0.0052000000
0.0031000000
0.0034000000
0.0036000000
0.0032000000
0.0030000000
0.0030000000
0.0017000000
0.0017000000
0.0018000000
0.0011000000
0.0007000000
0.0013000000
0.0248000000
0.0832000000
