0.0790000000
0.0759000000
0.0853000000
0.0771000000
0.0679000000
0.0594000000
0.0578000000
0.0449000000
0.0415000000
0.0365000000
0.0319000000
0.0272000000
0.0262000000
0.0236000000
0.0178000000
0.0179000000
0.0158000000
0.0131000000
0.0127000000
0.0111000000
0.0079000000
0.0084000000
0.0073000000
0.0074000000
0.0050000000
0.0053000000
0.0031000000
0.0042000000
0.0036000000
0.0027000000
0.0034000000
0.0021000000
0.0017000000
0.0019000000
0.0015000000
0.0019000000
0.0012000000
0.0006000000
0.0277000000
0.0805000000
