0.0513000000
0.0192000000
0.0218000000
0.0213000000
0.0257000000
0.0280000000
0.0259000000
0.0259000000
0.0254000000
0.0232000000
0.0228000000
0.0210000000
0.0218000000
0.0231000000
0.0217000000
0.0169000000
0.0192000000
0.0175000000
0.0177000000
0.0179000000
0.0150000000
0.0170000000
0.0139000000
0.0145000000
0.0133000000
0.0124000000
0.0125000000
0.0112000000
0.0135000000
0.0120000000
0.0110000000
0.0120000000
0.0099000000
0.0100000000
0.0107000000
0.0080000000
0.0083000000
0.0085000000
0.0079000000
0.0067000000
0.0083000000
0.0072000000
0.0075000000
0.0073000000
0.0063000000
0.0057000000
0.0056000000
0.0126000000
0.0272000000
0.0267000000
0.0243000000
0.0273000000
0.1384000000
