0.0509000000
0.0170000000
0.0220000000
0.0255000000
0.0247000000
0.0295000000
0.0283000000
0.0276000000
0.0265000000
0.0241000000
0.0223000000
0.0217000000
0.0237000000
0.0240000000
0.0205000000
0.0203000000
0.0185000000
0.0161000000
0.0177000000
0.0175000000
0.0164000000
0.0150000000
0.0152000000
0.0135000000
0.0145000000
0.0129000000
0.0131000000
0.0124000000
0.0097000000
0.0114000000
0.0128000000
0.0108000000
0.0113000000
0.0093000000
0.0080000000
0.0077000000
0.0103000000
0.0080000000
0.0090000000
0.0086000000
0.0067000000
0.0065000000
0.0072000000
0.0066000000
0.0070000000
0.0053000000
0.0069000000
0.0260000000
0.0243000000
0.0284000000
0.0268000000
0.1400000000
