0.0528000000
0.0212000000
0.0255000000
0.0264000000
0.0305000000
0.0315000000
0.0282000000
0.0312000000
0.0286000000
0.0287000000
0.0280000000
0.0226000000
0.0227000000
0.0246000000
0.0217000000
0.0188000000
0.0196000000
0.0171000000
0.0193000000
0.0170000000
0.0181000000
0.0146000000
0.0137000000
0.0145000000
0.0165000000
0.0139000000
0.0130000000
0.0120000000
0.0110000000
0.0099000000
0.0108000000
0.0108000000
0.0089000000
0.0096000000
0.0095000000
0.0084000000
0.0069000000
0.0088000000
0.0094000000
0.0062000000
0.0061000000
0.0190000000
0.0273000000
0.0271000000
0.0303000000
0.1477000000
