0.0474000000
0.0175000000
0.0182000000
0.0231000000
0.0262000000
0.0291000000
0.0271000000
0.0274000000
0.0234000000
0.0257000000
0.0234000000
0.0214000000
0.0218000000
0.0208000000
0.0212000000
0.0187000000
0.0192000000
0.0171000000
0.0170000000
0.0153000000
0.0166000000
0.0143000000
0.0150000000
0.0139000000
0.0157000000
0.0121000000
0.0143000000
0.0098000000
0.0111000000
0.0111000000
0.0118000000
0.0100000000
0.0106000000
0.0098000000
0.0105000000
0.0087000000
0.0091000000
0.0072000000
0.0085000000
0.0080000000
0.0068000000
0.0079000000
0.0077000000
0.0063000000
0.0070000000
0.0054000000
0.0069000000
0.0063000000
0.0063000000
0.0141000000
0.0259000000
0.0241000000
0.0230000000
0.0229000000
0.1403000000
