0.0489000000
0.0189000000
0.0222000000
0.0278000000
0.0262000000
0.0290000000
0.0270000000
0.0259000000
0.0263000000
0.0241000000
0.0235000000
0.0202000000
0.0203000000
0.0202000000
0.0213000000
0.0189000000
0.0194000000
0.0174000000
0.0203000000
0.0176000000
0.0158000000
0.0144000000
0.0173000000
0.0150000000
0.0125000000
0.0128000000
0.0115000000
0.0130000000
0.0137000000
0.0099000000
0.0098000000
0.0116000000
0.0101000000
0.0101000000
0.0105000000
0.0090000000
0.0083000000
0.0077000000
0.0083000000
0.0083000000
0.0066000000
0.0066000000
0.0080000000
0.0073000000
0.0060000000
0.0067000000
0.0098000000
0.0271000000
0.0279000000
0.0257000000
0.0224000000
0.1409000000
