0.0512000000
0.0160000000
0.0190000000
0.0188000000
0.0210000000
0.0232000000
0.0261000000
0.0231000000
0.0239000000
0.0217000000
0.0194000000
0.0216000000
0.0197000000
0.0209000000
0.0180000000
0.0210000000
0.0184000000
0.0160000000
0.0175000000
0.0179000000
0.0147000000
0.0144000000
0.0138000000
0.0142000000
0.0137000000
0.0123000000
0.0112000000
0.0138000000
0.0122000000
0.0115000000
0.0114000000
0.0126000000
0.0105000000
0.0091000000
0.0109000000
0.0099000000
0.0102000000
0.0087000000
0.0071000000
0.0087000000
0.0089000000
0.0083000000
0.0056000000
0.0059000000
0.0068000000
0.0054000000
0.0051000000
0.0080000000
0.0057000000
0.0059000000
0.0057000000
0.0065000000
0.0051000000
0.0213000000
0.0214000000
0.0234000000
0.0220000000
0.0209000000
0.1428000000
