0.0520000000
0.0200000000
0.0253000000
0.0275000000
0.0317000000
0.0316000000
0.0315000000
0.0291000000
0.0277000000
0.0277000000
0.0242000000
0.0257000000
0.0227000000
0.0246000000
0.0200000000
0.0206000000
0.0195000000
0.0181000000
0.0185000000
0.0174000000
0.0145000000
0.0169000000
0.0153000000
0.0151000000
0.0138000000
0.0125000000
0.0127000000
0.0105000000
0.0121000000
0.0130000000
0.0104000000
0.0100000000
0.0095000000
0.0097000000
0.0091000000
0.0091000000
0.0078000000
0.0065000000
0.0072000000
0.0068000000
0.0074000000
0.0215000000
0.0291000000
0.0318000000
0.0242000000
0.1481000000
