0.1015000000
0.0295000000
0.0281000000
0.0277000000
0.0256000000
0.0259000000
0.0256000000
0.0235000000
0.0232000000
0.0208000000
0.0212000000
0.0180000000
0.0212000000
0.0185000000
0.0194000000
0.0192000000
0.0166000000
0.0137000000
0.0151000000
0.0170000000
0.0143000000
0.0129000000
0.0125000000
0.0139000000
0.0120000000
0.0142000000
0.0098000000
0.0123000000
0.0112000000
0.0096000000
0.0110000000
0.0094000000
0.0088000000
0.0102000000
0.0067000000
0.0074000000
0.0080000000
0.0088000000
0.0064000000
0.0068000000
0.0068000000
0.0059000000
0.0066000000
0.0050000000
0.0070000000
0.0058000000
0.0060000000
0.0173000000
0.0473000000
0.0433000000
0.0434000000
0.0441000000
0.0440000000
