0.0971000000
0.0266000000
0.0289000000
0.0232000000
0.0235000000
0.0250000000
0.0236000000
0.0232000000
0.0194000000
0.0199000000
0.0191000000
0.0180000000
0.0197000000
0.0176000000
0.0172000000
0.0151000000
0.0176000000
0.0156000000
0.0156000000
0.0141000000
0.0133000000
0.0141000000
0.0127000000
0.0136000000
0.0115000000
0.0131000000
0.0128000000
0.0097000000
0.0102000000
0.0100000000
0.0095000000
0.0099000000
0.0097000000
0.0087000000
0.0076000000
0.0078000000
0.0078000000
0.0099000000
0.0081000000
0.0063000000
0.0075000000
0.0067000000
0.0058000000
0.0073000000
0.0051000000
0.0082000000
0.0054000000
0.0053000000
0.0056000000
0.0051000000
0.0051000000
0.0043000000
0.0055000000
0.0359000000
0.0425000000
0.0409000000
0.0394000000
0.0411000000
0.0370000000
