0.0965000000
0.0280000000
0.0243000000
0.0247000000
0.0253000000
0.0246000000
0.0212000000
0.0235000000
0.0219000000
0.0215000000
0.0206000000
0.0180000000
0.0146000000
0.0180000000
0.0164000000
0.0170000000
0.0147000000
0.0181000000
0.0164000000
0.0144000000
0.0144000000
0.0144000000
0.0132000000
0.0119000000
0.0132000000
0.0117000000
0.0109000000
0.0113000000
0.0086000000
0.0109000000
0.0106000000
0.0083000000
0.0098000000
0.0091000000
0.0085000000
0.0073000000
0.0099000000
0.0073000000
0.0070000000
0.0068000000
0.0067000000
0.0067000000
0.0071000000
0.0070000000
0.0072000000
0.0053000000
0.0068000000
0.0057000000
0.0056000000
0.0051000000
0.0041000000
0.0047000000
0.0044000000
0.0428000000
0.0423000000
0.0374000000
0.0410000000
0.0364000000
0.0389000000
