0.0967000000
0.0271000000
0.0302000000
0.0250000000
0.0236000000
0.0229000000
0.0217000000
0.0235000000
0.0200000000
0.0213000000
0.0193000000
0.0201000000
0.0201000000
0.0176000000
0.0180000000
0.0163000000
0.0162000000
0.0153000000
0.0160000000
0.0145000000
0.0132000000
0.0138000000
0.0143000000
0.0129000000
0.0124000000
0.0118000000
0.0102000000
0.0100000000
0.0126000000
0.0112000000
0.0093000000
0.0097000000
0.0087000000
0.0087000000
0.0085000000
0.0085000000
0.0075000000
0.0085000000
0.0081000000
0.0074000000
0.0076000000
0.0058000000
0.0053000000
0.0061000000
0.0082000000
0.0054000000
0.0057000000
0.0054000000
0.0044000000
0.0059000000
0.0053000000
0.0053000000
0.0327000000
0.0407000000
0.0442000000
0.0436000000
0.0392000000
0.0365000000
