0.1001000000
0.0284000000
0.0282000000
0.0298000000
0.0259000000
0.0277000000
0.0248000000
0.0238000000
0.0237000000
0.0226000000
0.0211000000
0.0198000000
0.0186000000
0.0193000000
0.0192000000
0.0181000000
0.0167000000
0.0161000000
0.0166000000
0.0139000000
0.0154000000
0.0140000000
0.0139000000
0.0129000000
0.0118000000
0.0120000000
0.0123000000
0.0108000000
0.0097000000
0.0102000000
0.0087000000
0.0105000000
0.0104000000
0.0090000000
0.0078000000
0.0090000000
0.0084000000
0.0070000000
0.0077000000
0.0072000000
0.0072000000
0.0048000000
0.0060000000
0.0064000000
0.0067000000
0.0058000000
0.0153000000
0.0470000000
0.0497000000
0.0462000000
0.0423000000
0.0395000000
