0.0992000000
0.0313000000
0.0299000000
0.0306000000
0.0260000000
0.0272000000
0.0228000000
0.0245000000
0.0225000000
0.0237000000
0.0226000000
0.0212000000
0.0190000000
0.0186000000
0.0175000000
0.0179000000
0.0173000000
0.0157000000
0.0151000000
0.0141000000
0.0152000000
0.0132000000
0.0140000000
0.0135000000
0.0120000000
0.0124000000
0.0102000000
0.0093000000
0.0126000000
0.0104000000
0.0108000000
0.0090000000
0.0106000000
0.0090000000
0.0078000000
0.0088000000
0.0078000000
0.0069000000
0.0054000000
0.0071000000
0.0074000000
0.0071000000
0.0059000000
0.0064000000
0.0051000000
0.0054000000
0.0135000000
0.0461000000
0.0442000000
0.0453000000
0.0475000000
0.0434000000
