0.1007000000
0.0377000000
0.0319000000
0.0314000000
0.0306000000
0.0278000000
0.0265000000
0.0259000000
0.0248000000
0.0231000000
0.0236000000
0.0232000000
0.0215000000
0.0207000000
0.0185000000
0.0172000000
0.0186000000
0.0192000000
0.0150000000
0.0144000000
0.0146000000
0.0152000000
0.0129000000
0.0158000000
0.0130000000
0.0106000000
0.0119000000
0.0105000000
0.0103000000
0.0096000000
0.0104000000
0.0088000000
0.0086000000
0.0084000000
0.0072000000
0.0072000000
0.0089000000
0.0062000000
0.0065000000
0.0062000000
0.0056000000
0.0337000000
0.0525000000
0.0519000000
0.0491000000
0.0521000000
