0.3490000000
0.0470000000
0.0374000000
0.0338000000
0.0322000000
0.0280000000
0.0272000000
0.0272000000
0.0263000000
0.0223000000
0.0198000000
0.0183000000
0.0186000000
0.0166000000
0.0135000000
0.0152000000
0.0129000000
0.0119000000
0.0110000000
0.0114000000
0.0095000000
0.0075000000
0.0084000000
0.0071000000
0.0064000000
0.0060000000
0.0053000000
0.0062000000
0.0038000000
0.0040000000
0.0048000000
0.0027000000
0.0032000000
0.0039000000
0.0034000000
0.0030000000
0.0018000000
0.0022000000
0.0027000000
0.0094000000
0.0133000000
0.0106000000
0.0098000000
0.0105000000
0.0102000000
0.0107000000
0.0102000000
0.0092000000
0.0087000000
0.0091000000
0.0098000000
0.0070000000
