0.3523000000
0.0360000000
0.0323000000
0.0312000000
0.0309000000
0.0256000000
0.0268000000
0.0210000000
0.0223000000
0.0200000000
0.0207000000
0.0196000000
0.0195000000
0.0162000000
0.0156000000
0.0139000000
0.0116000000
0.0119000000
0.0114000000
0.0100000000
0.0087000000
0.0102000000
0.0089000000
0.0081000000
0.0085000000
0.0072000000
0.0051000000
0.0065000000
0.0065000000
0.0063000000
0.0049000000
0.0047000000
0.0039000000
0.0038000000
0.0043000000
0.0042000000
0.0030000000
0.0029000000
0.0025000000
0.0030000000
0.0036000000
0.0022000000
0.0019000000
0.0017000000
0.0080000000
0.0095000000
0.0088000000
0.0094000000
0.0084000000
0.0096000000
0.0071000000
0.0089000000
0.0100000000
0.0092000000
0.0085000000
0.0085000000
0.0075000000
0.0081000000
0.0071000000
