0.3525000000
0.0387000000
0.0351000000
0.0335000000
0.0320000000
0.0270000000
0.0241000000
0.0253000000
0.0253000000
0.0211000000
0.0204000000
0.0194000000
0.0174000000
0.0196000000
0.0153000000
0.0140000000
0.0133000000
0.0104000000
0.0105000000
0.0097000000
0.0086000000
0.0097000000
0.0088000000
0.0073000000
0.0079000000
0.0075000000
0.0051000000
0.0064000000
0.0048000000
0.0039000000
0.0050000000
0.0043000000
0.0033000000
0.0036000000
0.0046000000
0.0037000000
0.0035000000
0.0023000000
0.0023000000
0.0019000000
0.0024000000
0.0047000000
0.0099000000
0.0111000000
0.0091000000
0.0093000000
0.0105000000
0.0105000000
0.0105000000
0.0094000000
0.0101000000
0.0088000000
0.0081000000
0.0090000000
0.0075000000
