0.3529000000
0.0406000000
0.0392000000
0.0363000000
0.0327000000
0.0304000000
0.0316000000
0.0247000000
0.0245000000
0.0228000000
0.0216000000
0.0177000000
0.0179000000
0.0162000000
0.0132000000
0.0119000000
0.0135000000
0.0104000000
0.0103000000
0.0108000000
0.0105000000
0.0091000000
0.0082000000
0.0075000000
0.0058000000
0.0056000000
0.0056000000
0.0064000000
0.0049000000
0.0032000000
0.0041000000
0.0041000000
0.0041000000
0.0032000000
0.0029000000
0.0023000000
0.0029000000
0.0026000000
0.0069000000
0.0108000000
0.0119000000
0.0101000000
0.0105000000
0.0099000000
0.0118000000
0.0101000000
0.0093000000
0.0097000000
0.0086000000
0.0096000000
0.0086000000
