0.3558000000
0.0505000000
0.0469000000
0.0423000000
0.0368000000
0.0345000000
0.0340000000
0.0285000000
0.0265000000
0.0229000000
0.0206000000
0.0177000000
0.0170000000
0.0160000000
0.0139000000
0.0144000000
0.0114000000
0.0103000000
0.0100000000
0.0063000000
0.0071000000
0.0068000000
0.0055000000
0.0072000000
0.0061000000
0.0048000000
0.0046000000
0.0040000000
0.0026000000
0.0038000000
0.0047000000
0.0156000000
0.0132000000
0.0119000000
0.0142000000
0.0117000000
0.0127000000
0.0104000000
0.0126000000
0.0125000000
0.0117000000
