0.3609000000
0.0518000000
0.0502000000
0.0470000000
0.0396000000
0.0352000000
0.0315000000
0.0275000000
0.0219000000
0.0233000000
0.0195000000
0.0205000000
0.0166000000
0.0168000000
0.0133000000
0.0127000000
0.0106000000
0.0094000000
0.0091000000
0.0087000000
0.0073000000
0.0057000000
0.0067000000
0.0068000000
0.0032000000
0.0045000000
0.0044000000
0.0043000000
0.0033000000
0.0094000000
0.0142000000
0.0134000000
0.0146000000
0.0123000000
0.0137000000
0.0127000000
0.0112000000
0.0128000000
0.0134000000
