0.0000000000
0.0065000000
0.0111000000
0.0184000000
0.0240000000
0.0248000000
0.0301000000
0.0342000000
0.0391000000
0.0412000000
0.0456000000
0.0433000000
0.0450000000
0.0416000000
0.0399000000
0.0380000000
0.0342000000
0.0320000000
0.0280000000
0.0257000000
0.0259000000
0.0217000000
0.0202000000
0.0205000000
0.0163000000
0.0139000000
0.0152000000
0.0122000000
0.0133000000
0.0126000000
0.0115000000
0.0097000000
0.0086000000
0.0070000000
0.0079000000
0.0070000000
0.0049000000
0.0048000000
0.0045000000
0.0043000000
0.0044000000
0.0044000000
0.0049000000
0.0031000000
0.0038000000
0.0041000000
0.0016000000
0.0025000000
0.0018000000
0.0017000000
0.0022000000
0.0015000000
0.0012000000
0.0011000000
0.0012000000
0.0015000000
0.0015000000
0.0010000000
0.1118000000
