0.0000000000
0.0072000000
0.0109000000
0.0185000000
0.0221000000
0.0273000000
0.0298000000
0.0355000000
0.0344000000
0.0414000000
0.0426000000
0.0469000000
0.0473000000
0.0451000000
0.0397000000
0.0395000000
0.0325000000
0.0306000000
0.0306000000
0.0231000000
0.0232000000
0.0229000000
0.0202000000
0.0213000000
0.0157000000
0.0150000000
0.0140000000
0.0124000000
0.0118000000
0.0098000000
0.0095000000
0.0101000000
0.0072000000
0.0094000000
0.0089000000
0.0068000000
0.0071000000
0.0048000000
0.0065000000
0.0046000000
0.0046000000
0.0032000000
0.0035000000
0.0031000000
0.0031000000
0.0033000000
0.0032000000
0.0021000000
0.0024000000
0.0024000000
0.0016000000
0.0016000000
0.0023000000
0.0018000000
0.0012000000
0.0011000000
0.0005000000
0.0005000000
0.0012000000
0.1111000000
