0.0000000000
0.0117000000
0.0217000000
0.0321000000
0.0429000000
0.0491000000
0.0552000000
0.0632000000
0.0717000000
0.0608000000
0.0568000000
0.0513000000
0.0438000000
0.0358000000
0.0336000000
0.0327000000
0.0260000000
0.0237000000
0.0215000000
0.0179000000
0.0158000000
0.0158000000
0.0143000000
0.0110000000
0.0103000000
0.0080000000
0.0081000000
0.0080000000
0.0069000000
0.0049000000
0.0054000000
0.0049000000
0.0041000000
0.0040000000
0.0037000000
0.0021000000
0.0024000000
0.0014000000
0.0018000000
0.0021000000
0.0016000000
0.1119000000
