0.0000000000
0.0113000000
0.0276000000
0.0349000000
0.0440000000
0.0566000000
0.0620000000
0.0657000000
0.0678000000
0.0643000000
0.0555000000
0.0476000000
0.0437000000
0.0357000000
0.0341000000
0.0318000000
0.0250000000
0.0233000000
0.0214000000
0.0175000000
0.0135000000
0.0132000000
0.0104000000
0.0127000000
0.0088000000
0.0072000000
0.0086000000
0.0072000000
0.0062000000
0.0039000000
0.0045000000
0.0038000000
0.0041000000
0.0026000000
0.0030000000
0.0020000000
0.0025000000
0.0015000000
0.0015000000
0.1130000000
