0.0945000000
0.0306000000
0.0368000000
0.0358000000
0.0405000000
0.0455000000
0.0439000000
0.0421000000
0.0363000000
0.0348000000
0.0325000000
0.0318000000
0.0310000000
0.0231000000
0.0221000000
0.0219000000
0.0209000000
0.0205000000
0.0181000000
0.0163000000
0.0165000000
0.0164000000
0.0145000000
0.0117000000
0.0125000000
0.0103000000
0.0107000000
0.0085000000
0.0083000000
0.0079000000
0.0063000000
0.0068000000
0.0073000000
0.0065000000
0.0054000000
0.0043000000
0.0055000000
0.0057000000
0.0036000000
0.0028000000
0.0041000000
0.0028000000
0.0033000000
0.0027000000
0.0030000000
0.0024000000
0.0021000000
0.0015000000
0.0013000000
0.0063000000
0.0119000000
0.0148000000
0.0121000000
0.0119000000
0.0693000000
