0.0923000000
0.0403000000
0.0451000000
0.0453000000
0.0509000000
0.0548000000
0.0458000000
0.0464000000
0.0383000000
0.0390000000
0.0339000000
0.0284000000
0.0291000000
0.0256000000
0.0245000000
0.0216000000
0.0212000000
0.0203000000
0.0173000000
0.0166000000
0.0130000000
0.0131000000
0.0116000000
0.0100000000
0.0091000000
0.0080000000
0.0076000000
0.0076000000
0.0082000000
0.0056000000
0.0044000000
0.0066000000
0.0053000000
0.0052000000
0.0034000000
0.0041000000
0.0030000000
0.0023000000
0.0027000000
0.0023000000
0.0028000000
0.0088000000
0.0175000000
0.0146000000
0.0128000000
0.0737000000
