0.0951000000
0.0464000000
0.0505000000
0.0515000000
0.0610000000
0.0540000000
0.0507000000
0.0479000000
0.0409000000
0.0412000000
0.0307000000
0.0318000000
0.0280000000
0.0227000000
0.0206000000
0.0230000000
0.0193000000
0.0177000000
0.0162000000
0.0151000000
0.0116000000
0.0109000000
0.0105000000
0.0081000000
0.0098000000
0.0084000000
0.0078000000
0.0064000000
0.0053000000
0.0057000000
0.0056000000
0.0047000000
0.0046000000
0.0036000000
0.0030000000
0.0025000000
0.0031000000
0.0172000000
0.0175000000
0.0154000000
0.0740000000
