0.0985000000
0.0466000000
0.0507000000
0.0598000000
0.0624000000
0.0611000000
0.0524000000
0.0470000000
0.0424000000
0.0399000000
0.0340000000
0.0297000000
0.0281000000
0.0239000000
0.0206000000
0.0190000000
0.0172000000
0.0175000000
0.0173000000
0.0141000000
0.0114000000
0.0093000000
0.0101000000
0.0083000000
0.0076000000
0.0063000000
0.0076000000
0.0051000000
0.0048000000
0.0044000000
0.0052000000
0.0032000000
0.0031000000
0.0030000000
0.0028000000
0.0149000000
0.0189000000
0.0158000000
0.0760000000
