0.0317706920
0.0306491622
0.0295672232
0.0285234775
0.0275165768
0.0265452205
0.0256081538
0.0247041662
0.0238320902
0.0229907991
0.0221792062
0.0213962632
0.0206409586
0.0199123169
0.0192093968
0.0185312903
0.0178771215
0.0172460454
0.0166372467
0.0160499391
0.0154833639
0.0149367893
0.0144095091
0.0139008424
0.0134101320
0.0129367440
0.0124800670
0.0120395110
0.0116145070
0.0112045060
0.0108089783
0.0104274131
0.0100593174
0.0097042157
0.0093616495
0.0090311760
0.0087123686
0.0084048153
0.0081081188
0.0078218960
0.0075457771
0.0072794053
0.0070224367
0.0067745393
0.0065353929
0.0063046885
0.0060821281
0.0058674243
0.0056602997
0.0054604868
0.0052677274
0.0050817726
0.0049023821
0.0047293242
0.0045623755
0.0044013201
0.0042459501
0.0040960648
0.0039514706
0.0038119806
0.0036774148
0.0035475992
0.0034223662
0.0033015541
0.0031850067
0.0030725735
0.0029641093
0.0028594739
0.0027585323
0.0026611540
0.0025672132
0.0024765886
0.0023891631
0.0023048238
0.0022234618
0.0021449719
0.0020692527
0.0019962065
0.0019257389
0.0018577588
0.0017921785
0.0017289132
0.0016678813
0.0016090038
0.0015522047
0.0014974107
0.0014445509
0.0013935572
0.0013443635
0.0012969065
0.0012511247
0.0012069590
0.0011643524
0.0011232499
0.0010835983
0.0010453465
0.0010084449
0.0009728460
0.0009385038
0.0009053739
0.0008734135
0.0008425814
0.0008128376
0.0007841438
0.0007564629
0.0007297592
0.0007039981
0.0006791465
0.0006551721
0.0006320440
0.0006097323
0.1166627624
