0.0828878092
0.0752540438
0.0683233295
0.0620309172
0.0563180207
0.0511312681
0.0464222028
0.0421468309
0.0382652104
0.0347410776
0.0315415089
0.0286366127
0.0259992504
0.0236047827
0.0214308397
0.0194571115
0.0176651589
0.0160382408
0.0145611579
0.0132201107
0.0120025706
0.0108971631
0.0098935609
0.0089823880
0.0081551320
0.0074040642
0.0067221679
0.0061030726
0.0055409944
0.0050306823
0.0045673687
0.0041467252
0.0037648219
0.0034180910
0.0031032931
0.0028174874
0.0025580036
0.0023224177
0.0021085287
0.0019143384
0.0017380325
0.1171336113
