0.0596788597
0.0557215638
0.0520266756
0.0485767948
0.0453556752
0.0423481474
0.0395400484
0.0369181539
0.0344701169
0.0321844088
0.0300502657
0.0280576372
0.0261971397
0.0244600114
0.0228380719
0.0213236829
0.0199097128
0.0185895029
0.0173568358
0.0162059068
0.0151312956
0.0141279418
0.0131911201
0.0123164190
0.0114997192
0.0107371746
0.0100251942
0.0093604252
0.0087397368
0.0081602062
0.0076191042
0.0071138826
0.0066421622
0.0062017214
0.0057904863
0.0054065200
0.0050480145
0.0047132815
0.0044007445
0.0041089318
0.0038364692
0.0035820735
0.0033445468
0.0031227704
0.0029157000
0.0027223604
0.0025418411
0.0023732920
0.0022159194
0.0020689821
0.0019317882
0.0018036917
0.0016840891
0.0015724174
0.0014681507
0.0013707979
0.0012799005
0.0011950305
0.1168268858
