0.0614087629
0.0572187227
0.0533145772
0.0496768192
0.0462872725
0.0431290012
0.0401862250
0.0374442401
0.0348893463
0.0325087778
0.0302906403
0.0282238505
0.0262980819
0.0245037123
0.0228317760
0.0212739192
0.0198223580
0.0184698397
0.0172096064
0.0160353612
0.0149412371
0.0139217672
0.0129718578
0.0120867625
0.0112620590
0.0104936267
0.0097776260
0.0091104794
0.0084888536
0.0079096425
0.0073699521
0.0068670858
0.0063985311
0.0059619468
0.0055551515
0.0051761126
0.0048229363
0.0044938579
0.0041872332
0.0039015301
0.0036353210
0.0033872759
0.0031561555
0.0029408048
0.0027401479
0.0025531823
0.0023789736
0.0022166516
0.0020654051
0.0019244785
0.0017931676
0.0016708162
0.0015568132
0.0014505887
0.0013516122
0.0012593891
0.1171980773
