0.0157201208
0.0154455406
0.0151757564
0.0149106845
0.0146502425
0.0143943497
0.0141429264
0.0138958947
0.0136531779
0.0134147006
0.0131803887
0.0129501694
0.0127239714
0.0125017243
0.0122833592
0.0120688082
0.0118580048
0.0116508833
0.0114473797
0.0112474306
0.0110509740
0.0108579488
0.0106682952
0.0104819542
0.0102988680
0.0101189797
0.0099422335
0.0097685745
0.0095979487
0.0094303033
0.0092655860
0.0091037459
0.0089447326
0.0087884967
0.0086349898
0.0084841641
0.0083359729
0.0081903702
0.0080473106
0.0079067498
0.0077686442
0.0076329508
0.0074996276
0.0073686331
0.0072399267
0.0071134683
0.0069892188
0.0068671395
0.0067471925
0.0066293406
0.0065135473
0.0063997764
0.0062879928
0.0061781617
0.0060702490
0.0059642211
0.0058600453
0.0057576890
0.0056571206
0.0055583088
0.0054612230
0.0053658329
0.0052721089
0.0051800221
0.0050895436
0.0050006456
0.0049133003
0.0048274807
0.0047431600
0.0046603122
0.0045789115
0.0044989325
0.0044203506
0.0043431412
0.0042672804
0.0041927447
0.0041195108
0.0040475561
0.0039768583
0.0039073953
0.0038391456
0.0037720880
0.0037062017
0.0036414662
0.0035778614
0.0035153677
0.0034539654
0.0033936357
0.0033343597
0.0032761191
0.0032188958
0.0031626720
0.0031074302
0.0030531534
0.0029998246
0.0029474272
0.0028959451
0.0028453622
0.0027956628
0.0027468315
0.0026988532
0.0026517128
0.0026053959
0.0025598880
0.0025151749
0.0024712429
0.0024280782
0.0023856674
0.0023439974
0.0023030553
0.0022628283
0.0022233039
0.0021844699
0.0021463142
0.0021088250
0.0020719905
0.0020357995
0.0020002406
0.0019653028
0.0019309752
0.0018972473
0.0018641084
0.0018315484
0.0017995571
0.0017681246
0.0017372411
0.0017068971
0.0016770831
0.0016477898
0.0016190082
0.0015907293
0.0015629443
0.0015356447
0.0015088219
0.0014824676
0.0014565736
0.0014311319
0.0014061346
0.0013815740
0.0013574423
0.0013337321
0.0013104361
0.0012875470
0.0012650576
0.0012429611
0.0012212506
0.0011999192
0.0011789605
0.0011583678
0.0011381348
0.0011182553
0.0010987229
0.0010795317
0.0010606758
0.0010421492
0.0010239462
0.0010060611
0.0009884884
0.0009712227
0.0009542585
0.0009375907
0.0009212140
0.0009051233
0.0008893137
0.0008737802
0.0008585181
0.0008435225
0.0008287889
0.0008143126
0.0008000892
0.0007861142
0.0007723833
0.0007588922
0.0007456368
0.0007326129
0.0007198165
0.0007072436
0.0006948903
0.0006827528
0.0006708273
0.0006591101
0.0006475975
0.0006362861
0.0006251722
0.0006142525
0.0006035234
0.0005929818
0.0005826243
0.0005724477
0.0005624489
0.0005526247
0.0005429721
0.0005334881
0.0005241698
0.0005150142
0.0005060186
0.0004971801
0.0004884959
0.0004799635
0.0004715800
0.0004633430
0.0004552499
0.0004472982
0.0004394853
0.0004318089
0.0004242666
0.0004168560
0.0004095748
0.0004024209
0.0003953919
0.0003884856
0.0003817000
0.0003750330
0.0003684823
0.0003620461
0.0003557223
0.0003495090
0.0003434042
0.0003374060
0.0003315126
0.0003257222
0.0003200328
0.0003144429
0.0003089506
0.0003035542
0.0002982521
0.0002930426
0.1164840750
