0.0605823713
0.0565043450
0.0527008259
0.0491533359
0.0458446407
0.0427586662
0.0398804202
0.0371959197
0.0346921230
0.0323568663
0.0301788044
0.0281473560
0.0262526521
0.0244854877
0.0228372778
0.0213000151
0.0198662313
0.0185289608
0.0172817071
0.0161184106
0.0150334200
0.0140214642
0.0130776269
0.0121973229
0.0113762754
0.0106104957
0.0098962635
0.0092301089
0.0086087957
0.0080293054
0.0074888228
0.0069847221
0.0065145543
0.0060760352
0.0056670345
0.0052855652
0.0049297740
0.0045979325
0.0042884284
0.0039997582
0.0037305195
0.0034794043
0.0032451925
0.0030267465
0.0028230048
0.0026329778
0.0024557422
0.0022904370
0.0021362591
0.0019924595
0.0018583396
0.0017332478
0.0016165764
0.0015077586
0.0014062657
0.0013116047
0.0012233157
0.1169500253
