0.0654246228
0.0606686436
0.0562583957
0.0521687465
0.0483763903
0.0448597157
0.0415986824
0.0385747068
0.0357705560
0.0331702503
0.0307589713
0.0285229779
0.0264495278
0.0245268052
0.0227438530
0.0210905107
0.0195573566
0.0181356536
0.0168173000
0.0155947827
0.0144611352
0.0134098971
0.0124350777
0.0115311218
0.0106928782
0.0099155698
0.0091947671
0.0085263625
0.0079065469
0.0073317882
0.0067988110
0.0063045780
0.0058462729
0.0054212838
0.0050271888
0.0046617422
0.0043228614
0.0040086152
0.0037172129
0.0034469937
0.0031964178
0.0029640574
0.0027485881
0.0025487822
0.0023635009
0.0021916885
0.0020323659
0.0018846250
0.0017476240
0.0016205822
0.0015027756
0.0013935328
0.0012922313
0.1164840750
