0.0600770725
0.0560667896
0.0523242023
0.0488314413
0.0455718301
0.0425298055
0.0396908431
0.0370413879
0.0345687899
0.0322612436
0.0301077313
0.0280979709
0.0262223666
0.0244719633
0.0228384034
0.0213138874
0.0198911363
0.0185633572
0.0173242103
0.0161677794
0.0150885429
0.0140813479
0.0131413855
0.0122641678
0.0114455063
0.0106814924
0.0099684782
0.0093030593
0.0086820587
0.0081025113
0.0075616500
0.0070568924
0.0065858286
0.0061462094
0.0057359358
0.0053530488
0.0049957205
0.0046622447
0.0043510291
0.0040605879
0.0037895343
0.0035365741
0.0033004997
0.0030801837
0.0028745744
0.0026826899
0.0025036142
0.0023364922
0.0021805259
0.0020349708
0.0018991318
0.0017723604
0.0016540513
0.0015436395
0.0014405980
0.0013444348
0.0012546907
0.1175415250
