0.0591884533
0.0552959278
0.0516593939
0.0482620166
0.0450880676
0.0421228531
0.0393526459
0.0367646212
0.0343467978
0.0320879824
0.0299777179
0.0280062348
0.0261644062
0.0244437054
0.0228361664
0.0213343471
0.0199312949
0.0186205143
0.0173959371
0.0162518942
0.0151830893
0.0141845742
0.0132517264
0.0123802273
0.0115660423
0.0108054021
0.0100947854
0.0094309024
0.0088106796
0.0082312457
0.0076899182
0.0071841912
0.0067117232
0.0062703271
0.0058579593
0.0054727109
0.0051127984
0.0047765555
0.0044624256
0.0041689544
0.0038947833
0.0036386431
0.0033993479
0.0031757900
0.0029669343
0.0027718140
0.0025895258
0.0024192258
0.0022601255
0.0021114885
0.0019726266
0.0018428969
0.0017216989
0.0016084714
0.0015026904
0.0014038660
0.0013115409
0.0012252874
0.1174060271
