0.0593836459
0.0554654043
0.0518056955
0.0483874610
0.0451947678
0.0422127344
0.0394274610
0.0368259650
0.0343961205
0.0321266016
0.0300068296
0.0280269241
0.0261776564
0.0244504068
0.0228371242
0.0213302890
0.0199228775
0.0186083296
0.0173805180
0.0162337197
0.0151625891
0.0141621338
0.0132276903
0.0123549031
0.0115397040
0.0107782932
0.0100671217
0.0094028746
0.0087824558
0.0082029733
0.0076617261
0.0071561914
0.0066840128
0.0062429894
0.0058310656
0.0054463212
0.0050869630
0.0047513158
0.0044378153
0.0041450002
0.0038715055
0.0036160565
0.0033774624
0.0031546113
0.0029464643
0.0027520512
0.0025704658
0.0024008618
0.0022424485
0.0020944877
0.0019562895
0.0018272100
0.0017066473
0.0015940396
0.0014888620
0.0013906241
0.0012988682
0.0012131665
0.1171732063
