0.0224988134
0.0219363727
0.0213879923
0.0208533207
0.0203320152
0.0198237416
0.0193281742
0.0188449953
0.0183738953
0.0179145721
0.0174667314
0.0170300862
0.0166043565
0.0161892695
0.0157845591
0.0153899659
0.0150052371
0.0146301259
0.0142643921
0.0139078011
0.0135601244
0.0132211391
0.0128906281
0.0125683794
0.0122541865
0.0119478480
0.0116491675
0.0113579537
0.0110740198
0.0107971839
0.0105272686
0.0102641007
0.0100075118
0.0097573372
0.0095134166
0.0092755937
0.0090437161
0.0088176351
0.0085972059
0.0083822871
0.0081727409
0.0079684332
0.0077692329
0.0075750123
0.0073856470
0.0072010155
0.0070209996
0.0068454839
0.0066743558
0.0065075057
0.0063448267
0.0061862144
0.0060315672
0.0058807859
0.0057337740
0.0055904373
0.0054506837
0.0053144238
0.0051815702
0.0050520378
0.0049257435
0.0048026064
0.0046825476
0.0045654901
0.0044513588
0.0043400807
0.0042315844
0.0041258004
0.0040226608
0.0039220996
0.0038240523
0.0037284560
0.0036352495
0.0035443731
0.0034557684
0.0033693788
0.0032851488
0.0032030244
0.0031229530
0.0030448833
0.0029687652
0.0028945500
0.0028221901
0.0027516390
0.0026828517
0.0026157839
0.0025503928
0.0024866363
0.0024244737
0.0023638650
0.0023047715
0.0022471553
0.0021909794
0.0021362078
0.0020828054
0.0020307380
0.0019799722
0.0019304755
0.0018822162
0.0018351633
0.0017892866
0.0017445568
0.0017009452
0.0016584238
0.0016169654
0.0015765434
0.0015371319
0.0014987056
0.0014612399
0.0014247109
0.0013890950
0.0013543694
0.0013205120
0.0012875009
0.0012553151
0.0012239339
0.0011933371
0.0011635053
0.0011344192
0.0011060602
0.0010784102
0.0010514513
0.0010251664
0.0009995386
0.0009745515
0.0009501890
0.0009264355
0.0009032758
0.0008806951
0.0008586789
0.0008372131
0.0008162839
0.0007958778
0.0007759819
0.0007565834
0.0007376698
0.0007192290
0.0007012493
0.0006837190
0.0006666269
0.0006499621
0.0006337139
0.0006178719
0.0006024259
0.0005873661
0.0005726827
0.0005583664
0.0005444079
0.0005307985
0.0005175292
0.0005045917
0.0004919775
0.0004796787
0.0004676874
0.0004559958
0.0004445965
0.0004334822
0.0004226457
0.1164840750
