0.0681479455
0.0629877872
0.0582183558
0.0538100654
0.0497355705
0.0459695961
0.0424887811
0.0392715332
0.0362978950
0.0335494206
0.0310090605
0.0286610563
0.0264908429
0.0244849579
0.0226309583
0.0209173435
0.0193334836
0.0178695534
0.0165164719
0.0152658456
0.0141099167
0.0130415147
0.0120540120
0.0111412829
0.0102976656
0.0095179270
0.0087972302
0.0081311044
0.0075154177
0.0069463507
0.0064203735
0.0059342232
0.0054848841
0.0050695691
0.0046857016
0.0043309006
0.0040029650
0.0036998608
0.0034197075
0.0031607675
0.0029214344
0.0027002235
0.0024957628
0.0023067838
0.0021321142
0.0019706707
0.0018214516
0.0016835314
0.0015560545
0.0014382301
0.1175558441
