0.0651877966
0.0604661868
0.0560865674
0.0520241677
0.0482560112
0.0447607856
0.0415187222
0.0385114844
0.0357220635
0.0331346828
0.0307347084
0.0285085663
0.0264436656
0.0245283275
0.0227517190
0.0211037919
0.0195752256
0.0181573746
0.0168422199
0.0156223230
0.0144907843
0.0134412040
0.0124676457
0.0115646031
0.0107269687
0.0099500048
0.0092293172
0.0085608295
0.0079407611
0.0073656047
0.0068321075
0.0063372519
0.0058782391
0.0054524730
0.0050575456
0.0046912231
0.0043514337
0.0040362555
0.0037439059
0.0034727315
0.0032211985
0.0029878842
0.0027714691
0.0025707292
0.0023845290
0.0022118154
0.0020516117
0.0019030116
0.0017651748
0.0016373216
0.0015187290
0.0014087261
0.0013066908
0.1167338290
