0.0145804804
0.0143442689
0.0141118841
0.0138832640
0.0136583477
0.0134370752
0.0132193874
0.0130052263
0.0127945347
0.0125872564
0.0123833361
0.0121827194
0.0119853529
0.0117911838
0.0116001603
0.0114122315
0.0112273473
0.0110454582
0.0108665159
0.0106904726
0.0105172812
0.0103468956
0.0101792704
0.0100143608
0.0098521228
0.0096925131
0.0095354893
0.0093810092
0.0092290319
0.0090795166
0.0089324236
0.0087877136
0.0086453479
0.0085052887
0.0083674985
0.0082319405
0.0080985787
0.0079673774
0.0078383016
0.0077113170
0.0075863895
0.0074634860
0.0073425735
0.0072236199
0.0071065934
0.0069914628
0.0068781974
0.0067667669
0.0066571416
0.0065492924
0.0064431904
0.0063388072
0.0062361152
0.0061350868
0.0060356951
0.0059379136
0.0058417163
0.0057470773
0.0056539716
0.0055623743
0.0054722608
0.0053836073
0.0052963900
0.0052105856
0.0051261714
0.0050431246
0.0049614233
0.0048810456
0.0048019701
0.0047241756
0.0046476414
0.0045723472
0.0044982727
0.0044253983
0.0043537045
0.0042831721
0.0042137824
0.0041455169
0.0040783573
0.0040122858
0.0039472846
0.0038833365
0.0038204244
0.0037585314
0.0036976412
0.0036377375
0.0035788042
0.0035208256
0.0034637864
0.0034076712
0.0033524651
0.0032981534
0.0032447215
0.0031921553
0.0031404407
0.0030895639
0.0030395113
0.0029902696
0.0029418256
0.0028941665
0.0028472794
0.0028011520
0.0027557718
0.0027111269
0.0026672052
0.0026239950
0.0025814849
0.0025396635
0.0024985196
0.0024580422
0.0024182206
0.0023790441
0.0023405024
0.0023025850
0.0022652819
0.0022285831
0.0021924789
0.0021569595
0.0021220156
0.0020876378
0.0020538170
0.0020205441
0.0019878102
0.0019556066
0.0019239247
0.0018927561
0.0018620924
0.0018319256
0.0018022474
0.0017730500
0.0017443257
0.0017160667
0.0016882655
0.0016609147
0.0016340069
0.0016075352
0.0015814922
0.0015558712
0.0015306653
0.0015058677
0.0014814718
0.0014574712
0.0014338594
0.0014106301
0.0013877771
0.0013652944
0.0013431759
0.0013214157
0.0013000081
0.0012789473
0.0012582276
0.0012378437
0.0012177899
0.0011980611
0.0011786519
0.0011595571
0.0011407716
0.0011222905
0.0011041088
0.0010862217
0.0010686243
0.0010513120
0.0010342802
0.0010175243
0.0010010399
0.0009848225
0.0009688678
0.0009531717
0.0009377298
0.0009225381
0.0009075924
0.0008928890
0.0008784237
0.0008641928
0.0008501924
0.0008364188
0.0008228684
0.0008095375
0.0007964225
0.0007835201
0.0007708266
0.0007583388
0.0007460533
0.0007339669
0.0007220762
0.0007103782
0.0006988697
0.0006875476
0.0006764090
0.0006654508
0.0006546701
0.0006440641
0.0006336299
0.0006233648
0.0006132660
0.0006033307
0.0005935564
0.0005839405
0.0005744804
0.0005651735
0.0005560174
0.0005470096
0.0005381477
0.0005294295
0.0005208524
0.0005124143
0.0005041129
0.0004959460
0.0004879114
0.0004800070
0.0004722307
0.0004645803
0.0004570538
0.0004496493
0.0004423647
0.0004351982
0.0004281478
0.0004212115
0.0004143877
0.0004076744
0.0004010698
0.0003945723
0.0003881800
0.0003818913
0.0003757044
0.0003696178
0.0003636298
0.0003577388
0.0003519433
0.0003462416
0.0003406323
0.0003351139
0.0003296849
0.0003243438
0.0003190892
0.0003139198
0.0003088342
0.0003038309
0.0002989087
0.0002940662
0.0002893021
0.0002846153
0.0002800044
0.0002754682
0.1167281786
