0.0277327478
0.0268781864
0.0260499575
0.0252472499
0.0244692770
0.0237152766
0.0229845102
0.0222762617
0.0215898374
0.0209245646
0.0202797916
0.0196548868
0.0190492379
0.0184622515
0.0178933527
0.0173419839
0.0168076052
0.0162896929
0.0157877396
0.0153012536
0.0148297583
0.0143727917
0.0139299061
0.0135006677
0.0130846559
0.0126814632
0.0122906945
0.0119119670
0.0115449097
0.0111891629
0.0108443782
0.0105102178
0.0101863542
0.0098724702
0.0095682583
0.0092734204
0.0089876677
0.0087107202
0.0084423067
0.0081821641
0.0079300375
0.0076856800
0.0074488522
0.0072193221
0.0069968647
0.0067812622
0.0065723032
0.0063697832
0.0061735037
0.0059832723
0.0057989028
0.0056202144
0.0054470322
0.0052791865
0.0051165127
0.0049588517
0.0048060488
0.0046579544
0.0045144235
0.0043753153
0.0042404936
0.0041098263
0.0039831855
0.0038604469
0.0037414905
0.0036261996
0.0035144613
0.0034061661
0.0033012079
0.0031994840
0.0031008945
0.0030053431
0.0029127359
0.0028229824
0.0027359946
0.0026516872
0.0025699777
0.0024907859
0.0024140344
0.0023396480
0.0022675537
0.0021976809
0.0021299612
0.0020643282
0.0020007177
0.0019390673
0.0018793165
0.0018214070
0.0017652818
0.0017108861
0.0016581666
0.0016070716
0.0015575510
0.0015095564
0.0014630407
0.0014179583
0.0013742651
0.0013319183
0.0012908763
0.0012510990
0.0012125475
0.0011751838
0.0011389715
0.0011038751
0.0010698601
0.0010368932
0.0010049422
0.0009739758
0.0009439635
0.0009148761
0.0008866849
0.0008593625
0.0008328820
0.0008072174
0.0007823437
0.0007582364
0.0007348720
0.0007122275
0.0006902808
0.0006690104
0.0006483954
0.0006284156
0.0006090515
0.0005902841
0.0005720950
0.0005544664
0.0005373810
0.1169020326
