0.0246054180
0.0239327218
0.0232784166
0.0226419998
0.0220229821
0.0214208880
0.0208352548
0.0202656324
0.0197115831
0.0191726812
0.0186485125
0.0181386742
0.0176427746
0.0171604326
0.0166912774
0.0162349487
0.0157910957
0.0153593774
0.0149394619
0.0145310267
0.0141337578
0.0137473500
0.0133715064
0.0130059380
0.0126503641
0.0123045113
0.0119681139
0.0116409134
0.0113226584
0.0110131042
0.0107120131
0.0104191536
0.0101343007
0.0098572354
0.0095877450
0.0093256222
0.0090706658
0.0088226796
0.0085814733
0.0083468613
0.0081186635
0.0078967045
0.0076808137
0.0074708253
0.0072665777
0.0070679142
0.0068746820
0.0066867326
0.0065039217
0.0063261087
0.0061531569
0.0059849336
0.0058213094
0.0056621586
0.0055073588
0.0053567912
0.0052103400
0.0050678927
0.0049293397
0.0047945748
0.0046634942
0.0045359973
0.0044119861
0.0042913652
0.0041740421
0.0040599265
0.0039489307
0.0038409695
0.0037359599
0.0036338211
0.0035344748
0.0034378446
0.0033438561
0.0032524372
0.0031635177
0.0030770292
0.0029929052
0.0029110811
0.0028314940
0.0027540828
0.0026787880
0.0026055516
0.0025343175
0.0024650309
0.0023976386
0.0023320887
0.0022683309
0.0022063162
0.0021459969
0.0020873268
0.0020302606
0.0019747546
0.0019207661
0.0018682536
0.0018171767
0.0017674963
0.0017191741
0.0016721730
0.0016264569
0.0015819906
0.0015387400
0.0014966718
0.0014557538
0.0014159544
0.0013772431
0.0013395902
0.0013029667
0.0012673444
0.0012326960
0.0011989949
0.0011662152
0.0011343316
0.0011033197
0.0010731557
0.0010438163
0.0010152790
0.0009875220
0.0009605237
0.0009342636
0.0009087215
0.0008838776
0.0008597130
0.0008362090
0.0008133476
0.0007911112
0.0007694827
0.0007484455
0.0007279835
0.0007080809
0.0006887225
0.0006698932
0.0006515788
0.0006337650
0.0006164383
0.0005995853
0.0005831930
0.0005672489
0.0005517407
0.0005366564
0.0005219846
0.0005077139
0.0004938333
0.0004803322
0.0004672003
0.1166217283
