0.0150561076
0.0148042339
0.0145565737
0.0143130567
0.0140736134
0.0138381758
0.0136066769
0.0133790507
0.0131552324
0.0129351584
0.0127187660
0.0125059937
0.0122967808
0.0120910679
0.0118887963
0.0116899085
0.0114943479
0.0113020589
0.0111129867
0.0109270774
0.0107442782
0.0105645371
0.0103878029
0.0102140252
0.0100431547
0.0098751427
0.0097099414
0.0095475037
0.0093877834
0.0092307351
0.0090763140
0.0089244763
0.0087751787
0.0086283786
0.0084840344
0.0083421049
0.0082025498
0.0080653293
0.0079304043
0.0077977365
0.0076672881
0.0075390220
0.0074129016
0.0072888911
0.0071669552
0.0070470591
0.0069291688
0.0068132507
0.0066992718
0.0065871996
0.0064770023
0.0063686485
0.0062621073
0.0061573484
0.0060543421
0.0059530590
0.0058534702
0.0057555474
0.0056592628
0.0055645890
0.0054714989
0.0053799662
0.0052899647
0.0052014688
0.0051144534
0.0050288937
0.0049447653
0.0048620442
0.0047807071
0.0047007306
0.0046220920
0.0045447690
0.0044687395
0.0043939819
0.0043204750
0.0042481977
0.0041771296
0.0041072503
0.0040385401
0.0039709793
0.0039045488
0.0038392296
0.0037750031
0.0037118510
0.0036497554
0.0035886986
0.0035286633
0.0034696322
0.0034115887
0.0033545162
0.0032983985
0.0032432195
0.0031889637
0.0031356155
0.0030831598
0.0030315816
0.0029808662
0.0029309993
0.0028819666
0.0028337541
0.0027863482
0.0027397354
0.0026939023
0.0026488360
0.0026045236
0.0025609525
0.0025181103
0.0024759848
0.0024345640
0.0023938362
0.0023537897
0.0023144131
0.0022756953
0.0022376252
0.0022001919
0.0021633849
0.0021271936
0.0020916078
0.0020566172
0.0020222121
0.0019883825
0.0019551188
0.0019224116
0.0018902516
0.0018586295
0.0018275365
0.0017969636
0.0017669022
0.0017373437
0.0017082796
0.0016797018
0.0016516021
0.0016239724
0.0015968050
0.0015700920
0.0015438259
0.0015179992
0.0014926046
0.0014676348
0.0014430827
0.0014189414
0.0013952039
0.0013718635
0.0013489136
0.0013263476
0.0013041592
0.0012823419
0.0012608896
0.0012397961
0.0012190556
0.0011986620
0.0011786096
0.0011588926
0.0011395055
0.0011204427
0.0011016988
0.0010832684
0.0010651464
0.0010473276
0.0010298068
0.0010125792
0.0009956397
0.0009789837
0.0009626063
0.0009465028
0.0009306687
0.0009150996
0.0008997909
0.0008847383
0.0008699375
0.0008553843
0.0008410745
0.0008270042
0.0008131692
0.0007995657
0.0007861898
0.0007730376
0.0007601055
0.0007473897
0.0007348866
0.0007225926
0.0007105044
0.0006986183
0.0006869312
0.0006754395
0.0006641400
0.0006530296
0.0006421051
0.0006313633
0.0006208012
0.0006104158
0.0006002042
0.0005901634
0.0005802905
0.0005705828
0.0005610376
0.0005516520
0.0005424234
0.0005333492
0.0005244268
0.0005156536
0.0005070272
0.0004985452
0.0004902050
0.0004820044
0.0004739409
0.0004660124
0.0004582164
0.0004505509
0.0004430137
0.0004356025
0.0004283153
0.0004211500
0.0004141046
0.0004071770
0.0004003653
0.0003936676
0.0003870820
0.0003806065
0.0003742393
0.0003679786
0.0003618227
0.0003557698
0.0003498181
0.0003439660
0.0003382118
0.0003325538
0.0003269905
0.0003215203
0.0003161416
0.0003108529
0.0003056526
0.0003005393
0.0002955116
0.0002905680
0.0002857071
0.0002809275
0.1165119080
