0.0165284567
0.0162249124
0.0159269427
0.0156344452
0.0153473193
0.0150654665
0.0147887900
0.0145171946
0.0142505870
0.0139888756
0.0137319706
0.0134797836
0.0132322280
0.0129892188
0.0127506724
0.0125165069
0.0122866419
0.0120609983
0.0118394987
0.0116220668
0.0114086281
0.0111991092
0.0109934381
0.0107915442
0.0105933580
0.0103988115
0.0102078378
0.0100203713
0.0098363477
0.0096557036
0.0094783771
0.0093043072
0.0091334340
0.0089656989
0.0088010443
0.0086394136
0.0084807511
0.0083250026
0.0081721143
0.0080220338
0.0078747095
0.0077300909
0.0075881281
0.0074487725
0.0073119762
0.0071776921
0.0070458741
0.0069164770
0.0067894562
0.0066647682
0.0065423700
0.0064222197
0.0063042759
0.0061884982
0.0060748467
0.0059632825
0.0058537671
0.0057462629
0.0056407331
0.0055371413
0.0054354520
0.0053356302
0.0052376416
0.0051414525
0.0050470300
0.0049543415
0.0048633553
0.0047740400
0.0046863650
0.0046003001
0.0045158158
0.0044328831
0.0043514734
0.0042715588
0.0041931118
0.0041161055
0.0040405135
0.0039663096
0.0038934685
0.0038219652
0.0037517750
0.0036828738
0.0036152380
0.0035488443
0.0034836700
0.0034196925
0.0033568900
0.0032952409
0.0032347240
0.0031753184
0.0031170039
0.0030597602
0.0030035679
0.0029484075
0.0028942601
0.0028411072
0.0027889304
0.0027377118
0.0026874339
0.0026380793
0.0025896311
0.0025420726
0.0024953876
0.0024495599
0.0024045739
0.0023604140
0.0023170651
0.0022745123
0.0022327410
0.0021917368
0.0021514857
0.0021119737
0.0020731874
0.0020351135
0.0019977387
0.0019610503
0.0019250357
0.0018896825
0.0018549786
0.0018209120
0.0017874711
0.0017546442
0.0017224203
0.0016907881
0.0016597369
0.0016292559
0.0015993347
0.0015699630
0.0015411307
0.0015128279
0.0014850449
0.0014577721
0.0014310002
0.0014047199
0.0013789223
0.0013535985
0.0013287397
0.0013043375
0.0012803834
0.0012568692
0.0012337869
0.0012111284
0.0011888861
0.0011670523
0.0011456194
0.0011245802
0.0011039273
0.0010836537
0.0010637525
0.0010442167
0.0010250397
0.0010062149
0.0009877358
0.0009695961
0.0009517895
0.0009343100
0.0009171514
0.0009003080
0.0008837738
0.0008675434
0.0008516110
0.0008359712
0.0008206186
0.0008055480
0.0007907542
0.0007762320
0.0007619765
0.0007479829
0.0007342462
0.0007207618
0.0007075250
0.0006945314
0.0006817763
0.0006692556
0.0006569647
0.0006448996
0.0006330560
0.0006214300
0.0006100175
0.0005988145
0.0005878173
0.0005770221
0.0005664251
0.0005560227
0.0005458114
0.0005357876
0.0005259479
0.0005162889
0.0005068073
0.0004974998
0.0004883632
0.0004793944
0.0004705904
0.0004619480
0.0004534644
0.0004451365
0.0004369616
0.0004289368
0.0004210594
0.0004133267
0.0004057360
0.0003982846
0.0003909702
0.0003837900
0.0003767417
0.0003698229
0.0003630311
0.0003563640
0.0003498194
0.0003433950
0.0003370886
0.0003308980
0.0003248210
0.0003188557
0.0003130000
0.1167303311
