0.0291236300
0.0281812013
0.0272692692
0.0263868469
0.0255329794
0.0247067426
0.0239072426
0.0231336141
0.0223850198
0.0216606498
0.0209597201
0.0202814721
0.0196251720
0.0189901095
0.0183755974
0.0177809706
0.0172055857
0.0166488200
0.0161100711
0.0155887558
0.0150843101
0.0145961880
0.0141238614
0.0136668190
0.0132245664
0.0127966248
0.0123825313
0.0119818377
0.0115941103
0.0112189297
0.0108558898
0.0105045976
0.0101646732
0.0098357485
0.0095174677
0.0092094864
0.0089114712
0.0086230997
0.0083440597
0.0080740494
0.0078127764
0.0075599582
0.0073153211
0.0070786003
0.0068495397
0.0066278914
0.0064134156
0.0062058801
0.0060050603
0.0058107391
0.0056227059
0.0054407575
0.0052646968
0.0050943334
0.0049294828
0.0047699668
0.0046156126
0.0044662533
0.0043217272
0.0041818779
0.0040465540
0.0039156092
0.0037889017
0.0036662944
0.0035476546
0.0034328540
0.0033217682
0.0032142772
0.0031102645
0.0030096176
0.0029122276
0.0028179891
0.0027268002
0.0026385620
0.0025531792
0.0024705594
0.0023906131
0.0023132539
0.0022383979
0.0021659643
0.0020958746
0.0020280529
0.0019624260
0.0018989227
0.0018374743
0.0017780144
0.0017204786
0.0016648046
0.0016109322
0.0015588031
0.0015083609
0.0014595509
0.0014123205
0.0013666184
0.0013223952
0.0012796030
0.0012381956
0.0011981281
0.0011593571
0.0011218408
0.0010855385
0.0010504109
0.0010164201
0.0009835291
0.0009517025
0.0009209058
0.0008911057
0.0008622699
0.0008343672
0.0008073674
0.0007812413
0.0007559607
0.0007314981
0.0007078271
0.0006849221
0.0006627583
0.0006413117
0.0006205592
0.0006004781
0.0005810469
0.0005622445
0.1168126504
