0.0082606118
0.0081847921
0.0081096683
0.0080352341
0.0079614830
0.0078884089
0.0078160055
0.0077442666
0.0076731862
0.0076027582
0.0075329766
0.0074638355
0.0073953290
0.0073274513
0.0072601966
0.0071935591
0.0071275334
0.0070621136
0.0069972943
0.0069330699
0.0068694350
0.0068063842
0.0067439121
0.0066820134
0.0066206828
0.0065599152
0.0064997053
0.0064400480
0.0063809383
0.0063223711
0.0062643415
0.0062068445
0.0061498753
0.0060934289
0.0060375006
0.0059820857
0.0059271793
0.0058727770
0.0058188739
0.0057654657
0.0057125476
0.0056601152
0.0056081641
0.0055566898
0.0055056879
0.0054551542
0.0054050843
0.0053554740
0.0053063190
0.0052576152
0.0052093584
0.0051615445
0.0051141695
0.0050672293
0.0050207199
0.0049746375
0.0049289780
0.0048837376
0.0048389124
0.0047944986
0.0047504925
0.0047068903
0.0046636883
0.0046208829
0.0045784703
0.0045364470
0.0044948094
0.0044535540
0.0044126772
0.0043721757
0.0043320458
0.0042922843
0.0042528878
0.0042138528
0.0041751762
0.0041368545
0.0040988846
0.0040612631
0.0040239870
0.0039870530
0.0039504580
0.0039141989
0.0038782726
0.0038426760
0.0038074062
0.0037724601
0.0037378347
0.0037035271
0.0036695345
0.0036358538
0.0036024823
0.0035694171
0.0035366553
0.0035041943
0.0034720312
0.0034401633
0.0034085879
0.0033773023
0.0033463039
0.0033155900
0.0032851580
0.0032550053
0.0032251294
0.0031955276
0.0031661976
0.0031371368
0.0031083427
0.0030798130
0.0030515450
0.0030235365
0.0029957851
0.0029682885
0.0029410441
0.0029140499
0.0028873034
0.0028608024
0.0028345447
0.0028085279
0.0027827500
0.0027572086
0.0027319017
0.0027068270
0.0026819826
0.0026573661
0.0026329756
0.0026088089
0.0025848641
0.0025611390
0.0025376317
0.0025143402
0.0024912624
0.0024683964
0.0024457404
0.0024232922
0.0024010502
0.0023790122
0.0023571766
0.0023355413
0.0023141047
0.0022928647
0.0022718198
0.0022509680
0.0022303076
0.0022098368
0.0021895539
0.0021694572
0.0021495449
0.0021298154
0.0021102670
0.0020908980
0.0020717068
0.0020526917
0.0020338511
0.0020151835
0.0019966872
0.0019783607
0.0019602024
0.0019422108
0.0019243843
0.0019067214
0.0018892207
0.0018718805
0.0018546996
0.0018376763
0.0018208092
0.0018040970
0.0017875382
0.0017711313
0.0017548751
0.0017387680
0.0017228088
0.0017069961
0.0016913285
0.0016758047
0.0016604234
0.0016451833
0.0016300831
0.0016151214
0.0016002971
0.0015856088
0.0015710554
0.0015566355
0.0015423480
0.0015281916
0.0015141652
0.0015002675
0.0014864973
0.0014728536
0.0014593351
0.0014459406
0.0014326691
0.0014195194
0.0014064904
0.0013935810
0.0013807901
0.0013681166
0.0013555594
0.0013431174
0.0013307897
0.0013185751
0.0013064726
0.0012944812
0.0012825999
0.0012708276
0.0012591633
0.0012476061
0.0012361550
0.0012248091
0.0012135672
0.0012024285
0.0011913921
0.0011804569
0.0011696222
0.0011588868
0.0011482500
0.0011377109
0.0011272684
0.0011169219
0.0011066702
0.0010965127
0.0010864484
0.0010764765
0.0010665961
0.0010568064
0.0010471065
0.0010374957
0.0010279731
0.0010185379
0.0010091893
0.0009999265
0.0009907487
0.0009816552
0.0009726451
0.0009637177
0.0009548723
0.0009461080
0.0009374242
0.0009288201
0.0009202950
0.0009118481
0.0009034787
0.0008951862
0.0008869697
0.0008788287
0.0008707624
0.0008627702
0.0008548513
0.0008470051
0.0008392309
0.0008315280
0.0008238959
0.0008163338
0.0008088411
0.0008014172
0.0007940614
0.0007867731
0.0007795518
0.0007723967
0.0007653073
0.0007582830
0.0007513231
0.0007444271
0.0007375944
0.0007308244
0.0007241166
0.0007174703
0.0007108850
0.0007043602
0.0006978953
0.0006914897
0.0006851429
0.0006788543
0.0006726235
0.0006664498
0.0006603328
0.0006542720
0.0006482668
0.0006423167
0.0006364212
0.0006305799
0.0006247921
0.0006190575
0.0006133755
0.0006077457
0.0006021675
0.0005966405
0.0005911643
0.0005857383
0.0005803621
0.0005750353
0.0005697574
0.0005645279
0.0005593464
0.0005542124
0.0005491256
0.0005440855
0.0005390916
0.0005341436
0.0005292410
0.0005243834
0.0005195703
0.0005148015
0.0005100764
0.0005053947
0.0005007559
0.0004961598
0.0004916058
0.0004870936
0.0004826228
0.0004781931
0.0004738040
0.0004694552
0.0004651464
0.0004608770
0.0004566469
0.0004524556
0.0004483027
0.0004441880
0.0004401111
0.0004360715
0.0004320691
0.0004281033
0.0004241740
0.0004202807
0.0004164232
0.0004126011
0.0004088140
0.0004050618
0.0004013439
0.0003976602
0.0003940103
0.0003903939
0.0003868107
0.0003832603
0.0003797426
0.0003762572
0.0003728037
0.0003693819
0.0003659916
0.0003626323
0.0003593039
0.0003560061
0.0003527385
0.0003495009
0.0003462930
0.0003431146
0.0003399653
0.0003368450
0.0003337532
0.0003306899
0.0003276547
0.0003246473
0.0003216676
0.0003187151
0.0003157898
0.0003128914
0.0003100195
0.0003071740
0.0003043546
0.0003015611
0.0002987932
0.0002960508
0.0002933335
0.0002906411
0.0002879735
0.0002853304
0.0002827115
0.0002801166
0.0002775456
0.0002749981
0.0002724741
0.0002699732
0.0002674952
0.0002650400
0.0002626074
0.0002601971
0.0002578089
0.0002554426
0.0002530980
0.0002507749
0.0002484732
0.0002461926
0.0002439330
0.0002416940
0.0002394756
0.0002372776
0.0002350998
0.0002329419
0.0002308039
0.0002286855
0.0002265865
0.0002245068
0.0002224461
0.0002204044
0.0002183815
0.0002163770
0.0002143910
0.0002124233
0.0002104735
0.0002085417
0.0002066276
0.0002047311
0.0002028520
0.0002009901
0.0001991453
0.0001973175
0.0001955064
0.0001937120
0.0001919340
0.0001901723
0.0001884269
0.0001866974
0.0001849838
0.0001832859
0.0001816036
0.0001799368
0.0001782853
0.0001766489
0.0001750275
0.0001734210
0.0001718293
0.0001702522
0.0001686895
0.0001671412
0.0001656071
0.0001640871
0.0001625810
0.0001610888
0.0001596102
0.0001581453
0.0001566937
0.0001552555
0.0001538305
0.1166061222
