0.0598773043
0.0558936470
0.0521750238
0.0487038018
0.0454635214
0.0424388179
0.0396153490
0.0369797265
0.0345194528
0.0322228619
0.0300790640
0.0280778937
0.0262098619
0.0244661110
0.0228383723
0.0213189277
0.0199005722
0.0185765804
0.0173406743
0.0161869933
0.0151100672
0.0141047893
0.0131663929
0.0122904283
0.0114727420
0.0107094566
0.0099969528
0.0093318522
0.0087110009
0.0081314551
0.0075904666
0.0070854703
0.0066140716
0.0061740351
0.0057632745
0.0053798419
0.0050219192
0.0046878092
0.0043759277
0.0040847957
0.0038130329
0.0035593505
0.0033225457
0.0031014956
0.0028951521
0.0027025366
0.0025227360
0.0023548975
0.0021982254
0.0020519767
0.0019154580
0.0017880219
0.0016690642
0.0015580208
0.0014543652
0.0013576057
0.0012672838
0.0011829710
0.1165979542
