0.0107046010
0.0105772804
0.0104514742
0.0103271644
0.0102043331
0.0100829627
0.0099630360
0.0098445356
0.0097274447
0.0096117465
0.0094974243
0.0093844620
0.0092728432
0.0091625520
0.0090535726
0.0089458894
0.0088394869
0.0087343501
0.0086304637
0.0085278130
0.0084263831
0.0083261597
0.0082271284
0.0081292749
0.0080325853
0.0079370457
0.0078426425
0.0077493621
0.0076571912
0.0075661165
0.0074761251
0.0073872041
0.0072993407
0.0072125223
0.0071267366
0.0070419712
0.0069582139
0.0068754529
0.0067936763
0.0067128723
0.0066330294
0.0065541361
0.0064761812
0.0063991535
0.0063230420
0.0062478357
0.0061735239
0.0061000960
0.0060275415
0.0059558499
0.0058850110
0.0058150147
0.0057458509
0.0056775098
0.0056099814
0.0055432563
0.0054773248
0.0054121775
0.0053478051
0.0052841983
0.0052213480
0.0051592453
0.0050978812
0.0050372470
0.0049773340
0.0049181336
0.0048596373
0.0048018368
0.0047447237
0.0046882900
0.0046325274
0.0045774282
0.0045229842
0.0044691878
0.0044160313
0.0043635070
0.0043116075
0.0042603252
0.0042096529
0.0041595833
0.0041101092
0.0040612235
0.0040129194
0.0039651897
0.0039180277
0.0038714267
0.0038253799
0.0037798809
0.0037349230
0.0036904998
0.0036466050
0.0036032322
0.0035603754
0.0035180283
0.0034761849
0.0034348391
0.0033939851
0.0033536171
0.0033137291
0.0032743156
0.0032353709
0.0031968894
0.0031588656
0.0031212941
0.0030841694
0.0030474863
0.0030112395
0.0029754238
0.0029400341
0.0029050653
0.0028705125
0.0028363706
0.0028026348
0.0027693003
0.0027363622
0.0027038159
0.0026716567
0.0026398800
0.0026084813
0.0025774560
0.0025467997
0.0025165081
0.0024865768
0.0024570014
0.0024277778
0.0023989018
0.0023703693
0.0023421761
0.0023143183
0.0022867918
0.0022595927
0.0022327171
0.0022061611
0.0021799211
0.0021539931
0.0021283735
0.0021030586
0.0020780448
0.0020533286
0.0020289063
0.0020047744
0.0019809297
0.0019573685
0.0019340875
0.0019110835
0.0018883531
0.0018658930
0.0018437001
0.0018217711
0.0018001029
0.0017786925
0.0017575367
0.0017366326
0.0017159771
0.0016955673
0.0016754002
0.0016554730
0.0016357828
0.0016163268
0.0015971022
0.0015781062
0.0015593362
0.0015407895
0.0015224633
0.0015043552
0.0014864624
0.0014687824
0.0014513127
0.0014340508
0.0014169942
0.0014001404
0.0013834872
0.0013670320
0.0013507725
0.0013347064
0.0013188314
0.0013031452
0.0012876456
0.0012723303
0.0012571972
0.0012422441
0.0012274689
0.0012128694
0.0011984435
0.0011841892
0.0011701045
0.0011561872
0.0011424355
0.0011288474
0.0011154209
0.0011021541
0.0010890451
0.0010760920
0.0010632929
0.0010506461
0.0010381497
0.0010258020
0.0010136011
0.0010015453
0.0009896329
0.0009778622
0.0009662315
0.0009547392
0.0009433835
0.0009321629
0.0009210758
0.0009101205
0.0008992955
0.0008885993
0.0008780303
0.0008675870
0.0008572679
0.0008470716
0.0008369965
0.0008270413
0.0008172044
0.0008074846
0.0007978804
0.0007883904
0.0007790133
0.0007697477
0.0007605923
0.0007515458
0.0007426069
0.0007337744
0.0007250469
0.0007164231
0.0007079020
0.0006994822
0.0006911626
0.0006829419
0.0006748190
0.0006667927
0.0006588619
0.0006510253
0.0006432821
0.0006356309
0.0006280707
0.0006206004
0.0006132190
0.0006059253
0.0005987185
0.0005915973
0.0005845608
0.0005776081
0.0005707380
0.0005639496
0.0005572420
0.0005506142
0.0005440652
0.0005375941
0.0005311999
0.0005248818
0.0005186389
0.0005124702
0.0005063749
0.0005003521
0.0004944009
0.0004885205
0.0004827100
0.0004769686
0.0004712956
0.0004656900
0.0004601511
0.0004546780
0.0004492701
0.0004439265
0.0004386464
0.0004334292
0.0004282739
0.0004231801
0.0004181468
0.0004131733
0.0004082590
0.0004034032
0.0003986051
0.0003938641
0.0003891795
0.0003845506
0.0003799767
0.0003754573
0.0003709916
0.0003665790
0.0003622189
0.0003579107
0.0003536537
0.0003494474
0.0003452910
0.0003411841
0.0003371261
0.0003331163
0.0003291542
0.0003252393
0.0003213709
0.0003175485
0.0003137716
0.0003100396
0.0003063520
0.0003027082
0.0002991078
0.0002955502
0.0002920349
0.0002885615
0.0002851293
0.0002817380
0.0002783870
0.0002750759
0.0002718041
0.0002685713
0.0002653769
0.0002622205
0.0002591016
0.0002560199
0.0002529748
0.0002499659
0.0002469928
0.0002440551
0.0002411523
0.0002382840
0.0002354499
0.0002326494
0.0002298823
0.0002271481
0.0002244464
0.0002217768
0.0002191390
0.0002165326
0.0002139571
0.0002114123
0.0002088978
0.0002064131
0.0002039581
0.0002015322
0.0001991352
0.1165433524
