0.0166123527
0.0163057191
0.0160047454
0.0157093271
0.0154193616
0.0151347484
0.0148553887
0.0145811854
0.0143120434
0.0140478693
0.0137885713
0.0135340595
0.0132842456
0.0130390427
0.0127983658
0.0125621314
0.0123302575
0.0121026635
0.0118792705
0.0116600009
0.0114447786
0.0112335290
0.0110261786
0.0108226555
0.0106228891
0.0104268100
0.0102343502
0.0100454428
0.0098600223
0.0096780243
0.0094993857
0.0093240445
0.0091519397
0.0089830116
0.0088172016
0.0086544522
0.0084947069
0.0083379102
0.0081840076
0.0080329458
0.0078846723
0.0077391357
0.0075962854
0.0074560719
0.0073184465
0.0071833613
0.0070507696
0.0069206253
0.0067928832
0.0066674991
0.0065444292
0.0064236310
0.0063050626
0.0061886827
0.0060744509
0.0059623277
0.0058522740
0.0057442517
0.0056382234
0.0055341521
0.0054320018
0.0053317369
0.0052333228
0.0051367253
0.0050419107
0.0049488463
0.0048574996
0.0047678391
0.0046798335
0.0045934523
0.0045086656
0.0044254439
0.0043437583
0.0042635805
0.0041848826
0.0041076373
0.0040318179
0.0039573979
0.0038843516
0.0038126535
0.0037422789
0.0036732033
0.0036054027
0.0035388536
0.0034735328
0.0034094177
0.0033464861
0.0032847161
0.0032240863
0.0031645755
0.0031061633
0.0030488292
0.0029925534
0.0029373163
0.0028830988
0.0028298821
0.0027776477
0.0027263774
0.0026760534
0.0026266584
0.0025781751
0.0025305867
0.0024838767
0.0024380289
0.0023930273
0.0023488564
0.0023055008
0.0022629455
0.0022211757
0.0021801768
0.0021399348
0.0021004355
0.0020616653
0.0020236107
0.0019862586
0.0019495959
0.0019136099
0.0018782882
0.0018436184
0.0018095886
0.0017761869
0.0017434017
0.0017112217
0.0016796357
0.0016486327
0.0016182020
0.0015883329
0.0015590152
0.0015302386
0.0015019932
0.0014742692
0.0014470569
0.0014203468
0.0013941298
0.0013683968
0.0013431387
0.0013183468
0.0012940125
0.0012701274
0.0012466832
0.0012236717
0.0012010849
0.0011789151
0.0011571545
0.0011357956
0.0011148308
0.0010942531
0.0010740552
0.0010542301
0.0010347709
0.0010156710
0.0009969235
0.0009785222
0.0009604604
0.0009427321
0.0009253310
0.0009082511
0.0008914864
0.0008750312
0.0008588797
0.0008430264
0.0008274657
0.0008121922
0.0007972006
0.0007824857
0.0007680425
0.0007538658
0.0007399508
0.0007262927
0.0007128866
0.0006997281
0.0006868124
0.0006741351
0.0006616918
0.0006494781
0.0006374900
0.0006257231
0.0006141734
0.0006028369
0.0005917096
0.0005807877
0.0005700674
0.0005595450
0.0005492169
0.0005390793
0.0005291289
0.0005193621
0.0005097757
0.0005003661
0.0004911303
0.0004820649
0.0004731669
0.0004644331
0.0004558605
0.0004474462
0.0004391871
0.0004310805
0.0004231236
0.0004153135
0.0004076476
0.0004001231
0.0003927376
0.0003854884
0.0003783730
0.0003713889
0.0003645337
0.0003578051
0.0003512007
0.0003447182
0.0003383553
0.0003321099
0.0003259797
0.0003199628
0.0003140568
0.1167004592
