0.0883772893
0.0796989057
0.0718727132
0.0648150292
0.0584503886
0.0527107365
0.0475347009
0.0428669364
0.0386575324
0.0348614791
0.0314381869
0.0283510516
0.0255670637
0.0230564551
0.0207923806
0.0187506315
0.0169093760
0.0152489262
0.0137515275
0.0124011690
0.0111834115
0.0100852342
0.0090948946
0.0082018033
0.0073964109
0.0066701057
0.0060151214
0.0054244546
0.0048917895
0.0044114305
0.0039782413
0.0035875900
0.0032352994
0.0029176028
0.0026311030
0.0023727366
0.0021397410
0.0019296249
0.1177209257
