0.0264686517
0.0256902189
0.0249346795
0.0242013602
0.0234896076
0.0227987873
0.0221282838
0.0214774996
0.0208458546
0.0202327861
0.0196377477
0.0190602091
0.0184996557
0.0179555880
0.0174275211
0.0169149845
0.0164175213
0.0159346884
0.0154660554
0.0150112047
0.0145697309
0.0141412408
0.0137253524
0.0133216951
0.0129299092
0.0125496456
0.0121805653
0.0118223396
0.0114746492
0.0111371842
0.0108096439
0.0104917365
0.0101831786
0.0098836952
0.0095930196
0.0093108926
0.0090370628
0.0087712863
0.0085133262
0.0082629525
0.0080199423
0.0077840789
0.0075551522
0.0073329581
0.0071172986
0.0069079816
0.0067048205
0.0065076344
0.0063162473
0.0061304890
0.0059501937
0.0057752008
0.0056053543
0.0054405030
0.0052804999
0.0051252025
0.0049744723
0.0048281750
0.0046861802
0.0045483615
0.0044145959
0.0042847644
0.0041587511
0.0040364438
0.0039177336
0.0038025145
0.0036906841
0.0035821425
0.0034767931
0.0033745419
0.0032752979
0.0031789727
0.0030854803
0.0029947376
0.0029066635
0.0028211796
0.0027382098
0.0026576801
0.0025795188
0.0025036562
0.0024300246
0.0023585585
0.0022891942
0.0022218699
0.0021565256
0.0020931030
0.0020315456
0.0019717987
0.0019138088
0.0018575245
0.0018028954
0.0017498729
0.0016984098
0.0016484603
0.0015999797
0.0015529249
0.0015072540
0.0014629262
0.0014199021
0.0013781434
0.0013376127
0.0012982740
0.0012600923
0.0012230335
0.0011870645
0.0011521534
0.0011182690
0.0010853812
0.0010534605
0.0010224787
0.0009924080
0.0009632216
0.0009348936
0.0009073988
0.0008807125
0.0008548111
0.0008296715
0.0008052711
0.0007815884
0.0007586022
0.0007362920
0.0007146380
0.0006936207
0.0006732216
0.0006534224
0.0006342055
0.0006155538
0.0005974506
0.0005798798
0.0005628258
0.0005462733
0.0005302076
0.0005146144
0.0004994798
0.1164840750
