0.0660242817
0.0611807198
0.0566924830
0.0525335047
0.0486796304
0.0451084774
0.0417993054
0.0387328953
0.0358914380
0.0332584308
0.0308185819
0.0285577211
0.0264627178
0.0245214045
0.0227225066
0.0210555764
0.0195109327
0.0180796046
0.0167532791
0.0155242533
0.0143853892
0.0133300726
0.0123521743
0.0114460149
0.0106063317
0.0098282479
0.0091072445
0.0084391342
0.0078200367
0.0072463563
0.0067147614
0.0062221644
0.0057657045
0.0053427306
0.0049507862
0.0045875950
0.0042510476
0.0039391894
0.0036502092
0.0033824287
0.0031342927
0.0029043600
0.0026912952
0.0024938610
0.0023109106
0.0021413814
0.0019842890
0.0018387210
0.0017038318
0.0015788382
0.0014630141
0.0013556869
0.1171241543
