0.0154701787
0.0152042605
0.0149429131
0.0146860581
0.0144336181
0.0141855174
0.0139416813
0.0137020365
0.0134665110
0.0132350340
0.0130075358
0.0127839482
0.0125642038
0.0123482366
0.0121359816
0.0119273752
0.0117223545
0.0115208579
0.0113228249
0.0111281959
0.0109369123
0.0107489168
0.0105641527
0.0103825646
0.0102040978
0.0100286986
0.0098563144
0.0096868934
0.0095203845
0.0093567378
0.0091959040
0.0090378348
0.0088824827
0.0087298009
0.0085797436
0.0084322657
0.0082873227
0.0081448712
0.0080048683
0.0078672719
0.0077320407
0.0075991340
0.0074685118
0.0073401349
0.0072139647
0.0070899632
0.0069680932
0.0068483180
0.0067306017
0.0066149088
0.0065012045
0.0063894548
0.0062796259
0.0061716848
0.0060655992
0.0059613371
0.0058588671
0.0057581586
0.0056591811
0.0055619049
0.0054663008
0.0053723401
0.0052799945
0.0051892362
0.0051000380
0.0050123730
0.0049262149
0.0048415377
0.0047583161
0.0046765250
0.0045961398
0.0045171363
0.0044394909
0.0043631801
0.0042881810
0.0042144711
0.0041420282
0.0040708305
0.0040008566
0.0039320856
0.0038644966
0.0037980694
0.0037327841
0.0036686209
0.0036055607
0.0035435844
0.0034826734
0.0034228094
0.0033639745
0.0033061508
0.0032493211
0.0031934682
0.0031385754
0.0030846262
0.0030316043
0.0029794937
0.0029282790
0.0028779445
0.0028284753
0.0027798564
0.0027320732
0.0026851113
0.0026389567
0.0025935955
0.0025490139
0.0025051987
0.0024621366
0.0024198147
0.0023782203
0.0023373409
0.0022971641
0.0022576780
0.0022188706
0.0021807302
0.0021432454
0.0021064050
0.0020701978
0.0020346130
0.0019996399
0.0019652679
0.0019314867
0.0018982862
0.0018656564
0.0018335875
0.0018020698
0.0017710939
0.0017406504
0.0017107302
0.0016813243
0.0016524239
0.0016240202
0.0015961048
0.0015686692
0.0015417052
0.0015152047
0.0014891597
0.0014635624
0.0014384051
0.0014136802
0.0013893804
0.0013654982
0.0013420265
0.0013189583
0.0012962866
0.0012740046
0.0012521057
0.0012305831
0.0012094305
0.0011886415
0.0011682098
0.0011481294
0.0011283941
0.0011089980
0.0010899353
0.0010712004
0.0010527874
0.0010346909
0.0010169055
0.0009994259
0.0009822467
0.0009653627
0.0009487690
0.0009324605
0.0009164324
0.0009006798
0.0008851979
0.0008699822
0.0008550280
0.0008403308
0.0008258863
0.0008116901
0.0007977378
0.0007840255
0.0007705488
0.0007573037
0.0007442864
0.0007314928
0.0007189191
0.0007065615
0.0006944164
0.0006824800
0.0006707488
0.0006592192
0.0006478879
0.0006367512
0.0006258061
0.0006150490
0.0006044769
0.0005940865
0.0005838747
0.0005738384
0.0005639747
0.0005542805
0.0005447529
0.0005353891
0.0005261862
0.0005171416
0.0005082524
0.0004995160
0.0004909298
0.0004824911
0.0004741975
0.0004660465
0.0004580356
0.0004501624
0.0004424245
0.0004348196
0.0004273455
0.0004199998
0.0004127804
0.0004056851
0.0003987117
0.0003918582
0.0003851225
0.0003785026
0.0003719965
0.0003656022
0.0003593179
0.0003531415
0.0003470713
0.0003411055
0.0003352422
0.0003294797
0.0003238162
0.0003182501
0.0003127797
0.0003074033
0.0003021193
0.0002969262
0.0002918223
0.1166853608
