0.0632419017
0.0587979704
0.0546663088
0.0508249740
0.0472535651
0.0439331147
0.0408459884
0.0379757906
0.0353072782
0.0328262788
0.0305196163
0.0283750401
0.0263811606
0.0245273887
0.0228038790
0.0212014783
0.0197116762
0.0183265608
0.0170387757
0.0158414818
0.0147283202
0.0136933791
0.0127311621
0.0118365588
0.0110048183
0.0102315231
0.0095125665
0.0088441301
0.0082226638
0.0076448673
0.0071076718
0.0066082244
0.0061438725
0.0057121501
0.0053107643
0.0049375833
0.0045906254
0.0042680477
0.0039681372
0.0036893011
0.0034300584
0.0031890324
0.0029649430
0.0027566000
0.0025628971
0.0023828055
0.0022153686
0.0020596974
0.0019149650
0.0017804027
0.0016552960
0.0015389804
0.0014308381
0.0013302948
0.1176012256
