0.0162597163
0.0159659625
0.0156775159
0.0153942803
0.0151161619
0.0148430680
0.0145749079
0.0143115925
0.0140530342
0.0137991472
0.0135498469
0.0133050506
0.0130646769
0.0128286459
0.0125968790
0.0123692994
0.0121458313
0.0119264004
0.0117109339
0.0114993600
0.0112916086
0.0110876104
0.0108872977
0.0106906040
0.0104974638
0.0103078129
0.0101215883
0.0099387282
0.0097591716
0.0095828590
0.0094097317
0.0092397322
0.0090728039
0.0089088914
0.0087479403
0.0085898969
0.0084347088
0.0082823244
0.0081326930
0.0079857649
0.0078414913
0.0076998242
0.0075607164
0.0074241219
0.0072899951
0.0071582915
0.0070289673
0.0069019795
0.0067772859
0.0066548450
0.0065346163
0.0064165596
0.0063006358
0.0061868063
0.0060750333
0.0059652796
0.0058575087
0.0057516849
0.0056477730
0.0055457383
0.0054455471
0.0053471659
0.0052505621
0.0051557036
0.0050625589
0.0049710969
0.0048812873
0.0047931003
0.0047065064
0.0046214770
0.0045379838
0.0044559990
0.0043754953
0.0042964461
0.0042188250
0.0041426062
0.0040677644
0.0039942748
0.0039221128
0.0038512545
0.0037816764
0.0037133553
0.0036462685
0.0035803938
0.0035157091
0.0034521931
0.0033898246
0.0033285828
0.0032684474
0.0032093985
0.0031514164
0.0030944818
0.0030385758
0.0029836798
0.0029297756
0.0028768453
0.0028248712
0.0027738361
0.0027237230
0.0026745152
0.0026261965
0.0025787507
0.0025321621
0.0024864152
0.0024414947
0.0023973858
0.0023540738
0.0023115443
0.0022697831
0.0022287764
0.0021885105
0.0021489721
0.0021101481
0.0020720254
0.0020345914
0.0019978338
0.0019617402
0.0019262987
0.0018914975
0.0018573251
0.0018237700
0.0017908211
0.0017584675
0.0017266984
0.0016955033
0.0016648717
0.0016347936
0.0016052588
0.0015762577
0.0015477804
0.0015198177
0.0014923601
0.0014653986
0.0014389242
0.0014129281
0.0013874016
0.0013623364
0.0013377239
0.0013135561
0.0012898250
0.0012665225
0.0012436411
0.0012211730
0.0011991109
0.0011774473
0.0011561752
0.0011352873
0.0011147768
0.0010946368
0.0010748607
0.0010554419
0.0010363739
0.0010176505
0.0009992652
0.0009812121
0.0009634852
0.0009460786
0.0009289864
0.0009122030
0.0008957228
0.0008795404
0.0008636503
0.0008480473
0.0008327261
0.0008176818
0.0008029093
0.0007884036
0.0007741601
0.0007601738
0.0007464403
0.0007329548
0.0007197130
0.0007067104
0.0006939427
0.0006814057
0.0006690952
0.0006570071
0.0006451374
0.0006334821
0.0006220374
0.0006107994
0.0005997645
0.0005889290
0.0005782892
0.0005678416
0.0005575828
0.0005475093
0.0005376178
0.0005279050
0.0005183677
0.0005090027
0.0004998068
0.0004907771
0.0004819106
0.0004732042
0.0004646552
0.0004562605
0.0004480176
0.0004399235
0.0004319757
0.0004241715
0.0004165083
0.0004089835
0.0004015946
0.0003943393
0.0003872150
0.0003802194
0.0003733503
0.0003666052
0.0003599820
0.0003534784
0.0003470923
0.0003408217
0.0003346643
0.0003286181
0.0003226812
0.0003168515
0.0003111271
0.0003055062
0.1166047264
