0.0778712395
0.0711335395
0.0649788097
0.0593566092
0.0542208617
0.0495294776
0.0452440089
0.0413293344
0.0377533716
0.0344868140
0.0315028907
0.0287771472
0.0262872449
0.0240127778
0.0219351059
0.0200372016
0.0183035108
0.0167198251
0.0152731657
0.0139516764
0.0127445271
0.0116418248
0.0106345322
0.0097143942
0.0088738698
0.0081060707
0.0074047043
0.0067640226
0.0061787750
0.0056441652
0.0051558117
0.0047097123
0.0043022110
0.0039299683
0.0035899333
0.0032793193
0.0029955808
0.0027363924
0.0024996298
0.0022833529
0.0020857890
0.0019053190
0.0017404639
0.0015898727
0.1167851457
