0.0263138869
0.0255445306
0.0247976685
0.0240726429
0.0233688154
0.0226855661
0.0220222934
0.0213784132
0.0207533586
0.0201465791
0.0195575405
0.0189857239
0.0184306259
0.0178917577
0.0173686447
0.0168608263
0.0163678553
0.0158892977
0.0154247319
0.0149737490
0.0145359517
0.0141109546
0.0136983834
0.0132978749
0.0129090762
0.0125316451
0.0121652493
0.0118095659
0.0114642820
0.0111290933
0.0108037047
0.0104878297
0.0101811902
0.0098835161
0.0095945453
0.0093140233
0.0090417032
0.0087773450
0.0085207160
0.0082715903
0.0080297484
0.0077949774
0.0075670706
0.0073458272
0.0071310525
0.0069225572
0.0067201579
0.0065236763
0.0063329393
0.0061477790
0.0059680324
0.0057935412
0.0056241516
0.0054597146
0.0053000854
0.0051451233
0.0049946920
0.0048486589
0.0047068955
0.0045692770
0.0044356820
0.0043059931
0.0041800960
0.0040578798
0.0039392369
0.0038240629
0.0037122563
0.0036037186
0.0034983543
0.0033960707
0.0032967775
0.0032003875
0.0031068157
0.0030159797
0.0029277995
0.0028421975
0.0027590983
0.0026784288
0.0026001178
0.0025240965
0.0024502978
0.0023786569
0.0023091105
0.0022415976
0.0021760585
0.0021124357
0.0020506730
0.0019907161
0.0019325123
0.0018760102
0.0018211600
0.0017679136
0.0017162239
0.0016660456
0.0016173343
0.0015700473
0.0015241428
0.0014795804
0.0014363210
0.0013943263
0.0013535595
0.0013139846
0.0012755667
0.0012382722
0.0012020680
0.0011669224
0.0011328043
0.0010996837
0.0010675316
0.0010363195
0.0010060199
0.0009766063
0.0009480526
0.0009203337
0.0008934253
0.0008673037
0.0008419458
0.0008173292
0.0007934325
0.0007702344
0.0007477145
0.0007258531
0.0007046309
0.0006840291
0.0006640297
0.0006446150
0.0006257680
0.0006074720
0.0005897110
0.0005724692
0.0005557315
0.0005394833
0.0005237100
0.0005083980
0.1168800700
