0.0620434983
0.0577663920
0.0537841375
0.0500764085
0.0466242801
0.0434101319
0.0404175580
0.0376312839
0.0350370878
0.0326217284
0.0303728771
0.0282790554
0.0263295759
0.0245144881
0.0228245275
0.0212510680
0.0197860784
0.0184220812
0.0171521141
0.0159696950
0.0148687887
0.0138437757
0.0128894243
0.0120008632
0.0111735571
0.0104032831
0.0096861097
0.0090183762
0.0083966744
0.0078178310
0.0072788915
0.0067771049
0.0063099102
0.0058749225
0.0054699217
0.0050928405
0.0047417542
0.0044148709
0.0041105219
0.0038271540
0.0035633206
0.0033176752
0.0030889639
0.0028760193
0.0026777545
0.0024931576
0.0023212862
0.0021612632
0.0020122717
0.0018735513
0.0017443939
0.0016241402
0.0015121765
0.0014079313
0.0013108724
0.0012205045
0.1164840750
