0.0138939712
0.0136794796
0.0134682993
0.0132603791
0.0130556688
0.0128541187
0.0126556800
0.0124603049
0.0122679459
0.0120785564
0.0118920907
0.0117085037
0.0115277508
0.0113497883
0.0111745731
0.0110020629
0.0108322159
0.0106649909
0.0105003474
0.0103382458
0.0101786465
0.0100215112
0.0098668016
0.0097144805
0.0095645108
0.0094168563
0.0092714813
0.0091283505
0.0089874293
0.0088486837
0.0087120800
0.0085775851
0.0084451665
0.0083147922
0.0081864305
0.0080600505
0.0079356215
0.0078131134
0.0076924965
0.0075737417
0.0074568202
0.0073417037
0.0072283644
0.0071167747
0.0070069078
0.0068987369
0.0067922359
0.0066873791
0.0065841411
0.0064824968
0.0063824216
0.0062838914
0.0061868823
0.0060913708
0.0059973338
0.0059047485
0.0058135924
0.0057238437
0.0056354804
0.0055484813
0.0054628253
0.0053784916
0.0052954598
0.0052137098
0.0051332219
0.0050539765
0.0049759545
0.0048991370
0.0048235054
0.0047490413
0.0046757268
0.0046035441
0.0045324758
0.0044625046
0.0043936136
0.0043257861
0.0042590057
0.0041932563
0.0041285218
0.0040647868
0.0040020356
0.0039402532
0.0038794246
0.0038195350
0.0037605700
0.0037025153
0.0036453568
0.0035890807
0.0035336734
0.0034791214
0.0034254116
0.0033725310
0.0033204667
0.0032692062
0.0032187370
0.0031690470
0.0031201240
0.0030719564
0.0030245323
0.0029778403
0.0029318692
0.0028866077
0.0028420450
0.0027981702
0.0027549728
0.0027124422
0.0026705682
0.0026293407
0.0025887496
0.0025487851
0.0025094376
0.0024706976
0.0024325556
0.0023950024
0.0023580290
0.0023216263
0.0022857856
0.0022504983
0.0022157556
0.0021815494
0.0021478712
0.0021147129
0.0020820665
0.0020499241
0.0020182778
0.0019871202
0.0019564435
0.0019262405
0.0018965036
0.0018672259
0.0018384001
0.0018100194
0.0017820768
0.0017545655
0.0017274790
0.0017008106
0.0016745539
0.0016487026
0.0016232503
0.0015981910
0.0015735185
0.0015492270
0.0015253104
0.0015017630
0.0014785792
0.0014557533
0.0014332797
0.0014111531
0.0013893681
0.0013679194
0.0013468018
0.0013260102
0.0013055396
0.0012853850
0.0012655416
0.0012460044
0.0012267689
0.0012078304
0.0011891842
0.0011708259
0.0011527510
0.0011349551
0.0011174340
0.0011001833
0.0010831990
0.0010664768
0.0010500128
0.0010338030
0.0010178434
0.0010021302
0.0009866595
0.0009714277
0.0009564311
0.0009416660
0.0009271288
0.0009128160
0.0008987242
0.0008848499
0.0008711898
0.0008577406
0.0008444990
0.0008314618
0.0008186259
0.0008059882
0.0007935456
0.0007812950
0.0007692336
0.0007573583
0.0007456664
0.0007341550
0.0007228213
0.0007116626
0.0007006761
0.0006898593
0.0006792094
0.0006687239
0.0006584003
0.0006482361
0.0006382288
0.0006283760
0.0006186753
0.0006091244
0.0005997208
0.0005904625
0.0005813471
0.0005723724
0.0005635363
0.0005548365
0.0005462711
0.0005378379
0.0005295349
0.0005213601
0.0005133115
0.0005053871
0.0004975851
0.0004899035
0.0004823405
0.0004748942
0.0004675629
0.0004603448
0.0004532381
0.0004462411
0.0004393522
0.0004325696
0.0004258917
0.0004193169
0.0004128436
0.0004064702
0.0004001952
0.0003940171
0.0003879344
0.0003819455
0.0003760491
0.0003702438
0.0003645281
0.0003589006
0.0003533600
0.0003479049
0.0003425340
0.0003372461
0.0003320397
0.0003269138
0.0003218670
0.0003168981
0.0003120059
0.0003071892
0.0003024469
0.0002977778
0.0002931808
0.0002886547
0.0002841986
0.0002798112
0.0002754915
0.0002712386
0.0002670512
0.0002629286
0.0002588695
0.1165097411
