0.0729805883
0.0670626258
0.0616245482
0.0566274417
0.0520355484
0.0478160096
0.0439386312
0.0403756677
0.0371016233
0.0340930696
0.0313284782
0.0287880662
0.0264536551
0.0243085403
0.0223373719
0.0205260446
0.0188615971
0.0173321188
0.0159266652
0.0146351792
0.0134484192
0.0123578931
0.0113557972
0.0104349608
0.0095887946
0.0088112436
0.0080967439
0.0074401826
0.0068368616
0.0062824636
0.0057730215
0.0053048899
0.0048747188
0.0044794301
0.0041161951
0.0037824147
0.0034757005
0.0031938575
0.0029348691
0.0026968819
0.0024781929
0.0022772374
0.0020925773
0.0019228911
0.0017669648
0.0016236824
0.0014920187
0.1169076257
