0.0103387713
0.0102200045
0.0101026019
0.0099865480
0.0098718273
0.0097584245
0.0096463243
0.0095355120
0.0094259725
0.0093176915
0.0092106543
0.0091048467
0.0090002545
0.0088968639
0.0087946609
0.0086936321
0.0085937638
0.0084950427
0.0083974557
0.0083009897
0.0082056319
0.0081113695
0.0080181900
0.0079260808
0.0078350298
0.0077450247
0.0076560535
0.0075681044
0.0074811657
0.0073952256
0.0073102728
0.0072262958
0.0071432836
0.0070612249
0.0069801090
0.0068999248
0.0068206617
0.0067423092
0.0066648568
0.0065882941
0.0065126109
0.0064377971
0.0063638428
0.0062907380
0.0062184730
0.0061470381
0.0060764239
0.0060066208
0.0059376196
0.0058694111
0.0058019861
0.0057353356
0.0056694508
0.0056043229
0.0055399431
0.0054763028
0.0054133937
0.0053512072
0.0052897351
0.0052289691
0.0051689012
0.0051095233
0.0050508276
0.0049928061
0.0049354511
0.0048787550
0.0048227102
0.0047673092
0.0047125446
0.0046584091
0.0046048955
0.0045519967
0.0044997055
0.0044480150
0.0043969184
0.0043464087
0.0042964792
0.0042471233
0.0041983344
0.0041501059
0.0041024315
0.0040553047
0.0040087193
0.0039626690
0.0039171478
0.0038721494
0.0038276680
0.0037836976
0.0037402323
0.0036972663
0.0036547938
0.0036128093
0.0035713071
0.0035302816
0.0034897274
0.0034496391
0.0034100113
0.0033708387
0.0033321161
0.0032938383
0.0032560003
0.0032185969
0.0031816232
0.0031450742
0.0031089451
0.0030732310
0.0030379272
0.0030030290
0.0029685316
0.0029344305
0.0029007212
0.0028673991
0.0028344597
0.0028018988
0.0027697119
0.0027378948
0.0027064432
0.0026753529
0.0026446197
0.0026142395
0.0025842084
0.0025545222
0.0025251771
0.0024961691
0.0024674943
0.0024391489
0.0024111291
0.0023834312
0.0023560515
0.0023289863
0.0023022320
0.0022757850
0.0022496419
0.0022237991
0.0021982532
0.0021730007
0.0021480383
0.0021233626
0.0020989705
0.0020748585
0.0020510235
0.0020274623
0.0020041718
0.0019811488
0.0019583903
0.0019358933
0.0019136547
0.0018916715
0.0018699409
0.0018484599
0.0018272257
0.0018062354
0.0017854862
0.0017649754
0.0017447002
0.0017246579
0.0017048458
0.0016852614
0.0016659019
0.0016467648
0.0016278476
0.0016091476
0.0015906625
0.0015723897
0.0015543269
0.0015364715
0.0015188213
0.0015013738
0.0014841267
0.0014670778
0.0014502247
0.0014335652
0.0014170971
0.0014008181
0.0013847262
0.0013688191
0.0013530948
0.0013375511
0.0013221859
0.0013069973
0.0012919831
0.0012771414
0.0012624702
0.0012479676
0.0012336315
0.0012194601
0.0012054516
0.0011916039
0.0011779153
0.0011643840
0.0011510081
0.0011377859
0.0011247155
0.0011117953
0.0010990236
0.0010863985
0.0010739185
0.0010615818
0.0010493869
0.0010373320
0.0010254156
0.0010136362
0.0010019920
0.0009904816
0.0009791034
0.0009678559
0.0009567377
0.0009457471
0.0009348828
0.0009241433
0.0009135272
0.0009030330
0.0008926594
0.0008824050
0.0008722683
0.0008622481
0.0008523430
0.0008425517
0.0008328729
0.0008233052
0.0008138475
0.0008044984
0.0007952567
0.0007861212
0.0007770906
0.0007681638
0.0007593395
0.0007506165
0.0007419938
0.0007334701
0.0007250444
0.0007167154
0.0007084821
0.0007003434
0.0006922982
0.0006843454
0.0006764840
0.0006687129
0.0006610310
0.0006534374
0.0006459310
0.0006385109
0.0006311760
0.0006239253
0.0006167580
0.0006096729
0.0006026693
0.0005957461
0.0005889025
0.0005821374
0.0005754501
0.0005688396
0.0005623051
0.0005558456
0.0005494603
0.0005431483
0.0005369089
0.0005307412
0.0005246443
0.0005186174
0.0005126598
0.0005067706
0.0005009490
0.0004951944
0.0004895058
0.0004838826
0.0004783240
0.0004728292
0.0004673976
0.0004620284
0.0004567208
0.0004514742
0.0004462879
0.0004411611
0.0004360933
0.0004310837
0.0004261316
0.0004212364
0.0004163974
0.0004116140
0.0004068856
0.0004022115
0.0003975911
0.0003930238
0.0003885089
0.0003840459
0.0003796341
0.0003752731
0.0003709621
0.0003667007
0.0003624882
0.0003583241
0.0003542079
0.0003501389
0.0003461167
0.0003421406
0.0003382103
0.0003343251
0.0003304845
0.0003266881
0.0003229352
0.0003192255
0.0003155584
0.0003119334
0.0003083501
0.0003048079
0.0003013064
0.0002978451
0.0002944236
0.0002910414
0.0002876981
0.0002843932
0.0002811262
0.0002778967
0.0002747044
0.0002715487
0.0002684293
0.0002653457
0.0002622975
0.0002592844
0.0002563059
0.0002533615
0.0002504510
0.0002475740
0.0002447300
0.0002419186
0.0002391396
0.0002363925
0.0002336769
0.0002309925
0.0002283390
0.0002257159
0.0002231230
0.0002205599
0.0002180262
0.0002155216
0.0002130458
0.0002105985
0.0002081792
0.0002057877
0.0002034237
0.0002010869
0.0001987769
0.0001964935
0.0001942362
0.0001920049
0.1165222105
