0.0597779174
0.0558074736
0.0521007463
0.0486402195
0.0454095406
0.0423934431
0.0395776745
0.0369489290
0.0344947845
0.0322036441
0.0300646810
0.0280677877
0.0262035278
0.0244630919
0.0228382556
0.0213213407
0.0199051792
0.0185830790
0.0173487926
0.0161964874
0.0151207182
0.0141164015
0.0131787914
0.0123034573
0.0114862628
0.0107233463
0.0100111026
0.0093461661
0.0087253946
0.0081458547
0.0076048078
0.0070996971
0.0066281359
0.0061878957
0.0057768963
0.0053931953
0.0050349798
0.0047005569
0.0043883463
0.0040968728
0.0038247589
0.0035707187
0.0033335519
0.0031121377
0.0029054298
0.0027124514
0.0025322907
0.0023640961
0.0022070731
0.0020604795
0.0019236226
0.0017958558
0.0016765752
0.0015652173
0.0014612557
0.0013641992
0.0012735892
0.0011889975
0.1167122247
