0.0631310471
0.0587026814
0.0545849462
0.0507560519
0.0471957378
0.0438851641
0.0408068126
0.0379443939
0.0352827613
0.0328078306
0.0305065054
0.0283666080
0.0263768150
0.0245265973
0.0228061642
0.0212064120
0.0197188753
0.0183356828
0.0170495152
0.0158535666
0.0147415085
0.0137074565
0.0127459386
0.0118518670
0.0110205106
0.0102474702
0.0095286551
0.0088602618
0.0082387534
0.0076608410
0.0071234667
0.0066237868
0.0061591572
0.0057271194
0.0053253871
0.0049518346
0.0046044851
0.0042815007
0.0039811723
0.0037019105
0.0034422378
0.0032007799
0.0029762592
0.0027674877
0.0025733606
0.0023928507
0.0022250027
0.0020689285
0.0019238023
0.0017888560
0.0016633756
0.0015466971
0.0014382031
0.0013373195
0.0012435124
0.1164840750
