0.0000000000
0.0022000000
0.0034000000
0.0057000000
0.0079000000
0.0103000000
0.0101000000
0.0121000000
0.0135000000
0.0145000000
0.0155000000
0.0185000000
0.0191000000
0.0174000000
0.0209000000
0.0192000000
0.0215000000
0.0214000000
0.0230000000
0.0217000000
0.0244000000
0.0263000000
0.0266000000
0.0287000000
0.0275000000
0.0261000000
0.0272000000
0.0268000000
0.0235000000
0.0240000000
0.0224000000
0.0194000000
0.0186000000
0.0165000000
0.0128000000
0.0150000000
0.0143000000
0.0133000000
0.0139000000
0.0113000000
0.0113000000
0.0092000000
0.0119000000
0.0100000000
0.0089000000
0.0102000000
0.0069000000
0.0069000000
0.0077000000
0.0059000000
0.0056000000
0.2090000000
