0.0000000000
0.0025000000
0.0032000000
0.0060000000
0.0088000000
0.0072000000
0.0107000000
0.0123000000
0.0113000000
0.0139000000
0.0162000000
0.0178000000
0.0175000000
0.0167000000
0.0203000000
0.0203000000
0.0217000000
0.0183000000
0.0251000000
0.0221000000
0.0255000000
0.0246000000
0.0247000000
0.0267000000
0.0256000000
0.0257000000
0.0278000000
0.0243000000
0.0235000000
0.0235000000
0.0204000000
0.0202000000
0.0177000000
0.0183000000
0.0181000000
0.0153000000
0.0140000000
0.0140000000
0.0132000000
0.0120000000
0.0108000000
0.0113000000
0.0103000000
0.0115000000
0.0106000000
0.0074000000
0.0108000000
0.0075000000
0.0082000000
0.0073000000
0.0055000000
0.2118000000
