0.0000000000
0.0021000000
0.0031000000
0.0047000000
0.0071000000
0.0099000000
0.0075000000
0.0109000000
0.0122000000
0.0116000000
0.0152000000
0.0151000000
0.0158000000
0.0181000000
0.0168000000
0.0168000000
0.0202000000
0.0215000000
0.0212000000
0.0215000000
0.0237000000
0.0239000000
0.0267000000
0.0244000000
0.0222000000
0.0249000000
0.0252000000
0.0239000000
0.0210000000
0.0219000000
0.0216000000
0.0202000000
0.0184000000
0.0172000000
0.0179000000
0.0163000000
0.0159000000
0.0140000000
0.0152000000
0.0159000000
0.0131000000
0.0134000000
0.0111000000
0.0102000000
0.0116000000
0.0113000000
0.0120000000
0.0097000000
0.0068000000
0.0075000000
0.0064000000
0.0071000000
0.0069000000
0.0070000000
0.2042000000
