0.0000000000
0.0020000000
0.0050000000
0.0069000000
0.0096000000
0.0116000000
0.0158000000
0.0146000000
0.0152000000
0.0184000000
0.0168000000
0.0191000000
0.0197000000
0.0230000000
0.0232000000
0.0255000000
0.0288000000
0.0284000000
0.0263000000
0.0297000000
0.0296000000
0.0284000000
0.0298000000
0.0287000000
0.0309000000
0.0262000000
0.0239000000
0.0201000000
0.0222000000
0.0223000000
0.0195000000
0.0176000000
0.0163000000
0.0164000000
0.0150000000
0.0139000000
0.0133000000
0.0107000000
0.0119000000
0.0108000000
0.0078000000
0.0083000000
0.0079000000
0.0096000000
0.0076000000
0.2117000000
