0.0000000000
0.0030000000
0.0047000000
0.0072000000
0.0105000000
0.0124000000
0.0130000000
0.0155000000
0.0158000000
0.0170000000
0.0193000000
0.0208000000
0.0212000000
0.0227000000
0.0231000000
0.0248000000
0.0276000000
0.0280000000
0.0272000000
0.0338000000
0.0280000000
0.0291000000
0.0301000000
0.0260000000
0.0263000000
0.0277000000
0.0281000000
0.0227000000
0.0216000000
0.0207000000
0.0190000000
0.0192000000
0.0166000000
0.0154000000
0.0134000000
0.0113000000
0.0121000000
0.0117000000
0.0126000000
0.0093000000
0.0092000000
0.0098000000
0.0079000000
0.0064000000
0.0075000000
0.2107000000
