0.0000000000
0.0040000000
0.0063000000
0.0102000000
0.0137000000
0.0137000000
0.0195000000
0.0187000000
0.0181000000
0.0206000000
0.0241000000
0.0257000000
0.0260000000
0.0291000000
0.0291000000
0.0309000000
0.0295000000
0.0305000000
0.0330000000
0.0329000000
0.0322000000
0.0367000000
0.0286000000
0.0276000000
0.0252000000
0.0247000000
0.0250000000
0.0209000000
0.0186000000
0.0181000000
0.0165000000
0.0139000000
0.0131000000
0.0131000000
0.0130000000
0.0107000000
0.0096000000
0.0108000000
0.0111000000
0.2150000000
