0.0000000000
0.0028000000
0.0048000000
0.0061000000
0.0103000000
0.0106000000
0.0138000000
0.0141000000
0.0153000000
0.0165000000
0.0180000000
0.0194000000
0.0201000000
0.0212000000
0.0217000000
0.0281000000
0.0275000000
0.0246000000
0.0274000000
0.0297000000
0.0293000000
0.0282000000
0.0312000000
0.0284000000
0.0306000000
0.0279000000
0.0257000000
0.0207000000
0.0223000000
0.0195000000
0.0194000000
0.0172000000
0.0174000000
0.0160000000
0.0163000000
0.0140000000
0.0140000000
0.0132000000
0.0097000000
0.0125000000
0.0092000000
0.0089000000
0.0091000000
0.0080000000
0.0079000000
0.2114000000
