0.0000000000
0.0020000000
0.0034000000
0.0064000000
0.0070000000
0.0091000000
0.0113000000
0.0123000000
0.0115000000
0.0130000000
0.0153000000
0.0162000000
0.0163000000
0.0167000000
0.0183000000
0.0203000000
0.0202000000
0.0188000000
0.0216000000
0.0202000000
0.0221000000
0.0254000000
0.0253000000
0.0234000000
0.0238000000
0.0242000000
0.0254000000
0.0274000000
0.0219000000
0.0209000000
0.0229000000
0.0192000000
0.0191000000
0.0183000000
0.0174000000
0.0159000000
0.0185000000
0.0148000000
0.0131000000
0.0130000000
0.0130000000
0.0111000000
0.0125000000
0.0104000000
0.0109000000
0.0105000000
0.0096000000
0.0090000000
0.0069000000
0.0076000000
0.0073000000
0.0062000000
0.0055000000
0.2076000000
