0.0000000000
0.0033000000
0.0064000000
0.0077000000
0.0133000000
0.0147000000
0.0141000000
0.0156000000
0.0214000000
0.0224000000
0.0226000000
0.0227000000
0.0266000000
0.0284000000
0.0311000000
0.0308000000
0.0306000000
0.0284000000
0.0311000000
0.0358000000
0.0362000000
0.0334000000
0.0288000000
0.0274000000
0.0294000000
0.0229000000
0.0216000000
0.0209000000
0.0194000000
0.0192000000
0.0155000000
0.0162000000
0.0136000000
0.0147000000
0.0117000000
0.0120000000
0.0106000000
0.0108000000
0.0099000000
0.0081000000
0.2107000000
