0.2932000000
0.0171000000
0.0159000000
0.0139000000
0.0170000000
0.0158000000
0.0159000000
0.0181000000
0.0175000000
0.0157000000
0.0173000000
0.0156000000
0.0146000000
0.0199000000
0.0168000000
0.0172000000
0.0165000000
0.0201000000
0.0181000000
0.0186000000
0.0166000000
0.0163000000
0.0150000000
0.0177000000
0.0177000000
0.0186000000
0.0187000000
0.0164000000
0.0179000000
0.0155000000
0.0126000000
0.0105000000
0.0108000000
0.0121000000
0.0089000000
0.0079000000
0.0092000000
0.0084000000
0.0062000000
0.0078000000
0.0062000000
0.0054000000
0.0048000000
0.0041000000
0.0059000000
0.0053000000
0.0041000000
0.0039000000
0.0035000000
0.0045000000
0.0040000000
0.0687000000
