0.2886000000
0.0175000000
0.0166000000
0.0164000000
0.0180000000
0.0162000000
0.0151000000
0.0179000000
0.0152000000
0.0168000000
0.0165000000
0.0169000000
0.0193000000
0.0200000000
0.0186000000
0.0158000000
0.0169000000
0.0165000000
0.0154000000
0.0171000000
0.0167000000
0.0178000000
0.0179000000
0.0163000000
0.0200000000
0.0164000000
0.0188000000
0.0184000000
0.0143000000
0.0153000000
0.0150000000
0.0133000000
0.0090000000
0.0106000000
0.0097000000
0.0083000000
0.0100000000
0.0058000000
0.0083000000
0.0064000000
0.0067000000
0.0047000000
0.0055000000
0.0049000000
0.0054000000
0.0053000000
0.0044000000
0.0046000000
0.0037000000
0.0031000000
0.0033000000
0.0688000000
