0.2970000000
0.0122000000
0.0154000000
0.0136000000
0.0130000000
0.0171000000
0.0133000000
0.0149000000
0.0144000000
0.0145000000
0.0155000000
0.0159000000
0.0157000000
0.0129000000
0.0142000000
0.0141000000
0.0161000000
0.0157000000
0.0190000000
0.0132000000
0.0139000000
0.0159000000
0.0173000000
0.0157000000
0.0156000000
0.0131000000
0.0155000000
0.0148000000
0.0153000000
0.0181000000
0.0181000000
0.0149000000
0.0141000000
0.0151000000
0.0111000000
0.0115000000
0.0099000000
0.0095000000
0.0095000000
0.0070000000
0.0067000000
0.0066000000
0.0060000000
0.0064000000
0.0050000000
0.0064000000
0.0050000000
0.0038000000
0.0031000000
0.0041000000
0.0043000000
0.0040000000
0.0035000000
0.0033000000
0.0033000000
0.0043000000
0.0034000000
0.0672000000
