0.2956000000
0.0170000000
0.0150000000
0.0161000000
0.0147000000
0.0182000000
0.0160000000
0.0171000000
0.0168000000
0.0200000000
0.0188000000
0.0169000000
0.0160000000
0.0177000000
0.0171000000
0.0183000000
0.0162000000
0.0175000000
0.0147000000
0.0175000000
0.0161000000
0.0149000000
0.0184000000
0.0182000000
0.0166000000
0.0187000000
0.0157000000
0.0178000000
0.0145000000
0.0153000000
0.0143000000
0.0130000000
0.0109000000
0.0100000000
0.0091000000
0.0100000000
0.0078000000
0.0077000000
0.0070000000
0.0066000000
0.0063000000
0.0054000000
0.0047000000
0.0046000000
0.0051000000
0.0051000000
0.0040000000
0.0047000000
0.0036000000
0.0043000000
0.0035000000
0.0689000000
