0.2944000000
0.0145000000
0.0160000000
0.0145000000
0.0153000000
0.0123000000
0.0134000000
0.0153000000
0.0152000000
0.0141000000
0.0137000000
0.0127000000
0.0154000000
0.0148000000
0.0116000000
0.0151000000
0.0159000000
0.0149000000
0.0146000000
0.0162000000
0.0120000000
0.0163000000
0.0146000000
0.0188000000
0.0149000000
0.0148000000
0.0131000000
0.0151000000
0.0165000000
0.0149000000
0.0172000000
0.0136000000
0.0135000000
0.0131000000
0.0120000000
0.0105000000
0.0117000000
0.0098000000
0.0097000000
0.0073000000
0.0092000000
0.0084000000
0.0075000000
0.0076000000
0.0063000000
0.0062000000
0.0050000000
0.0047000000
0.0040000000
0.0054000000
0.0037000000
0.0040000000
0.0036000000
0.0039000000
0.0032000000
0.0037000000
0.0028000000
0.0033000000
0.0682000000
