0.2907000000
0.0166000000
0.0192000000
0.0160000000
0.0188000000
0.0169000000
0.0195000000
0.0178000000
0.0185000000
0.0182000000
0.0189000000
0.0181000000
0.0180000000
0.0232000000
0.0206000000
0.0199000000
0.0199000000
0.0215000000
0.0172000000
0.0200000000
0.0186000000
0.0199000000
0.0181000000
0.0196000000
0.0212000000
0.0172000000
0.0165000000
0.0147000000
0.0136000000
0.0120000000
0.0135000000
0.0087000000
0.0109000000
0.0088000000
0.0087000000
0.0073000000
0.0063000000
0.0076000000
0.0065000000
0.0065000000
0.0053000000
0.0051000000
0.0049000000
0.0044000000
0.0046000000
0.0042000000
0.0658000000
