0.2865000000
0.0148000000
0.0165000000
0.0172000000
0.0147000000
0.0160000000
0.0144000000
0.0183000000
0.0182000000
0.0161000000
0.0159000000
0.0182000000
0.0153000000
0.0181000000
0.0166000000
0.0165000000
0.0175000000
0.0161000000
0.0160000000
0.0148000000
0.0183000000
0.0154000000
0.0160000000
0.0169000000
0.0176000000
0.0174000000
0.0174000000
0.0183000000
0.0167000000
0.0161000000
0.0148000000
0.0115000000
0.0115000000
0.0122000000
0.0102000000
0.0092000000
0.0088000000
0.0095000000
0.0085000000
0.0063000000
0.0062000000
0.0056000000
0.0063000000
0.0073000000
0.0062000000
0.0053000000
0.0047000000
0.0039000000
0.0034000000
0.0039000000
0.0038000000
0.0029000000
0.0028000000
0.0674000000
