0.0000000000
0.0189000000
0.0347000000
0.0517000000
0.0705000000
0.0764000000
0.0672000000
0.0593000000
0.0540000000
0.0472000000
0.0383000000
0.0363000000
0.0352000000
0.0307000000
0.0290000000
0.0246000000
0.0237000000
0.0210000000
0.0170000000
0.0161000000
0.0167000000
0.0153000000
0.0098000000
0.0097000000
0.0110000000
0.0084000000
0.0086000000
0.0062000000
0.0070000000
0.0049000000
0.0048000000
0.0044000000
0.0053000000
0.0035000000
0.0033000000
0.0027000000
0.0028000000
0.0022000000
0.0023000000
0.0025000000
0.0019000000
0.0013000000
0.0009000000
0.0011000000
0.0012000000
0.0014000000
0.1090000000
