0.0000000000
0.0203000000
0.0393000000
0.0568000000
0.0693000000
0.0728000000
0.0679000000
0.0604000000
0.0534000000
0.0457000000
0.0445000000
0.0366000000
0.0367000000
0.0301000000
0.0276000000
0.0263000000
0.0212000000
0.0199000000
0.0148000000
0.0183000000
0.0128000000
0.0139000000
0.0103000000
0.0118000000
0.0096000000
0.0093000000
0.0062000000
0.0065000000
0.0058000000
0.0052000000
0.0056000000
0.0043000000
0.0035000000
0.0039000000
0.0031000000
0.0015000000
0.0025000000
0.0031000000
0.0016000000
0.0014000000
0.0022000000
0.0014000000
0.0013000000
0.0013000000
0.0010000000
0.1090000000
