0.0000000000
0.0217000000
0.0389000000
0.0543000000
0.0700000000
0.0754000000
0.0678000000
0.0578000000
0.0538000000
0.0465000000
0.0429000000
0.0381000000
0.0330000000
0.0328000000
0.0274000000
0.0237000000
0.0211000000
0.0210000000
0.0184000000
0.0155000000
0.0155000000
0.0116000000
0.0100000000
0.0105000000
0.0100000000
0.0083000000
0.0089000000
0.0079000000
0.0045000000
0.0053000000
0.0052000000
0.0037000000
0.0048000000
0.0034000000
0.0023000000
0.0034000000
0.0028000000
0.0022000000
0.0023000000
0.0014000000
0.0024000000
0.0013000000
0.0013000000
0.0012000000
0.0006000000
0.1091000000
