0.0000000000
0.0251000000
0.0501000000
0.0728000000
0.0907000000
0.0790000000
0.0679000000
0.0596000000
0.0556000000
0.0458000000
0.0409000000
0.0380000000
0.0337000000
0.0276000000
0.0242000000
0.0215000000
0.0228000000
0.0152000000
0.0163000000
0.0141000000
0.0105000000
0.0107000000
0.0089000000
0.0084000000
0.0078000000
0.0062000000
0.0052000000
0.0045000000
0.0043000000
0.0034000000
0.0035000000
0.0034000000
0.0033000000
0.0017000000
0.0018000000
0.0020000000
0.0017000000
0.0011000000
0.0015000000
0.1092000000
