0.0000000000
0.0215000000
0.0378000000
0.0538000000
0.0706000000
0.0760000000
0.0707000000
0.0575000000
0.0551000000
0.0463000000
0.0424000000
0.0363000000
0.0342000000
0.0308000000
0.0283000000
0.0228000000
0.0238000000
0.0211000000
0.0177000000
0.0162000000
0.0141000000
0.0138000000
0.0122000000
0.0081000000
0.0105000000
0.0075000000
0.0072000000
0.0070000000
0.0065000000
0.0051000000
0.0045000000
0.0036000000
0.0037000000
0.0037000000
0.0022000000
0.0034000000
0.0027000000
0.0020000000
0.0023000000
0.0022000000
0.0016000000
0.0015000000
0.0008000000
0.0009000000
0.0007000000
0.1093000000
