0.0000000000
0.0153000000
0.0234000000
0.0379000000
0.0416000000
0.0541000000
0.0591000000
0.0541000000
0.0513000000
0.0461000000
0.0438000000
0.0410000000
0.0374000000
0.0332000000
0.0299000000
0.0253000000
0.0234000000
0.0258000000
0.0211000000
0.0209000000
0.0161000000
0.0192000000
0.0135000000
0.0141000000
0.0123000000
0.0111000000
0.0116000000
0.0091000000
0.0088000000
0.0096000000
0.0074000000
0.0066000000
0.0065000000
0.0049000000
0.0045000000
0.0050000000
0.0058000000
0.0041000000
0.0047000000
0.0026000000
0.0033000000
0.0025000000
0.0021000000
0.0030000000
0.0027000000
0.0016000000
0.0020000000
0.0012000000
0.0014000000
0.0016000000
0.0016000000
0.0008000000
0.0014000000
0.0011000000
0.0006000000
0.0011000000
0.0005000000
0.1093000000
