0.0000000000
0.0269000000
0.0488000000
0.0659000000
0.0870000000
0.0805000000
0.0679000000
0.0587000000
0.0502000000
0.0482000000
0.0443000000
0.0372000000
0.0320000000
0.0325000000
0.0245000000
0.0218000000
0.0206000000
0.0180000000
0.0151000000
0.0143000000
0.0118000000
0.0117000000
0.0091000000
0.0089000000
0.0064000000
0.0063000000
0.0057000000
0.0056000000
0.0040000000
0.0042000000
0.0046000000
0.0029000000
0.0027000000
0.0024000000
0.0020000000
0.0022000000
0.0017000000
0.0016000000
0.0012000000
0.0012000000
0.1094000000
