0.0000000000
0.0045000000
0.0080000000
0.0140000000
0.0156000000
0.0172000000
0.0243000000
0.0227000000
0.0259000000
0.0287000000
0.0315000000
0.0320000000
0.0310000000
0.0338000000
0.0356000000
0.0358000000
0.0419000000
0.0365000000
0.0439000000
0.0350000000
0.0352000000
0.0326000000
0.0274000000
0.0244000000
0.0212000000
0.0200000000
0.0204000000
0.0176000000
0.0176000000
0.0141000000
0.0155000000
0.0125000000
0.0103000000
0.0111000000
0.0086000000
0.0065000000
0.0075000000
0.0062000000
0.0065000000
0.0067000000
0.0055000000
0.0047000000
0.0032000000
0.0047000000
0.0042000000
0.0033000000
0.0038000000
0.0036000000
0.0025000000
0.0024000000
0.0015000000
0.0017000000
0.1191000000
