0.0000000000
0.0066000000
0.0138000000
0.0192000000
0.0249000000
0.0286000000
0.0336000000
0.0357000000
0.0388000000
0.0381000000
0.0445000000
0.0433000000
0.0495000000
0.0472000000
0.0516000000
0.0476000000
0.0430000000
0.0377000000
0.0311000000
0.0338000000
0.0277000000
0.0247000000
0.0187000000
0.0175000000
0.0154000000
0.0151000000
0.0140000000
0.0101000000
0.0090000000
0.0096000000
0.0088000000
0.0077000000
0.0051000000
0.0049000000
0.0047000000
0.0042000000
0.0042000000
0.0044000000
0.0030000000
0.0023000000
0.0027000000
0.1176000000
