0.0000000000
0.0051000000
0.0075000000
0.0150000000
0.0166000000
0.0187000000
0.0202000000
0.0225000000
0.0256000000
0.0293000000
0.0317000000
0.0355000000
0.0356000000
0.0370000000
0.0382000000
0.0368000000
0.0376000000
0.0415000000
0.0393000000
0.0379000000
0.0330000000
0.0329000000
0.0274000000
0.0259000000
0.0216000000
0.0203000000
0.0183000000
0.0184000000
0.0177000000
0.0118000000
0.0130000000
0.0137000000
0.0109000000
0.0082000000
0.0101000000
0.0073000000
0.0076000000
0.0063000000
0.0053000000
0.0049000000
0.0046000000
0.0044000000
0.0049000000
0.0038000000
0.0035000000
0.0038000000
0.0027000000
0.0022000000
0.0025000000
0.0020000000
0.0021000000
0.1173000000
