0.0000000000
0.0037000000
0.0084000000
0.0099000000
0.0164000000
0.0200000000
0.0200000000
0.0258000000
0.0232000000
0.0306000000
0.0307000000
0.0346000000
0.0358000000
0.0340000000
0.0340000000
0.0366000000
0.0412000000
0.0424000000
0.0382000000
0.0394000000
0.0357000000
0.0316000000
0.0287000000
0.0260000000
0.0214000000
0.0230000000
0.0205000000
0.0184000000
0.0135000000
0.0150000000
0.0127000000
0.0124000000
0.0128000000
0.0083000000
0.0094000000
0.0065000000
0.0068000000
0.0055000000
0.0048000000
0.0062000000
0.0044000000
0.0063000000
0.0044000000
0.0044000000
0.0030000000
0.0026000000
0.0031000000
0.0025000000
0.0026000000
0.0024000000
0.0016000000
0.1186000000
