0.0000000000
0.0064000000
0.0113000000
0.0154000000
0.0184000000
0.0245000000
0.0272000000
0.0314000000
0.0308000000
0.0364000000
0.0380000000
0.0376000000
0.0439000000
0.0386000000
0.0476000000
0.0417000000
0.0450000000
0.0446000000
0.0372000000
0.0338000000
0.0334000000
0.0269000000
0.0244000000
0.0214000000
0.0176000000
0.0173000000
0.0156000000
0.0116000000
0.0118000000
0.0113000000
0.0128000000
0.0085000000
0.0072000000
0.0073000000
0.0070000000
0.0050000000
0.0057000000
0.0042000000
0.0039000000
0.0038000000
0.0036000000
0.0032000000
0.0034000000
0.0020000000
0.0018000000
0.1195000000
