0.2196000000
0.0136000000
0.0137000000
0.0148000000
0.0142000000
0.0132000000
0.0140000000
0.0165000000
0.0179000000
0.0157000000
0.0151000000
0.0129000000
0.0171000000
0.0181000000
0.0179000000
0.0159000000
0.0176000000
0.0171000000
0.0180000000
0.0136000000
0.0168000000
0.0195000000
0.0170000000
0.0157000000
0.0177000000
0.0161000000
0.0170000000
0.0181000000
0.0167000000
0.0169000000
0.0147000000
0.0140000000
0.0141000000
0.0130000000
0.0138000000
0.0107000000
0.0116000000
0.0115000000
0.0107000000
0.0097000000
0.0104000000
0.0081000000
0.0103000000
0.0084000000
0.0085000000
0.0079000000
0.0088000000
0.0069000000
0.0060000000
0.0041000000
0.0056000000
0.1032000000
