0.2276000000
0.0130000000
0.0146000000
0.0147000000
0.0147000000
0.0150000000
0.0154000000
0.0136000000
0.0156000000
0.0160000000
0.0136000000
0.0134000000
0.0169000000
0.0161000000
0.0164000000
0.0171000000
0.0172000000
0.0151000000
0.0153000000
0.0176000000
0.0150000000
0.0153000000
0.0159000000
0.0159000000
0.0174000000
0.0181000000
0.0208000000
0.0182000000
0.0157000000
0.0162000000
0.0146000000
0.0142000000
0.0129000000
0.0131000000
0.0128000000
0.0110000000
0.0122000000
0.0107000000
0.0123000000
0.0077000000
0.0084000000
0.0101000000
0.0102000000
0.0099000000
0.0077000000
0.0091000000
0.0066000000
0.0071000000
0.0076000000
0.0043000000
0.1101000000
