0.2270000000
0.0180000000
0.0156000000
0.0177000000
0.0181000000
0.0204000000
0.0190000000
0.0172000000
0.0198000000
0.0194000000
0.0188000000
0.0193000000
0.0190000000
0.0168000000
0.0186000000
0.0199000000
0.0192000000
0.0202000000
0.0199000000
0.0199000000
0.0206000000
0.0259000000
0.0237000000
0.0217000000
0.0203000000
0.0176000000
0.0140000000
0.0177000000
0.0144000000
0.0150000000
0.0136000000
0.0134000000
0.0115000000
0.0112000000
0.0128000000
0.0119000000
0.0122000000
0.0089000000
0.0080000000
0.0090000000
0.0068000000
0.1060000000
