0.2260000000
0.0134000000
0.0112000000
0.0114000000
0.0134000000
0.0121000000
0.0132000000
0.0136000000
0.0121000000
0.0137000000
0.0120000000
0.0150000000
0.0127000000
0.0151000000
0.0160000000
0.0145000000
0.0126000000
0.0145000000
0.0146000000
0.0142000000
0.0154000000
0.0129000000
0.0143000000
0.0138000000
0.0125000000
0.0156000000
0.0160000000
0.0167000000
0.0139000000
0.0164000000
0.0169000000
0.0177000000
0.0142000000
0.0159000000
0.0130000000
0.0155000000
0.0120000000
0.0108000000
0.0111000000
0.0100000000
0.0100000000
0.0097000000
0.0110000000
0.0081000000
0.0082000000
0.0081000000
0.0079000000
0.0054000000
0.0054000000
0.0068000000
0.0070000000
0.0059000000
0.0071000000
0.0057000000
0.0057000000
0.0055000000
0.0060000000
0.1106000000
