0.2196000000
0.0122000000
0.0124000000
0.0126000000
0.0135000000
0.0142000000
0.0128000000
0.0117000000
0.0115000000
0.0124000000
0.0120000000
0.0140000000
0.0133000000
0.0156000000
0.0139000000
0.0112000000
0.0143000000
0.0146000000
0.0143000000
0.0148000000
0.0141000000
0.0146000000
0.0150000000
0.0137000000
0.0139000000
0.0132000000
0.0171000000
0.0158000000
0.0126000000
0.0145000000
0.0193000000
0.0174000000
0.0148000000
0.0118000000
0.0134000000
0.0132000000
0.0140000000
0.0120000000
0.0117000000
0.0095000000
0.0093000000
0.0108000000
0.0107000000
0.0087000000
0.0106000000
0.0090000000
0.0087000000
0.0081000000
0.0087000000
0.0083000000
0.0057000000
0.0066000000
0.0055000000
0.0055000000
0.0059000000
0.0064000000
0.0043000000
0.0042000000
0.1105000000
