0.2247000000
0.0142000000
0.0140000000
0.0139000000
0.0131000000
0.0127000000
0.0150000000
0.0165000000
0.0131000000
0.0143000000
0.0137000000
0.0153000000
0.0172000000
0.0159000000
0.0162000000
0.0161000000
0.0164000000
0.0187000000
0.0165000000
0.0177000000
0.0150000000
0.0146000000
0.0160000000
0.0170000000
0.0168000000
0.0163000000
0.0157000000
0.0179000000
0.0190000000
0.0154000000
0.0151000000
0.0138000000
0.0139000000
0.0126000000
0.0130000000
0.0111000000
0.0112000000
0.0105000000
0.0094000000
0.0096000000
0.0094000000
0.0114000000
0.0091000000
0.0096000000
0.0086000000
0.0079000000
0.0067000000
0.0074000000
0.0072000000
0.0076000000
0.0056000000
0.1104000000
