0.2174000000
0.0087000000
0.0152000000
0.0122000000
0.0125000000
0.0119000000
0.0137000000
0.0138000000
0.0131000000
0.0130000000
0.0115000000
0.0149000000
0.0130000000
0.0118000000
0.0117000000
0.0158000000
0.0128000000
0.0136000000
0.0130000000
0.0131000000
0.0142000000
0.0139000000
0.0133000000
0.0149000000
0.0158000000
0.0164000000
0.0145000000
0.0149000000
0.0152000000
0.0158000000
0.0168000000
0.0184000000
0.0160000000
0.0137000000
0.0139000000
0.0123000000
0.0119000000
0.0115000000
0.0110000000
0.0116000000
0.0114000000
0.0106000000
0.0104000000
0.0110000000
0.0096000000
0.0067000000
0.0076000000
0.0076000000
0.0074000000
0.0060000000
0.0072000000
0.0061000000
0.0065000000
0.0069000000
0.0070000000
0.0066000000
0.0045000000
0.0055000000
0.0058000000
0.1069000000
