0.2227000000
0.0199000000
0.0178000000
0.0188000000
0.0193000000
0.0168000000
0.0188000000
0.0195000000
0.0205000000
0.0178000000
0.0204000000
0.0191000000
0.0191000000
0.0186000000
0.0219000000
0.0212000000
0.0212000000
0.0195000000
0.0216000000
0.0186000000
0.0244000000
0.0244000000
0.0219000000
0.0184000000
0.0192000000
0.0200000000
0.0184000000
0.0163000000
0.0155000000
0.0141000000
0.0138000000
0.0124000000
0.0119000000
0.0110000000
0.0097000000
0.0099000000
0.0100000000
0.0098000000
0.0075000000
0.0086000000
0.1097000000
