0.0000000000
0.0076000000
0.0105000000
0.0174000000
0.0232000000
0.0281000000
0.0334000000
0.0383000000
0.0440000000
0.0445000000
0.0498000000
0.0475000000
0.0425000000
0.0357000000
0.0381000000
0.0320000000
0.0290000000
0.0274000000
0.0307000000
0.0241000000
0.0227000000
0.0195000000
0.0181000000
0.0179000000
0.0148000000
0.0177000000
0.0146000000
0.0120000000
0.0123000000
0.0121000000
0.0106000000
0.0095000000
0.0069000000
0.0067000000
0.0069000000
0.0082000000
0.0064000000
0.0061000000
0.0050000000
0.0063000000
0.0054000000
0.0037000000
0.0046000000
0.0030000000
0.0034000000
0.0034000000
0.0027000000
0.0030000000
0.0026000000
0.0019000000
0.0016000000
0.1266000000
