0.0000000000
0.0055000000
0.0124000000
0.0146000000
0.0213000000
0.0266000000
0.0330000000
0.0368000000
0.0371000000
0.0443000000
0.0486000000
0.0449000000
0.0402000000
0.0371000000
0.0371000000
0.0316000000
0.0336000000
0.0295000000
0.0299000000
0.0239000000
0.0223000000
0.0209000000
0.0197000000
0.0176000000
0.0162000000
0.0156000000
0.0147000000
0.0142000000
0.0114000000
0.0109000000
0.0095000000
0.0115000000
0.0087000000
0.0074000000
0.0083000000
0.0076000000
0.0082000000
0.0050000000
0.0050000000
0.0068000000
0.0043000000
0.0058000000
0.0043000000
0.0045000000
0.0037000000
0.0038000000
0.0025000000
0.0034000000
0.0031000000
0.0021000000
0.0028000000
0.0024000000
0.1278000000
