0.0000000000
0.0040000000
0.0098000000
0.0158000000
0.0160000000
0.0211000000
0.0256000000
0.0280000000
0.0362000000
0.0342000000
0.0382000000
0.0405000000
0.0404000000
0.0367000000
0.0392000000
0.0305000000
0.0317000000
0.0312000000
0.0258000000
0.0245000000
0.0256000000
0.0226000000
0.0204000000
0.0192000000
0.0202000000
0.0178000000
0.0161000000
0.0145000000
0.0136000000
0.0125000000
0.0124000000
0.0126000000
0.0109000000
0.0094000000
0.0086000000
0.0086000000
0.0091000000
0.0073000000
0.0067000000
0.0065000000
0.0064000000
0.0071000000
0.0045000000
0.0062000000
0.0036000000
0.0045000000
0.0044000000
0.0046000000
0.0035000000
0.0032000000
0.0033000000
0.0027000000
0.0024000000
0.0019000000
0.0023000000
0.0019000000
0.0021000000
0.0021000000
0.0020000000
0.1273000000
