0.0000000000
0.0084000000
0.0190000000
0.0294000000
0.0346000000
0.0441000000
0.0510000000
0.0564000000
0.0635000000
0.0554000000
0.0509000000
0.0441000000
0.0443000000
0.0366000000
0.0330000000
0.0285000000
0.0285000000
0.0275000000
0.0226000000
0.0193000000
0.0205000000
0.0179000000
0.0144000000
0.0139000000
0.0138000000
0.0102000000
0.0102000000
0.0095000000
0.0081000000
0.0077000000
0.0078000000
0.0077000000
0.0055000000
0.0048000000
0.0041000000
0.0040000000
0.0047000000
0.0032000000
0.0029000000
0.0036000000
0.1284000000
