0.0000000000
0.0073000000
0.0131000000
0.0157000000
0.0194000000
0.0225000000
0.0320000000
0.0351000000
0.0382000000
0.0417000000
0.0443000000
0.0453000000
0.0442000000
0.0411000000
0.0335000000
0.0352000000
0.0304000000
0.0296000000
0.0290000000
0.0227000000
0.0224000000
0.0214000000
0.0196000000
0.0171000000
0.0186000000
0.0157000000
0.0149000000
0.0141000000
0.0133000000
0.0126000000
0.0108000000
0.0124000000
0.0080000000
0.0074000000
0.0079000000
0.0082000000
0.0082000000
0.0071000000
0.0042000000
0.0053000000
0.0045000000
0.0047000000
0.0047000000
0.0049000000
0.0041000000
0.0038000000
0.0030000000
0.0030000000
0.0026000000
0.0025000000
0.0018000000
0.0022000000
0.0020000000
0.1267000000
