0.0868000000
0.0185000000
0.0145000000
0.0194000000
0.0229000000
0.0258000000
0.0224000000
0.0270000000
0.0286000000
0.0305000000
0.0262000000
0.0232000000
0.0236000000
0.0236000000
0.0244000000
0.0189000000
0.0202000000
0.0183000000
0.0188000000
0.0178000000
0.0167000000
0.0162000000
0.0145000000
0.0158000000
0.0119000000
0.0137000000
0.0120000000
0.0124000000
0.0127000000
0.0133000000
0.0119000000
0.0105000000
0.0097000000
0.0098000000
0.0077000000
0.0085000000
0.0097000000
0.0202000000
0.0211000000
0.0170000000
0.0164000000
0.0173000000
0.0148000000
0.0153000000
0.0174000000
0.1421000000
