0.0837000000
0.0178000000
0.0167000000
0.0180000000
0.0198000000
0.0193000000
0.0232000000
0.0193000000
0.0239000000
0.0216000000
0.0252000000
0.0284000000
0.0187000000
0.0216000000
0.0209000000
0.0195000000
0.0205000000
0.0181000000
0.0165000000
0.0164000000
0.0167000000
0.0136000000
0.0167000000
0.0143000000
0.0134000000
0.0138000000
0.0122000000
0.0121000000
0.0130000000
0.0105000000
0.0116000000
0.0107000000
0.0102000000
0.0090000000
0.0107000000
0.0083000000
0.0104000000
0.0092000000
0.0074000000
0.0084000000
0.0083000000
0.0096000000
0.0185000000
0.0166000000
0.0162000000
0.0158000000
0.0155000000
0.0163000000
0.0143000000
0.0156000000
0.0141000000
0.1379000000
