0.0882000000
0.0177000000
0.0182000000
0.0203000000
0.0185000000
0.0224000000
0.0235000000
0.0253000000
0.0265000000
0.0254000000
0.0269000000
0.0249000000
0.0266000000
0.0220000000
0.0233000000
0.0210000000
0.0219000000
0.0186000000
0.0166000000
0.0161000000
0.0171000000
0.0177000000
0.0154000000
0.0164000000
0.0138000000
0.0115000000
0.0133000000
0.0133000000
0.0109000000
0.0111000000
0.0114000000
0.0115000000
0.0094000000
0.0094000000
0.0090000000
0.0101000000
0.0092000000
0.0196000000
0.0183000000
0.0209000000
0.0185000000
0.0187000000
0.0168000000
0.0149000000
0.0149000000
0.1430000000
