0.0876000000
0.0195000000
0.0244000000
0.0279000000
0.0275000000
0.0267000000
0.0239000000
0.0280000000
0.0348000000
0.0302000000
0.0278000000
0.0262000000
0.0234000000
0.0243000000
0.0241000000
0.0203000000
0.0198000000
0.0202000000
0.0187000000
0.0178000000
0.0160000000
0.0162000000
0.0152000000
0.0168000000
0.0136000000
0.0146000000
0.0120000000
0.0117000000
0.0109000000
0.0099000000
0.0111000000
0.0085000000
0.0228000000
0.0227000000
0.0217000000
0.0199000000
0.0203000000
0.0189000000
0.0198000000
0.1443000000
