0.5046000000
0.0276000000
0.0260000000
0.0279000000
0.0228000000
0.0190000000
0.0220000000
0.0215000000
0.0169000000
0.0187000000
0.0150000000
0.0127000000
0.0145000000
0.0121000000
0.0128000000
0.0090000000
0.0079000000
0.0080000000
0.0078000000
0.0071000000
0.0059000000
0.0081000000
0.0067000000
0.0051000000
0.0051000000
0.0046000000
0.0043000000
0.0039000000
0.0059000000
0.0080000000
0.0069000000
0.0083000000
0.0068000000
0.0065000000
0.0060000000
0.0080000000
0.0072000000
0.0061000000
0.0063000000
0.0061000000
0.0063000000
0.0046000000
0.0058000000
0.0052000000
0.0064000000
0.0059000000
0.0059000000
0.0052000000
0.0053000000
0.0053000000
0.0044000000
