0.5027000000
0.0373000000
0.0299000000
0.0275000000
0.0273000000
0.0201000000
0.0229000000
0.0187000000
0.0162000000
0.0166000000
0.0151000000
0.0140000000
0.0109000000
0.0120000000
0.0103000000
0.0107000000
0.0084000000
0.0095000000
0.0083000000
0.0061000000
0.0061000000
0.0056000000
0.0060000000
0.0044000000
0.0039000000
0.0087000000
0.0093000000
0.0103000000
0.0090000000
0.0058000000
0.0074000000
0.0095000000
0.0069000000
0.0072000000
0.0069000000
0.0062000000
0.0072000000
0.0053000000
0.0071000000
0.0069000000
0.0047000000
0.0056000000
0.0060000000
0.0067000000
0.0056000000
0.0072000000
