0.5041000000
0.0398000000
0.0347000000
0.0271000000
0.0308000000
0.0243000000
0.0249000000
0.0211000000
0.0217000000
0.0164000000
0.0159000000
0.0132000000
0.0113000000
0.0113000000
0.0106000000
0.0065000000
0.0086000000
0.0078000000
0.0065000000
0.0059000000
0.0055000000
0.0055000000
0.0097000000
0.0096000000
0.0103000000
0.0095000000
0.0085000000
0.0079000000
0.0078000000
0.0085000000
0.0068000000
0.0081000000
0.0076000000
0.0077000000
0.0083000000
0.0079000000
0.0066000000
0.0081000000
0.0075000000
0.0061000000
