0.5041000000
0.0368000000
0.0326000000
0.0318000000
0.0270000000
0.0267000000
0.0239000000
0.0210000000
0.0181000000
0.0176000000
0.0154000000
0.0167000000
0.0126000000
0.0122000000
0.0108000000
0.0073000000
0.0071000000
0.0072000000
0.0065000000
0.0065000000
0.0054000000
0.0044000000
0.0103000000
0.0115000000
0.0100000000
0.0103000000
0.0101000000
0.0082000000
0.0081000000
0.0079000000
0.0078000000
0.0081000000
0.0072000000
0.0075000000
0.0067000000
0.0064000000
0.0072000000
0.0060000000
0.0074000000
0.0076000000
