0.4985000000
0.0318000000
0.0280000000
0.0253000000
0.0213000000
0.0211000000
0.0197000000
0.0168000000
0.0180000000
0.0189000000
0.0146000000
0.0139000000
0.0116000000
0.0115000000
0.0118000000
0.0098000000
0.0111000000
0.0083000000
0.0078000000
0.0077000000
0.0072000000
0.0060000000
0.0072000000
0.0040000000
0.0058000000
0.0035000000
0.0038000000
0.0042000000
0.0054000000
0.0090000000
0.0078000000
0.0096000000
0.0080000000
0.0069000000
0.0060000000
0.0070000000
0.0056000000
0.0069000000
0.0058000000
0.0061000000
0.0058000000
0.0066000000
0.0050000000
0.0056000000
0.0060000000
0.0045000000
0.0053000000
0.0062000000
0.0047000000
0.0064000000
0.0067000000
0.0039000000
