0.4919000000
0.0341000000
0.0337000000
0.0251000000
0.0283000000
0.0250000000
0.0239000000
0.0193000000
0.0182000000
0.0165000000
0.0143000000
0.0157000000
0.0140000000
0.0119000000
0.0116000000
0.0096000000
0.0083000000
0.0082000000
0.0073000000
0.0066000000
0.0049000000
0.0055000000
0.0055000000
0.0047000000
0.0058000000
0.0082000000
0.0108000000
0.0070000000
0.0090000000
0.0085000000
0.0082000000
0.0062000000
0.0068000000
0.0082000000
0.0054000000
0.0093000000
0.0058000000
0.0072000000
0.0065000000
0.0050000000
0.0064000000
0.0061000000
0.0060000000
0.0062000000
0.0071000000
0.0062000000
