0.5003000000
0.0388000000
0.0333000000
0.0296000000
0.0266000000
0.0233000000
0.0219000000
0.0212000000
0.0207000000
0.0162000000
0.0170000000
0.0144000000
0.0116000000
0.0106000000
0.0111000000
0.0113000000
0.0091000000
0.0078000000
0.0075000000
0.0052000000
0.0056000000
0.0043000000
0.0058000000
0.0090000000
0.0091000000
0.0098000000
0.0088000000
0.0086000000
0.0082000000
0.0086000000
0.0075000000
0.0081000000
0.0084000000
0.0080000000
0.0067000000
0.0076000000
0.0078000000
0.0073000000
0.0059000000
0.0054000000
0.0049000000
0.0071000000
