0.5068000000
0.0386000000
0.0360000000
0.0316000000
0.0282000000
0.0267000000
0.0213000000
0.0216000000
0.0188000000
0.0168000000
0.0141000000
0.0140000000
0.0116000000
0.0117000000
0.0097000000
0.0076000000
0.0084000000
0.0090000000
0.0081000000
0.0058000000
0.0047000000
0.0058000000
0.0098000000
0.0126000000
0.0100000000
0.0095000000
0.0109000000
0.0085000000
0.0090000000
0.0065000000
0.0089000000
0.0084000000
0.0070000000
0.0073000000
0.0073000000
0.0066000000
0.0064000000
0.0068000000
0.0076000000
