0.4999000000
0.0330000000
0.0316000000
0.0270000000
0.0254000000
0.0219000000
0.0241000000
0.0183000000
0.0193000000
0.0183000000
0.0150000000
0.0126000000
0.0134000000
0.0122000000
0.0118000000
0.0074000000
0.0096000000
0.0089000000
0.0079000000
0.0069000000
0.0059000000
0.0060000000
0.0054000000
0.0048000000
0.0039000000
0.0077000000
0.0082000000
0.0062000000
0.0084000000
0.0098000000
0.0096000000
0.0085000000
0.0073000000
0.0065000000
0.0076000000
0.0073000000
0.0060000000
0.0071000000
0.0066000000
0.0070000000
0.0057000000
0.0061000000
0.0057000000
0.0069000000
0.0059000000
0.0054000000
