0.1444000000
0.0168000000
0.0171000000
0.0222000000
0.0219000000
0.0207000000
0.0215000000
0.0270000000
0.0209000000
0.0243000000
0.0227000000
0.0276000000
0.0255000000
0.0270000000
0.0250000000
0.0250000000
0.0206000000
0.0223000000
0.0203000000
0.0192000000
0.0172000000
0.0192000000
0.0150000000
0.0152000000
0.0142000000
0.0136000000
0.0135000000
0.0117000000
0.0115000000
0.0109000000
0.0097000000
0.0108000000
0.0082000000
0.0086000000
0.0089000000
0.0076000000
0.0074000000
0.0062000000
0.0067000000
0.0068000000
0.0119000000
0.0105000000
0.0120000000
0.0108000000
0.0091000000
0.0105000000
0.0085000000
0.0077000000
0.0092000000
0.0086000000
0.0096000000
0.0060000000
0.0907000000
