0.1411000000
0.0206000000
0.0199000000
0.0219000000
0.0217000000
0.0232000000
0.0251000000
0.0240000000
0.0250000000
0.0253000000
0.0246000000
0.0251000000
0.0283000000
0.0269000000
0.0242000000
0.0233000000
0.0225000000
0.0232000000
0.0188000000
0.0207000000
0.0174000000
0.0178000000
0.0172000000
0.0140000000
0.0136000000
0.0144000000
0.0128000000
0.0123000000
0.0117000000
0.0108000000
0.0086000000
0.0090000000
0.0084000000
0.0079000000
0.0087000000
0.0079000000
0.0071000000
0.0067000000
0.0067000000
0.0105000000
0.0098000000
0.0099000000
0.0108000000
0.0088000000
0.0083000000
0.0076000000
0.0098000000
0.0095000000
0.0088000000
0.0073000000
0.0069000000
0.0936000000
