0.1456000000
0.0160000000
0.0176000000
0.0177000000
0.0180000000
0.0200000000
0.0207000000
0.0198000000
0.0221000000
0.0232000000
0.0234000000
0.0223000000
0.0232000000
0.0222000000
0.0257000000
0.0209000000
0.0245000000
0.0220000000
0.0166000000
0.0179000000
0.0204000000
0.0154000000
0.0161000000
0.0151000000
0.0154000000
0.0137000000
0.0118000000
0.0137000000
0.0118000000
0.0113000000
0.0100000000
0.0108000000
0.0117000000
0.0088000000
0.0092000000
0.0090000000
0.0084000000
0.0066000000
0.0069000000
0.0082000000
0.0059000000
0.0061000000
0.0067000000
0.0073000000
0.0115000000
0.0106000000
0.0080000000
0.0082000000
0.0086000000
0.0069000000
0.0085000000
0.0092000000
0.0075000000
0.0085000000
0.0081000000
0.0075000000
0.0068000000
0.0904000000
