0.1387000000
0.0203000000
0.0206000000
0.0225000000
0.0217000000
0.0205000000
0.0239000000
0.0237000000
0.0229000000
0.0259000000
0.0259000000
0.0256000000
0.0260000000
0.0267000000
0.0258000000
0.0245000000
0.0229000000
0.0223000000
0.0223000000
0.0191000000
0.0163000000
0.0147000000
0.0181000000
0.0153000000
0.0140000000
0.0119000000
0.0145000000
0.0128000000
0.0110000000
0.0107000000
0.0094000000
0.0118000000
0.0081000000
0.0088000000
0.0081000000
0.0063000000
0.0082000000
0.0079000000
0.0060000000
0.0119000000
0.0114000000
0.0112000000
0.0091000000
0.0091000000
0.0093000000
0.0089000000
0.0082000000
0.0087000000
0.0090000000
0.0088000000
0.0068000000
0.0919000000
