0.1455000000
0.0212000000
0.0230000000
0.0231000000
0.0246000000
0.0245000000
0.0268000000
0.0289000000
0.0307000000
0.0317000000
0.0314000000
0.0277000000
0.0296000000
0.0272000000
0.0269000000
0.0235000000
0.0224000000
0.0221000000
0.0221000000
0.0191000000
0.0177000000
0.0153000000
0.0142000000
0.0144000000
0.0133000000
0.0142000000
0.0132000000
0.0104000000
0.0107000000
0.0094000000
0.0068000000
0.0083000000
0.0077000000
0.0077000000
0.0076000000
0.0121000000
0.0135000000
0.0128000000
0.0097000000
0.0086000000
0.0096000000
0.0108000000
0.0087000000
0.0093000000
0.0095000000
0.0925000000
