0.1366000000
0.0191000000
0.0187000000
0.0214000000
0.0221000000
0.0207000000
0.0205000000
0.0230000000
0.0238000000
0.0238000000
0.0261000000
0.0271000000
0.0235000000
0.0267000000
0.0267000000
0.0243000000
0.0193000000
0.0211000000
0.0228000000
0.0185000000
0.0177000000
0.0162000000
0.0154000000
0.0158000000
0.0130000000
0.0139000000
0.0135000000
0.0114000000
0.0106000000
0.0108000000
0.0102000000
0.0090000000
0.0089000000
0.0102000000
0.0096000000
0.0073000000
0.0068000000
0.0075000000
0.0083000000
0.0055000000
0.0059000000
0.0102000000
0.0119000000
0.0102000000
0.0095000000
0.0094000000
0.0089000000
0.0090000000
0.0081000000
0.0073000000
0.0071000000
0.0085000000
0.0069000000
0.0081000000
0.0916000000
