0.1422000000
0.0189000000
0.0193000000
0.0195000000
0.0212000000
0.0229000000
0.0220000000
0.0217000000
0.0265000000
0.0276000000
0.0285000000
0.0258000000
0.0251000000
0.0284000000
0.0247000000
0.0241000000
0.0250000000
0.0215000000
0.0179000000
0.0167000000
0.0189000000
0.0177000000
0.0151000000
0.0157000000
0.0152000000
0.0136000000
0.0116000000
0.0141000000
0.0114000000
0.0121000000
0.0084000000
0.0095000000
0.0083000000
0.0087000000
0.0076000000
0.0078000000
0.0074000000
0.0070000000
0.0063000000
0.0097000000
0.0119000000
0.0096000000
0.0101000000
0.0094000000
0.0103000000
0.0102000000
0.0085000000
0.0090000000
0.0086000000
0.0066000000
0.0077000000
0.0925000000
