0.1446000000
0.0256000000
0.0293000000
0.0300000000
0.0278000000
0.0337000000
0.0368000000
0.0346000000
0.0357000000
0.0361000000
0.0384000000
0.0335000000
0.0288000000
0.0272000000
0.0263000000
0.0222000000
0.0211000000
0.0193000000
0.0172000000
0.0179000000
0.0153000000
0.0144000000
0.0152000000
0.0119000000
0.0125000000
0.0129000000
0.0092000000
0.0102000000
0.0090000000
0.0113000000
0.0158000000
0.0129000000
0.0129000000
0.0130000000
0.0129000000
0.0101000000
0.0084000000
0.0083000000
0.0977000000
