0.0000000000
0.0013000000
0.0031000000
0.0056000000
0.0072000000
0.0066000000
0.0100000000
0.0102000000
0.0120000000
0.0122000000
0.0129000000
0.0155000000
0.0153000000
0.0171000000
0.0215000000
0.0209000000
0.0233000000
0.0219000000
0.0224000000
0.0238000000
0.0206000000
0.0192000000
0.0186000000
0.0185000000
0.0214000000
0.0177000000
0.0157000000
0.0188000000
0.0177000000
0.0154000000
0.0169000000
0.0140000000
0.0147000000
0.0114000000
0.0143000000
0.0118000000
0.0113000000
0.0125000000
0.0114000000
0.0124000000
0.0106000000
0.0102000000
0.0094000000
0.0100000000
0.0089000000
0.0092000000
0.0086000000
0.0081000000
0.0077000000
0.0081000000
0.0084000000
0.0082000000
0.0075000000
0.0082000000
0.0062000000
0.0065000000
0.0050000000
0.0052000000
0.2769000000
