0.0000000000
0.0023000000
0.0040000000
0.0065000000
0.0066000000
0.0079000000
0.0114000000
0.0114000000
0.0135000000
0.0160000000
0.0174000000
0.0197000000
0.0199000000
0.0210000000
0.0231000000
0.0225000000
0.0260000000
0.0256000000
0.0250000000
0.0213000000
0.0235000000
0.0202000000
0.0196000000
0.0204000000
0.0202000000
0.0159000000
0.0187000000
0.0154000000
0.0163000000
0.0131000000
0.0180000000
0.0148000000
0.0147000000
0.0127000000
0.0112000000
0.0122000000
0.0119000000
0.0114000000
0.0111000000
0.0117000000
0.0106000000
0.0099000000
0.0103000000
0.0084000000
0.0067000000
0.0081000000
0.0075000000
0.0085000000
0.0072000000
0.0084000000
0.0088000000
0.0062000000
0.0061000000
0.0077000000
0.2715000000
