0.0000000000
0.0025000000
0.0039000000
0.0076000000
0.0118000000
0.0118000000
0.0173000000
0.0179000000
0.0201000000
0.0235000000
0.0220000000
0.0242000000
0.0313000000
0.0304000000
0.0289000000
0.0312000000
0.0262000000
0.0264000000
0.0244000000
0.0225000000
0.0220000000
0.0197000000
0.0180000000
0.0193000000
0.0180000000
0.0181000000
0.0171000000
0.0168000000
0.0166000000
0.0164000000
0.0145000000
0.0112000000
0.0114000000
0.0116000000
0.0144000000
0.0142000000
0.0098000000
0.0129000000
0.0109000000
0.0117000000
0.0092000000
0.0088000000
0.0086000000
0.0058000000
0.0076000000
0.2715000000
