0.0000000000
0.0017000000
0.0027000000
0.0051000000
0.0069000000
0.0072000000
0.0089000000
0.0103000000
0.0127000000
0.0133000000
0.0150000000
0.0177000000
0.0164000000
0.0174000000
0.0192000000
0.0194000000
0.0212000000
0.0203000000
0.0243000000
0.0232000000
0.0204000000
0.0193000000
0.0206000000
0.0215000000
0.0176000000
0.0182000000
0.0178000000
0.0170000000
0.0182000000
0.0146000000
0.0129000000
0.0137000000
0.0172000000
0.0146000000
0.0122000000
0.0120000000
0.0134000000
0.0126000000
0.0107000000
0.0109000000
0.0101000000
0.0107000000
0.0104000000
0.0082000000
0.0106000000
0.0078000000
0.0094000000
0.0076000000
0.0080000000
0.0074000000
0.0076000000
0.0068000000
0.0080000000
0.0069000000
0.0071000000
0.0076000000
0.0063000000
0.0068000000
0.0063000000
0.2681000000
