0.0000000000
0.0027000000
0.0047000000
0.0073000000
0.0106000000
0.0132000000
0.0178000000
0.0171000000
0.0188000000
0.0219000000
0.0196000000
0.0278000000
0.0288000000
0.0260000000
0.0291000000
0.0262000000
0.0289000000
0.0279000000
0.0275000000
0.0238000000
0.0208000000
0.0222000000
0.0202000000
0.0191000000
0.0193000000
0.0179000000
0.0162000000
0.0153000000
0.0169000000
0.0143000000
0.0179000000
0.0132000000
0.0128000000
0.0123000000
0.0127000000
0.0120000000
0.0089000000
0.0119000000
0.0100000000
0.0099000000
0.0096000000
0.0086000000
0.0076000000
0.0077000000
0.0070000000
0.2760000000
