0.0497000000
0.0000000000
0.0914000000
0.0000000000
0.0815000000
0.0000000000
0.0728000000
0.0000000000
0.0650000000
0.0000000000
0.0580000000
0.0000000000
0.0517000000
0.0000000000
0.0462000000
0.0000000000
0.0412000000
0.0000000000
0.0368000000
0.0000000000
0.0329000000
0.0000000000
0.0293000000
0.0000000000
0.0262000000
0.0000000000
0.0233000000
0.0000000000
0.0208000000
0.0000000000
0.0186000000
0.0000000000
0.0166000000
0.0000000000
0.0148000000
0.0000000000
0.0132000000
0.0000000000
0.0118000000
0.0000000000
0.0105000000
0.0000000000
0.0094000000
0.0000000000
0.0084000000
0.0000000000
0.0075000000
0.0000000000
0.0067000000
0.0000000000
0.0060000000
0.0000000000
0.1497000000
