0.0465000000
0.0000000000
0.0859000000
0.0000000000
0.0772000000
0.0000000000
0.0694000000
0.0000000000
0.0625000000
0.0000000000
0.0561000000
0.0000000000
0.0505000000
0.0000000000
0.0454000000
0.0000000000
0.0409000000
0.0000000000
0.0368000000
0.0000000000
0.0331000000
0.0000000000
0.0298000000
0.0000000000
0.0267000000
0.0000000000
0.0240000000
0.0000000000
0.0216000000
0.0000000000
0.0195000000
0.0000000000
0.0175000000
0.0000000000
0.0158000000
0.0000000000
0.0142000000
0.0000000000
0.0127000000
0.0000000000
0.0115000000
0.0000000000
0.0103000000
0.0000000000
0.0093000000
0.0000000000
0.0084000000
0.0000000000
0.0074000000
0.0000000000
0.0068000000
0.0000000000
0.0061000000
0.0000000000
0.0055000000
0.0000000000
0.1486000000
