0.0493000000
0.0000000000
0.0906000000
0.0000000000
0.0809000000
0.0000000000
0.0723000000
0.0000000000
0.0646000000
0.0000000000
0.0578000000
0.0000000000
0.0516000000
0.0000000000
0.0461000000
0.0000000000
0.0412000000
0.0000000000
0.0368000000
0.0000000000
0.0329000000
0.0000000000
0.0294000000
0.0000000000
0.0263000000
0.0000000000
0.0235000000
0.0000000000
0.0210000000
0.0000000000
0.0187000000
0.0000000000
0.0167000000
0.0000000000
0.0150000000
0.0000000000
0.0134000000
0.0000000000
0.0119000000
0.0000000000
0.0107000000
0.0000000000
0.0095000000
0.0000000000
0.0085000000
0.0000000000
0.0076000000
0.0000000000
0.0068000000
0.0000000000
0.0061000000
0.0000000000
0.0054000000
0.1454000000
