0.2029000000
0.0255000000
0.0242000000
0.0267000000
0.0248000000
0.0267000000
0.0211000000
0.0212000000
0.0204000000
0.0183000000
0.0188000000
0.0161000000
0.0181000000
0.0176000000
0.0154000000
0.0151000000
0.0163000000
0.0138000000
0.0134000000
0.0118000000
0.0120000000
0.0127000000
0.0113000000
0.0106000000
0.0091000000
0.0107000000
0.0106000000
0.0111000000
0.0085000000
0.0099000000
0.0082000000
0.0078000000
0.0098000000
0.0079000000
0.0076000000
0.0068000000
0.0060000000
0.0065000000
0.0078000000
0.0185000000
0.0260000000
0.0217000000
0.0206000000
0.0178000000
0.0196000000
0.0203000000
0.0194000000
0.0193000000
0.0177000000
0.0191000000
0.0192000000
0.0177000000
