0.2073000000
0.0283000000
0.0303000000
0.0277000000
0.0283000000
0.0216000000
0.0232000000
0.0219000000
0.0240000000
0.0219000000
0.0206000000
0.0214000000
0.0172000000
0.0171000000
0.0155000000
0.0168000000
0.0157000000
0.0136000000
0.0144000000
0.0129000000
0.0121000000
0.0125000000
0.0138000000
0.0114000000
0.0116000000
0.0100000000
0.0091000000
0.0087000000
0.0074000000
0.0099000000
0.0078000000
0.0079000000
0.0076000000
0.0082000000
0.0117000000
0.0278000000
0.0282000000
0.0228000000
0.0218000000
0.0223000000
0.0227000000
0.0211000000
0.0217000000
0.0204000000
0.0205000000
0.0213000000
