0.2087000000
0.0331000000
0.0333000000
0.0283000000
0.0309000000
0.0303000000
0.0260000000
0.0234000000
0.0235000000
0.0217000000
0.0222000000
0.0198000000
0.0186000000
0.0187000000
0.0191000000
0.0157000000
0.0157000000
0.0148000000
0.0140000000
0.0130000000
0.0141000000
0.0113000000
0.0142000000
0.0122000000
0.0114000000
0.0093000000
0.0091000000
0.0089000000
0.0095000000
0.0080000000
0.0289000000
0.0281000000
0.0288000000
0.0281000000
0.0266000000
0.0273000000
0.0250000000
0.0231000000
0.0221000000
0.0232000000
