0.2059000000
0.0233000000
0.0251000000
0.0193000000
0.0223000000
0.0192000000
0.0178000000
0.0171000000
0.0177000000
0.0160000000
0.0205000000
0.0183000000
0.0161000000
0.0166000000
0.0153000000
0.0134000000
0.0139000000
0.0136000000
0.0121000000
0.0130000000
0.0132000000
0.0114000000
0.0101000000
0.0123000000
0.0117000000
0.0110000000
0.0093000000
0.0105000000
0.0094000000
0.0102000000
0.0082000000
0.0086000000
0.0065000000
0.0080000000
0.0091000000
0.0064000000
0.0083000000
0.0081000000
0.0069000000
0.0056000000
0.0060000000
0.0059000000
0.0064000000
0.0149000000
0.0192000000
0.0184000000
0.0191000000
0.0207000000
0.0186000000
0.0187000000
0.0168000000
0.0193000000
0.0170000000
0.0137000000
0.0168000000
0.0168000000
0.0154000000
0.0150000000
