0.2042000000
0.0258000000
0.0270000000
0.0250000000
0.0225000000
0.0223000000
0.0203000000
0.0220000000
0.0190000000
0.0164000000
0.0166000000
0.0163000000
0.0174000000
0.0163000000
0.0160000000
0.0161000000
0.0156000000
0.0148000000
0.0144000000
0.0122000000
0.0120000000
0.0118000000
0.0116000000
0.0110000000
0.0119000000
0.0097000000
0.0095000000
0.0114000000
0.0092000000
0.0072000000
0.0107000000
0.0084000000
0.0080000000
0.0067000000
0.0082000000
0.0063000000
0.0065000000
0.0069000000
0.0060000000
0.0062000000
0.0122000000
0.0214000000
0.0190000000
0.0206000000
0.0228000000
0.0173000000
0.0200000000
0.0174000000
0.0183000000
0.0201000000
0.0190000000
0.0180000000
0.0157000000
0.0188000000
