0.2081000000
0.0280000000
0.0323000000
0.0267000000
0.0242000000
0.0242000000
0.0237000000
0.0226000000
0.0218000000
0.0203000000
0.0201000000
0.0184000000
0.0196000000
0.0175000000
0.0179000000
0.0121000000
0.0159000000
0.0168000000
0.0148000000
0.0143000000
0.0115000000
0.0123000000
0.0107000000
0.0129000000
0.0112000000
0.0110000000
0.0093000000
0.0102000000
0.0101000000
0.0080000000
0.0080000000
0.0080000000
0.0071000000
0.0078000000
0.0128000000
0.0245000000
0.0260000000
0.0238000000
0.0244000000
0.0233000000
0.0236000000
0.0217000000
0.0218000000
0.0192000000
0.0228000000
0.0187000000
