0.2095000000
0.0320000000
0.0360000000
0.0286000000
0.0298000000
0.0291000000
0.0230000000
0.0262000000
0.0243000000
0.0235000000
0.0232000000
0.0199000000
0.0167000000
0.0170000000
0.0186000000
0.0187000000
0.0148000000
0.0152000000
0.0165000000
0.0124000000
0.0133000000
0.0118000000
0.0102000000
0.0118000000
0.0109000000
0.0113000000
0.0089000000
0.0086000000
0.0095000000
0.0093000000
0.0268000000
0.0305000000
0.0278000000
0.0291000000
0.0265000000
0.0255000000
0.0250000000
0.0231000000
0.0221000000
0.0230000000
