0.2298000000
0.0214000000
0.0203000000
0.0221000000
0.0214000000
0.0233000000
0.0229000000
0.0193000000
0.0248000000
0.0220000000
0.0249000000
0.0240000000
0.0246000000
0.0244000000
0.0252000000
0.0239000000
0.0230000000
0.0236000000
0.0211000000
0.0193000000
0.0211000000
0.0177000000
0.0158000000
0.0150000000
0.0137000000
0.0117000000
0.0118000000
0.0114000000
0.0114000000
0.0086000000
0.0098000000
0.0087000000
0.0068000000
0.0070000000
0.0054000000
0.0050000000
0.0050000000
0.0043000000
0.0039000000
0.0039000000
0.0044000000
0.0057000000
0.0066000000
0.0054000000
0.0048000000
0.0059000000
0.0048000000
0.0044000000
0.0045000000
0.0053000000
0.0045000000
0.0040000000
0.0053000000
0.0051000000
0.0035000000
0.0044000000
0.0027000000
0.0594000000
