0.2276000000
0.0293000000
0.0338000000
0.0315000000
0.0313000000
0.0327000000
0.0350000000
0.0335000000
0.0361000000
0.0346000000
0.0340000000
0.0357000000
0.0345000000
0.0331000000
0.0266000000
0.0230000000
0.0201000000
0.0186000000
0.0167000000
0.0150000000
0.0126000000
0.0137000000
0.0113000000
0.0097000000
0.0077000000
0.0070000000
0.0060000000
0.0067000000
0.0053000000
0.0088000000
0.0076000000
0.0072000000
0.0081000000
0.0080000000
0.0070000000
0.0059000000
0.0057000000
0.0058000000
0.0052000000
0.0057000000
0.0623000000
