0.2256000000
0.0261000000
0.0272000000
0.0269000000
0.0289000000
0.0299000000
0.0313000000
0.0257000000
0.0315000000
0.0296000000
0.0286000000
0.0289000000
0.0342000000
0.0325000000
0.0321000000
0.0268000000
0.0235000000
0.0214000000
0.0183000000
0.0174000000
0.0154000000
0.0144000000
0.0110000000
0.0117000000
0.0103000000
0.0089000000
0.0079000000
0.0070000000
0.0072000000
0.0054000000
0.0068000000
0.0048000000
0.0086000000
0.0066000000
0.0066000000
0.0054000000
0.0073000000
0.0067000000
0.0057000000
0.0064000000
0.0071000000
0.0044000000
0.0048000000
0.0052000000
0.0057000000
0.0623000000
