0.0497107536
0.0469650213
0.0443709473
0.0419201549
0.0396047299
0.0374171955
0.0353504877
0.0333979328
0.0315532257
0.0298104095
0.0281638562
0.0266082490
0.0251385644
0.0237500567
0.0224382420
0.0211988843
0.0200279815
0.0189217525
0.0178766252
0.0168892247
0.0159563624
0.0150750259
0.0142423694
0.0134557039
0.0127124893
0.0120103255
0.0113469451
0.0107202060
0.0101280843
0.0095686680
0.0090401505
0.0085408253
0.0080690799
0.0076233910
0.0072023193
0.0068045052
0.0064286640
0.0060735820
0.0057381128
0.0054211729
0.0051217389
0.0048388439
0.0045715744
0.0043190672
0.0040805071
0.0038551237
0.0036421892
0.0034410159
0.0032509542
0.0030713904
0.0029017447
0.0027414693
0.1468921043
