0.0122781166
0.0121106142
0.0119453969
0.0117824336
0.0116216935
0.0114631463
0.0113067620
0.0111525112
0.0110003647
0.0108502939
0.0107022703
0.0105562662
0.0104122539
0.0102702063
0.0101300965
0.0099918982
0.0098555852
0.0097211318
0.0095885127
0.0094577029
0.0093286776
0.0092014125
0.0090758835
0.0089520672
0.0088299399
0.0087094788
0.0085906610
0.0084734642
0.0083578662
0.0082438452
0.0081313798
0.0080204487
0.0079110309
0.0078031058
0.0076966531
0.0075916526
0.0074880846
0.0073859296
0.0072851681
0.0071857813
0.0070877503
0.0069910567
0.0068956823
0.0068016090
0.0067088190
0.0066172950
0.0065270195
0.0064379756
0.0063501465
0.0062635155
0.0061780665
0.0060937831
0.0060106496
0.0059286502
0.0058477694
0.0057679921
0.0056893031
0.0056116877
0.0055351310
0.0054596188
0.0053851368
0.0053116709
0.0052392072
0.0051677321
0.0050972321
0.0050276938
0.0049591043
0.0048914504
0.0048247195
0.0047588990
0.0046939764
0.0046299396
0.0045667763
0.0045044747
0.0044430231
0.0043824098
0.0043226234
0.0042636527
0.0042054864
0.0041481137
0.0040915237
0.0040357057
0.0039806492
0.0039263437
0.0038727792
0.0038199454
0.0037678323
0.0037164302
0.0036657294
0.0036157202
0.0035663933
0.0035177393
0.0034697491
0.0034224135
0.0033757238
0.0033296709
0.0032842464
0.0032394416
0.0031952480
0.0031516573
0.0031086612
0.0030662518
0.0030244209
0.0029831607
0.0029424634
0.0029023212
0.0028627268
0.0028236724
0.0027851509
0.0027471549
0.0027096772
0.0026727109
0.0026362488
0.0026002842
0.0025648102
0.0025298201
0.0024953074
0.0024612656
0.0024276881
0.0023945688
0.0023619012
0.0023296793
0.0022978970
0.0022665483
0.0022356272
0.0022051280
0.0021750449
0.0021453722
0.0021161042
0.0020872356
0.0020587608
0.0020306745
0.0020029713
0.0019756461
0.0019486936
0.0019221088
0.0018958867
0.0018700224
0.0018445109
0.0018193474
0.0017945272
0.0017700457
0.0017458981
0.0017220799
0.0016985867
0.0016754140
0.0016525574
0.0016300126
0.0016077754
0.0015858416
0.0015642070
0.0015428675
0.0015218192
0.0015010580
0.0014805800
0.0014603814
0.0014404584
0.0014208072
0.0014014240
0.0013823053
0.0013634474
0.0013448468
0.0013264999
0.0013084033
0.0012905536
0.0012729474
0.0012555814
0.0012384523
0.0012215569
0.0012048920
0.0011884545
0.0011722412
0.0011562490
0.0011404751
0.0011249163
0.0011095698
0.0010944327
0.0010795020
0.0010647751
0.0010502491
0.0010359212
0.0010217888
0.0010078492
0.0009940997
0.0009805379
0.0009671610
0.0009539667
0.0009409523
0.0009281155
0.0009154539
0.0009029649
0.0008906464
0.0008784958
0.0008665111
0.0008546898
0.0008430299
0.0008315290
0.0008201849
0.0008089957
0.0007979591
0.0007870731
0.0007763355
0.0007657445
0.0007552979
0.0007449939
0.0007348304
0.0007248056
0.0007149176
0.0007051644
0.0006955443
0.0006860554
0.0006766960
0.0006674643
0.0006583585
0.0006493770
0.0006405179
0.0006317798
0.0006231608
0.1450552389
