0.0455980968
0.0432878897
0.0410947281
0.0390126821
0.0370361221
0.0351597035
0.0333783529
0.0316872536
0.0300818331
0.0285577505
0.0271108849
0.0257373240
0.0244333540
0.0231954491
0.0220202621
0.0209046154
0.0198454924
0.0188400294
0.0178855078
0.0169793465
0.0161190955
0.0153024288
0.0145271381
0.0137911271
0.0130924059
0.0124290850
0.0117993710
0.0112015611
0.0106340390
0.0100952702
0.0095837979
0.0090982390
0.0086372808
0.0081996769
0.0077842439
0.0073898587
0.0070154548
0.0066600199
0.0063225930
0.0060022617
0.0056981598
0.0054094651
0.0051353969
0.0048752143
0.0046282138
0.0043937274
0.0041711212
0.0039597932
0.0037591721
0.0035687153
0.0033879079
0.0032162611
0.0030533107
0.0028986160
0.0027517590
0.0026123423
0.0024799892
0.1464692085
