0.0510256239
0.0481327191
0.0454038280
0.0428296517
0.0404014187
0.0381108547
0.0359501546
0.0339119556
0.0319893126
0.0301756741
0.0284648601
0.0268510410
0.0253287175
0.0238927024
0.0225381023
0.0212603015
0.0200549458
0.0189179279
0.0178453734
0.0168336275
0.0158792426
0.0149789668
0.0141297322
0.0133286451
0.0125729757
0.0118601491
0.0111877363
0.0105534461
0.0099551170
0.0093907103
0.0088583027
0.0083560800
0.0078823309
0.0074354410
0.0070138877
0.0066162344
0.0062411260
0.0058872845
0.0055535041
0.0052386474
0.0049416416
0.0046614746
0.0043971916
0.0041478922
0.0039127269
0.0036908943
0.0034816386
0.0032842466
0.0030980458
0.0029224016
0.0027567157
0.1458667781
