0.0447666504
0.0425399249
0.0404239583
0.0384132414
0.0365025390
0.0346868763
0.0329615260
0.0313219959
0.0297640172
0.0282835335
0.0268766901
0.0255398241
0.0242694548
0.0230622746
0.0219151403
0.0208250654
0.0197892116
0.0188048819
0.0178695135
0.0169806710
0.0161360402
0.0153334219
0.0145707264
0.0138459679
0.0131572595
0.0125028079
0.0118809092
0.0112899442
0.0107283742
0.0101947371
0.0096876435
0.0092057731
0.0087478713
0.0083127459
0.0078992639
0.0075063488
0.0071329776
0.0067781781
0.0064410266
0.0061206453
0.0058162000
0.0055268980
0.0052519861
0.0049907485
0.0047425051
0.0045066094
0.0042824474
0.0040694354
0.0038670187
0.0036746704
0.0034918897
0.0033182006
0.0031531509
0.0029963109
0.0028472722
0.0027056468
0.0025710660
0.0024431793
0.1466751120
