0.0108171767
0.0106871641
0.0105587142
0.0104318081
0.0103064273
0.0101825535
0.0100601685
0.0099392545
0.0098197937
0.0097017688
0.0095851624
0.0094699575
0.0093561373
0.0092436851
0.0091325844
0.0090228191
0.0089143731
0.0088072305
0.0087013756
0.0085967931
0.0084934675
0.0083913838
0.0082905270
0.0081908825
0.0080924355
0.0079951719
0.0078990772
0.0078041375
0.0077103389
0.0076176677
0.0075261103
0.0074356534
0.0073462836
0.0072579880
0.0071707536
0.0070845677
0.0069994177
0.0069152911
0.0068321756
0.0067500591
0.0066689296
0.0065887752
0.0065095841
0.0064313449
0.0063540460
0.0062776762
0.0062022242
0.0061276792
0.0060540301
0.0059812662
0.0059093768
0.0058383515
0.0057681799
0.0056988516
0.0056303567
0.0055626849
0.0054958265
0.0054297717
0.0053645108
0.0053000343
0.0052363328
0.0051733968
0.0051112173
0.0050497852
0.0049890914
0.0049291271
0.0048698835
0.0048113519
0.0047535239
0.0046963909
0.0046399445
0.0045841767
0.0045290790
0.0044746437
0.0044208625
0.0043677278
0.0043152317
0.0042633666
0.0042121248
0.0041614989
0.0041114815
0.0040620653
0.0040132430
0.0039650075
0.0039173517
0.0038702687
0.0038237516
0.0037777936
0.0037323880
0.0036875281
0.0036432074
0.0035994194
0.0035561576
0.0035134159
0.0034711878
0.0034294673
0.0033882483
0.0033475246
0.0033072904
0.0032675398
0.0032282670
0.0031894662
0.0031511317
0.0031132580
0.0030758395
0.0030388707
0.0030023463
0.0029662608
0.0029306091
0.0028953858
0.0028605859
0.0028262043
0.0027922359
0.0027586758
0.0027255190
0.0026927608
0.0026603963
0.0026284207
0.0025968295
0.0025656180
0.0025347816
0.0025043159
0.0024742163
0.0024444785
0.0024150981
0.0023860708
0.0023573924
0.0023290587
0.0023010656
0.0022734089
0.0022460846
0.0022190887
0.0021924173
0.0021660664
0.0021400323
0.0021143111
0.0020888990
0.0020637923
0.0020389874
0.0020144807
0.0019902684
0.0019663472
0.0019427135
0.0019193639
0.0018962949
0.0018735032
0.0018509854
0.0018287382
0.0018067585
0.0017850429
0.0017635883
0.0017423916
0.0017214496
0.0017007594
0.0016803178
0.0016601219
0.0016401688
0.0016204554
0.0016009791
0.0015817368
0.0015627257
0.0015439432
0.0015253864
0.0015070527
0.0014889393
0.0014710436
0.0014533630
0.0014358949
0.0014186367
0.0014015860
0.0013847402
0.0013680969
0.0013516537
0.0013354080
0.0013193576
0.0013035002
0.0012878333
0.0012723547
0.0012570622
0.0012419534
0.0012270263
0.0012122786
0.0011977081
0.0011833127
0.0011690904
0.0011550390
0.0011411565
0.0011274408
0.0011138900
0.0011005021
0.0010872750
0.0010742070
0.0010612960
0.0010485402
0.0010359377
0.0010234867
0.0010111853
0.0009990318
0.0009870243
0.0009751612
0.0009634407
0.0009518610
0.0009404205
0.0009291175
0.0009179503
0.0009069174
0.0008960171
0.0008852478
0.0008746079
0.0008640959
0.0008537103
0.0008434495
0.0008333120
0.0008232963
0.0008134011
0.0008036247
0.0007939659
0.0007844232
0.0007749951
0.0007656804
0.0007564776
0.0007473854
0.0007384025
0.0007295276
0.0007207594
0.0007120965
0.0007035378
0.0006950819
0.0006867276
0.0006784738
0.0006703192
0.0006622625
0.0006543027
0.0006464386
0.0006386690
0.0006309928
0.0006234088
0.0006159160
0.0006085133
0.0006011995
0.0005939737
0.0005868346
0.0005797814
0.0005728130
0.0005659283
0.0005591263
0.0005524062
0.0005457667
0.1448625761
