0.0485490466
0.0459301466
0.0434525191
0.0411085431
0.0388910091
0.0367930964
0.0348083523
0.0329306719
0.0311542800
0.0294737127
0.0278838009
0.0263796542
0.0249566464
0.0236104004
0.0223367755
0.0211318542
0.0199919305
0.0189134981
0.0178932399
0.0169280180
0.0160148634
0.0151509675
0.0143336730
0.0135604662
0.0128289687
0.0121369307
0.0114822236
0.0108628336
0.0102768556
0.0097224872
0.0091980233
0.0087018508
0.0082324435
0.0077883576
0.0073682273
0.0069707601
0.0065947337
0.0062389915
0.0059024392
0.0055840416
0.0052828195
0.0049978463
0.0047282456
0.0044731880
0.0042318891
0.0040036067
0.0037876386
0.0035833205
0.0033900241
0.0032071547
0.0030341500
0.0028704776
0.0027156344
0.0025691438
0.1450575269
