0.0058580830
0.0058199528
0.0057820708
0.0057444355
0.0057070450
0.0056698980
0.0056329927
0.0055963277
0.0055599013
0.0055237120
0.0054877583
0.0054520386
0.0054165513
0.0053812951
0.0053462684
0.0053114696
0.0052768973
0.0052425501
0.0052084265
0.0051745249
0.0051408440
0.0051073824
0.0050741385
0.0050411110
0.0050082985
0.0049756996
0.0049433129
0.0049111370
0.0048791705
0.0048474120
0.0048158603
0.0047845140
0.0047533717
0.0047224321
0.0046916938
0.0046611557
0.0046308163
0.0046006744
0.0045707287
0.0045409779
0.0045114208
0.0044820560
0.0044528824
0.0044238987
0.0043951036
0.0043664960
0.0043380745
0.0043098381
0.0042817854
0.0042539154
0.0042262267
0.0041987183
0.0041713889
0.0041442374
0.0041172627
0.0040904635
0.0040638387
0.0040373873
0.0040111080
0.0039849998
0.0039590615
0.0039332920
0.0039076903
0.0038822552
0.0038569857
0.0038318807
0.0038069390
0.0037821597
0.0037575417
0.0037330839
0.0037087854
0.0036846450
0.0036606617
0.0036368345
0.0036131624
0.0035896444
0.0035662795
0.0035430666
0.0035200049
0.0034970932
0.0034743307
0.0034517164
0.0034292492
0.0034069283
0.0033847527
0.0033627214
0.0033408335
0.0033190881
0.0032974842
0.0032760209
0.0032546974
0.0032335126
0.0032124657
0.0031915558
0.0031707821
0.0031501435
0.0031296393
0.0031092685
0.0030890303
0.0030689239
0.0030489483
0.0030291028
0.0030093864
0.0029897984
0.0029703378
0.0029510040
0.0029317959
0.0029127129
0.0028937541
0.0028749187
0.0028562060
0.0028376150
0.0028191450
0.0028007952
0.0027825649
0.0027644532
0.0027464595
0.0027285828
0.0027108225
0.0026931778
0.0026756480
0.0026582322
0.0026409299
0.0026237401
0.0026066622
0.0025896955
0.0025728392
0.0025560927
0.0025394551
0.0025229258
0.0025065042
0.0024901894
0.0024739808
0.0024578777
0.0024418794
0.0024259853
0.0024101946
0.0023945067
0.0023789209
0.0023634365
0.0023480529
0.0023327695
0.0023175856
0.0023025004
0.0022875135
0.0022726241
0.0022578317
0.0022431355
0.0022285349
0.0022140295
0.0021996184
0.0021853011
0.0021710770
0.0021569455
0.0021429060
0.0021289579
0.0021151005
0.0021013334
0.0020876558
0.0020740673
0.0020605673
0.0020471551
0.0020338302
0.0020205920
0.0020074400
0.0019943736
0.0019813923
0.0019684954
0.0019556825
0.0019429530
0.0019303064
0.0019177421
0.0019052595
0.0018928582
0.0018805376
0.0018682973
0.0018561365
0.0018440550
0.0018320521
0.0018201273
0.0018082801
0.0017965100
0.0017848166
0.0017731993
0.0017616575
0.0017501909
0.0017387990
0.0017274812
0.0017162370
0.0017050661
0.0016939678
0.0016829418
0.0016719876
0.0016611047
0.0016502926
0.0016395508
0.0016288790
0.0016182767
0.0016077434
0.0015972786
0.0015868819
0.0015765529
0.0015662912
0.0015560962
0.0015459676
0.0015359050
0.0015259078
0.0015159757
0.0015061082
0.0014963050
0.0014865656
0.0014768895
0.0014672765
0.0014577260
0.0014482377
0.0014388112
0.0014294460
0.0014201417
0.0014108980
0.0014017145
0.0013925908
0.0013835265
0.0013745211
0.0013655744
0.0013566859
0.0013478552
0.0013390821
0.0013303660
0.0013217067
0.0013131037
0.0013045568
0.0012960654
0.0012876294
0.0012792482
0.0012709216
0.0012626492
0.0012544306
0.0012462656
0.0012381537
0.0012300945
0.0012220879
0.0012141333
0.0012062306
0.0011983792
0.0011905790
0.0011828295
0.0011751305
0.0011674816
0.0011598825
0.0011523328
0.0011448323
0.0011373806
0.0011299775
0.0011226225
0.0011153153
0.0011080558
0.0011008434
0.0010936781
0.0010865593
0.0010794870
0.0010724606
0.0010654800
0.0010585448
0.0010516547
0.0010448095
0.0010380089
0.0010312525
0.0010245401
0.0010178714
0.0010112461
0.0010046639
0.0009981246
0.0009916278
0.0009851733
0.0009787608
0.0009723901
0.0009660608
0.0009597728
0.0009535256
0.0009473191
0.0009411530
0.0009350271
0.0009289410
0.0009228946
0.0009168875
0.0009109195
0.0009049903
0.0008990997
0.0008932475
0.0008874334
0.0008816571
0.0008759184
0.0008702171
0.0008645528
0.0008589255
0.0008533348
0.0008477804
0.0008422622
0.0008367800
0.0008313334
0.0008259222
0.0008205463
0.0008152054
0.0008098993
0.0008046276
0.0007993903
0.0007941871
0.0007890178
0.0007838821
0.0007787798
0.0007737107
0.0007686747
0.0007636714
0.0007587006
0.0007537623
0.0007488561
0.0007439818
0.0007391392
0.0007343282
0.0007295484
0.0007247998
0.0007200821
0.0007153951
0.0007107386
0.0007061124
0.0007015164
0.0006969502
0.0006924138
0.0006879069
0.0006834293
0.0006789809
0.0006745614
0.0006701707
0.0006658085
0.0006614748
0.0006571693
0.0006528918
0.0006486421
0.0006444201
0.0006402256
0.0006360584
0.0006319183
0.0006278051
0.0006237188
0.0006196590
0.0006156257
0.0006116186
0.0006076375
0.0006036824
0.0005997531
0.0005958493
0.0005919709
0.0005881178
0.0005842898
0.0005804866
0.0005767082
0.0005729545
0.0005692251
0.0005655200
0.0005618391
0.0005581821
0.0005545489
0.0005509393
0.0005473533
0.0005437906
0.0005402510
0.0005367346
0.0005332410
0.0005297701
0.0005263219
0.0005228960
0.0005194925
0.0005161111
0.0005127518
0.0005094143
0.0005060985
0.0005028043
0.0004995316
0.0004962802
0.0004930499
0.0004898406
0.0004866523
0.0004834847
0.0004803377
0.0004772112
0.0004741050
0.0004710191
0.0004679532
0.0004649073
0.0004618812
0.0004588749
0.0004558880
0.0004529207
0.0004499726
0.0004470438
0.0004441340
0.0004412431
0.0004383711
0.0004355177
0.0004326829
0.0004298666
0.0004270686
0.0004242888
0.0004215271
0.0004187834
0.0004160576
0.0004133495
0.0004106590
0.0004079860
0.0004053304
0.0004026922
0.0004000710
0.0003974670
0.0003948799
0.0003923096
0.0003897561
0.0003872192
0.0003846988
0.0003821948
0.0003797071
0.0003772356
0.0003747801
0.0003723407
0.0003699171
0.0003675094
0.0003651172
0.0003627407
0.0003603796
0.0003580339
0.0003557035
0.0003533882
0.0003510880
0.0003488028
0.0003465325
0.0003442769
0.0003420360
0.0003398097
0.0003375979
0.0003354004
0.0003332173
0.0003310484
0.0003288936
0.0003267529
0.0003246260
0.0003225131
0.0003204138
0.0003183283
0.0003162563
0.0003141978
0.0003121527
0.0003101209
0.0003081023
0.0003060969
0.0003041045
0.0003021251
0.0003001585
0.0002982048
0.0002962638
0.0002943354
0.1449255586
