0.0108650584
0.0107338923
0.0106043097
0.0104762914
0.0103498186
0.0102248726
0.0101014350
0.0099794876
0.0098590123
0.0097399915
0.0096224075
0.0095062431
0.0093914810
0.0092781043
0.0091660964
0.0090554406
0.0089461208
0.0088381206
0.0087314243
0.0086260160
0.0085218803
0.0084190017
0.0083173651
0.0082169555
0.0081177580
0.0080197581
0.0079229413
0.0078272933
0.0077328000
0.0076394474
0.0075472218
0.0074561095
0.0073660972
0.0072771716
0.0071893195
0.0071025280
0.0070167842
0.0069320756
0.0068483896
0.0067657138
0.0066840362
0.0066033446
0.0065236271
0.0064448720
0.0063670677
0.0062902026
0.0062142655
0.0061392451
0.0060651304
0.0059919104
0.0059195743
0.0058481115
0.0057775114
0.0057077636
0.0056388579
0.0055707840
0.0055035319
0.0054370917
0.0053714535
0.0053066078
0.0052425449
0.0051792554
0.0051167299
0.0050549593
0.0049939344
0.0049336462
0.0048740858
0.0048152444
0.0047571134
0.0046996842
0.0046429482
0.0045868972
0.0045315229
0.0044768170
0.0044227716
0.0043693786
0.0043166303
0.0042645187
0.0042130362
0.0041621752
0.0041119282
0.0040622878
0.0040132467
0.0039647977
0.0039169335
0.0038696471
0.0038229316
0.0037767801
0.0037311857
0.0036861418
0.0036416416
0.0035976787
0.0035542465
0.0035113386
0.0034689487
0.0034270706
0.0033856980
0.0033448249
0.0033044452
0.0032645530
0.0032251423
0.0031862075
0.0031477427
0.0031097422
0.0030722005
0.0030351121
0.0029984713
0.0029622729
0.0029265115
0.0028911818
0.0028562786
0.0028217968
0.0027877313
0.0027540770
0.0027208290
0.0026879823
0.0026555322
0.0026234739
0.0025918026
0.0025605136
0.0025296023
0.0024990642
0.0024688948
0.0024390896
0.0024096442
0.0023805543
0.0023518156
0.0023234238
0.0022953747
0.0022676643
0.0022402884
0.0022132430
0.0021865241
0.0021601278
0.0021340501
0.0021082872
0.0020828354
0.0020576908
0.0020328498
0.0020083086
0.0019840637
0.0019601115
0.0019364485
0.0019130711
0.0018899760
0.0018671597
0.0018446188
0.0018223500
0.0018003501
0.0017786157
0.0017571438
0.0017359310
0.0017149744
0.0016942707
0.0016738170
0.0016536102
0.0016336473
0.0016139255
0.0015944417
0.0015751931
0.0015561770
0.0015373903
0.0015188305
0.0015004948
0.0014823804
0.0014644846
0.0014468050
0.0014293387
0.0014120833
0.0013950363
0.0013781950
0.0013615570
0.0013451199
0.0013288812
0.0013128386
0.0012969896
0.0012813320
0.0012658634
0.0012505815
0.0012354842
0.0012205690
0.0012058340
0.0011912768
0.0011768954
0.0011626875
0.0011486512
0.0011347844
0.0011210850
0.0011075509
0.0010941802
0.0010809710
0.0010679212
0.0010550289
0.0010422923
0.0010297095
0.0010172785
0.0010049976
0.0009928650
0.0009808789
0.0009690374
0.0009573389
0.0009457816
0.0009343639
0.0009230840
0.0009119403
0.0009009310
0.0008900547
0.0008793098
0.0008686945
0.0008582073
0.0008478468
0.0008376114
0.0008274995
0.0008175097
0.0008076405
0.0007978904
0.0007882580
0.0007787420
0.0007693408
0.0007600531
0.0007508775
0.0007418127
0.0007328573
0.0007240100
0.0007152696
0.0007066346
0.0006981039
0.0006896762
0.0006813503
0.0006731248
0.0006649986
0.0006569706
0.0006490395
0.0006412041
0.0006334633
0.0006258159
0.0006182609
0.0006107971
0.0006034233
0.0005961386
0.0005889419
0.0005818320
0.0005748080
0.0005678687
0.0005610132
0.0005542405
0.0005475496
0.1448083615
