0.0577953121
0.0540838698
0.0506107652
0.0473606930
0.0443193308
0.0414732757
0.0388099858
0.0363177244
0.0339855086
0.0318030607
0.0297607632
0.0278496158
0.0260611967
0.0243876245
0.0228215240
0.0213559939
0.0199845758
0.0187012260
0.0175002891
0.0163764728
0.0153248246
0.0143407102
0.0134197926
0.0125580136
0.0117515755
0.0109969244
0.0102907347
0.0096298945
0.0090114914
0.0084328004
0.0078912711
0.0073845172
0.0069103056
0.0064665464
0.0060512841
0.0056626887
0.0052990478
0.0049587587
0.0046403221
0.0043423344
0.0040634827
0.0038025380
0.0035583503
0.0033298437
0.0031160111
0.1454071281
