0.0607868779
0.0566812729
0.0528529644
0.0492832236
0.0459545866
0.0428507690
0.0399565863
0.0372578795
0.0347414460
0.0323949748
0.0302069866
0.0281667773
0.0262643657
0.0244904448
0.0228363363
0.0212939478
0.0198557338
0.0185146582
0.0172641601
0.0160981219
0.0150108390
0.0139969923
0.0130516218
0.0121701025
0.0113481220
0.0105816587
0.0098669632
0.0092005389
0.0085791255
0.0079996830
0.0074593766
0.0069555630
0.0064857775
0.0060477218
0.0056392527
0.0052583721
0.0049032165
0.0045720485
0.0042632479
0.0039753040
0.0037068081
0.0034564466
0.1477191043
