0.0454446358
0.0431499525
0.0409711371
0.0389023389
0.0369380026
0.0350728537
0.0333018836
0.0316203370
0.0300236984
0.0285076806
0.0270682126
0.0257014292
0.0244036602
0.0231714209
0.0220014022
0.0208904625
0.0198356187
0.0188340382
0.0178830315
0.0169800450
0.0161226539
0.0153085560
0.0145355652
0.0138016058
0.0131047069
0.0124429973
0.0118147001
0.0112181282
0.0106516796
0.0101138332
0.0096031450
0.0091182434
0.0086578264
0.0082206578
0.0078055636
0.0074114291
0.0070371961
0.0066818597
0.0063444656
0.0060241079
0.0057199263
0.0054311042
0.0051568658
0.0048964748
0.0046492320
0.0044144735
0.0041915689
0.0039799196
0.0037789574
0.0035881426
0.0034069628
0.0032349315
0.0030715867
0.0029164899
0.0027692245
0.0026293952
0.0024966264
0.1469473559
