0.0638020632
0.0592790596
0.0550766970
0.0511722449
0.0475445840
0.0441740923
0.0410425387
0.0381329846
0.0354296923
0.0329180396
0.0305844409
0.0284162737
0.0264018105
0.0245301550
0.0227911833
0.0211754894
0.0196743339
0.0182795972
0.0169837349
0.0157797379
0.0146610936
0.0136217514
0.0126560893
0.0117588842
0.0109252830
0.0101507768
0.0094311762
0.0087625890
0.0081413987
0.0075642454
0.0070280071
0.0065297833
0.0060668793
0.0056367910
0.0052371923
0.0048659215
0.0045209706
0.0042004737
0.0039026971
0.0036260303
0.1475232133
