0.0469455877
0.0444968231
0.0421757903
0.0399758266
0.0378906170
0.0359141756
0.0340408288
0.0322651991
0.0305821894
0.0289869685
0.0274749571
0.0260418148
0.0246834278
0.0233958967
0.0221755254
0.0210188109
0.0199224327
0.0188832434
0.0178982601
0.0169646553
0.0160797490
0.0152410009
0.0144460034
0.0136924744
0.0129782508
0.0123012823
0.0116596257
0.0110514391
0.0104749765
0.0099285833
0.0094106908
0.0089198126
0.0084545394
0.0080135357
0.0075955356
0.0071993390
0.0068238088
0.0064678669
0.0061304916
0.0058107143
0.0055076172
0.0052203302
0.0049480285
0.0046899306
0.0044452956
0.0042134211
0.0039936417
0.0037853263
0.0035878770
0.0034007270
0.0032233391
0.0030552040
0.0028958392
0.0027447871
0.0026016142
0.0024659094
0.1448083615
