0.0565845175
0.0530269535
0.0496930595
0.0465687731
0.0436409158
0.0408971378
0.0383258658
0.0359162540
0.0336581386
0.0315419946
0.0295588962
0.0277004786
0.0259589028
0.0243268228
0.0227973544
0.0213640463
0.0200208527
0.0187621080
0.0175825026
0.0164770610
0.0154411204
0.0144703111
0.0135605383
0.0127079644
0.0119089932
0.0111602547
0.0104585907
0.0098010415
0.0091848335
0.0086073675
0.0080662078
0.0075590717
0.0070838201
0.0066384484
0.0062210780
0.0058299483
0.0054634096
0.0051199158
0.0047980181
0.0044963586
0.0042136650
0.0039487447
0.0037004805
0.0034678251
0.0032497970
0.0030454768
0.1453940835
