0.0103765177
0.0102568821
0.0101386257
0.0100217328
0.0099061876
0.0097919745
0.0096790783
0.0095674837
0.0094571758
0.0093481396
0.0092403606
0.0091338242
0.0090285161
0.0089244221
0.0088215283
0.0087198208
0.0086192859
0.0085199102
0.0084216802
0.0083245827
0.0082286048
0.0081337334
0.0080399558
0.0079472594
0.0078556317
0.0077650605
0.0076755335
0.0075870387
0.0074995643
0.0074130983
0.0073276292
0.0072431456
0.0071596360
0.0070770892
0.0069954942
0.0069148399
0.0068351155
0.0067563103
0.0066784136
0.0066014151
0.0065253043
0.0064500711
0.0063757052
0.0063021967
0.0062295358
0.0061577126
0.0060867175
0.0060165409
0.0059471734
0.0058786057
0.0058108285
0.0057438327
0.0056776094
0.0056121496
0.0055474446
0.0054834855
0.0054202638
0.0053577711
0.0052959989
0.0052349388
0.0051745828
0.0051149226
0.0050559503
0.0049976579
0.0049400376
0.0048830816
0.0048267823
0.0047711321
0.0047161235
0.0046617491
0.0046080016
0.0045548739
0.0045023586
0.0044504488
0.0043991375
0.0043484178
0.0042982829
0.0042487260
0.0041997405
0.0041513197
0.0041034572
0.0040561466
0.0040093814
0.0039631553
0.0039174623
0.0038722960
0.0038276505
0.0037835198
0.0037398978
0.0036967788
0.0036541569
0.0036120265
0.0035703817
0.0035292171
0.0034885272
0.0034483063
0.0034085492
0.0033692504
0.0033304048
0.0032920070
0.0032540519
0.0032165345
0.0031794495
0.0031427922
0.0031065575
0.0030707405
0.0030353365
0.0030003407
0.0029657484
0.0029315549
0.0028977557
0.0028643461
0.0028313217
0.0027986781
0.0027664108
0.0027345156
0.0027029881
0.0026718241
0.0026410194
0.0026105699
0.0025804714
0.0025507199
0.0025213115
0.0024922421
0.0024635079
0.0024351050
0.0024070295
0.0023792778
0.0023518460
0.0023247305
0.0022979276
0.0022714337
0.0022452453
0.0022193588
0.0021937708
0.0021684778
0.0021434764
0.0021187633
0.0020943351
0.0020701885
0.0020463203
0.0020227274
0.0019994064
0.0019763543
0.0019535680
0.0019310444
0.0019087805
0.0018867733
0.0018650198
0.0018435171
0.0018222624
0.0018012526
0.0017804852
0.0017599571
0.0017396658
0.0017196084
0.0016997822
0.0016801846
0.0016608130
0.0016416647
0.0016227372
0.0016040279
0.0015855343
0.0015672540
0.0015491844
0.0015313231
0.0015136678
0.0014962160
0.0014789654
0.0014619137
0.0014450586
0.0014283979
0.0014119292
0.0013956504
0.0013795593
0.0013636538
0.0013479316
0.0013323906
0.0013170289
0.0013018442
0.0012868347
0.0012719982
0.0012573327
0.0012428363
0.0012285071
0.0012143431
0.0012003423
0.0011865030
0.0011728233
0.0011593013
0.0011459352
0.0011327231
0.0011196634
0.0011067543
0.0010939940
0.0010813809
0.0010689131
0.0010565891
0.0010444072
0.0010323658
0.0010204631
0.0010086978
0.0009970680
0.0009855724
0.0009742092
0.0009629771
0.0009518745
0.0009408999
0.0009300518
0.0009193288
0.0009087295
0.0008982523
0.0008878959
0.0008776590
0.0008675400
0.0008575378
0.0008476508
0.0008378779
0.0008282176
0.0008186687
0.0008092299
0.0007998999
0.0007906774
0.0007815614
0.0007725504
0.0007636433
0.0007548389
0.0007461360
0.0007375335
0.0007290301
0.0007206248
0.0007123163
0.0007041037
0.0006959858
0.0006879614
0.0006800296
0.0006721892
0.0006644393
0.0006567786
0.0006492063
0.0006417213
0.0006343226
0.0006270092
0.0006197801
0.0006126344
0.0006055711
0.0005985891
0.0005916877
0.0005848659
0.0005781227
0.0005714573
0.0005648687
0.0005583560
0.0005519185
0.0005455552
0.0005392652
0.0005330478
0.0005269020
0.1451735742
