0.0122225361
0.0120565468
0.0118928117
0.0117313002
0.0115719822
0.0114148277
0.0112598076
0.0111068927
0.0109560545
0.0108072647
0.0106604956
0.0105157198
0.0103729100
0.0102320397
0.0100930825
0.0099560125
0.0098208039
0.0096874315
0.0095558704
0.0094260960
0.0092980840
0.0091718105
0.0090472518
0.0089243848
0.0088031863
0.0086836338
0.0085657049
0.0084493775
0.0083346299
0.0082214407
0.0081097886
0.0079996529
0.0078910128
0.0077838482
0.0076781389
0.0075738652
0.0074710076
0.0073695468
0.0072694640
0.0071707403
0.0070733574
0.0069772970
0.0068825412
0.0067890722
0.0066968725
0.0066059250
0.0065162126
0.0064277185
0.0063404263
0.0062543195
0.0061693822
0.0060855983
0.0060029522
0.0059214286
0.0058410120
0.0057616876
0.0056834405
0.0056062559
0.0055301197
0.0054550173
0.0053809349
0.0053078586
0.0052357748
0.0051646698
0.0050945305
0.0050253438
0.0049570966
0.0048897763
0.0048233702
0.0047578660
0.0046932513
0.0046295142
0.0045666426
0.0045046249
0.0044434494
0.0043831047
0.0043235795
0.0042648627
0.0042069434
0.0041498106
0.0040934537
0.0040378621
0.0039830256
0.0039289337
0.0038755764
0.0038229438
0.0037710260
0.0037198132
0.0036692959
0.0036194647
0.0035703102
0.0035218232
0.0034739948
0.0034268159
0.0033802777
0.0033343715
0.0032890887
0.0032444210
0.0032003598
0.0031568970
0.0031140244
0.0030717341
0.0030300182
0.0029888687
0.0029482781
0.0029082387
0.0028687431
0.0028297839
0.0027913537
0.0027534455
0.0027160520
0.0026791664
0.0026427818
0.0026068912
0.0025714881
0.0025365657
0.0025021177
0.0024681374
0.0024346186
0.0024015551
0.0023689405
0.0023367689
0.0023050342
0.0022737304
0.0022428518
0.0022123926
0.0021823470
0.0021527094
0.0021234743
0.0020946363
0.0020661899
0.0020381298
0.0020104508
0.0019831476
0.0019562153
0.0019296487
0.0019034430
0.0018775931
0.0018520942
0.0018269417
0.0018021307
0.0017776567
0.0017535151
0.0017297013
0.0017062109
0.0016830396
0.0016601829
0.0016376366
0.0016153965
0.0015934585
0.0015718184
0.0015504722
0.0015294158
0.0015086454
0.0014881571
0.0014679471
0.0014480115
0.0014283466
0.0014089488
0.0013898145
0.0013709399
0.0013523218
0.0013339564
0.0013158405
0.0012979706
0.0012803434
0.0012629556
0.0012458039
0.0012288851
0.0012121961
0.0011957338
0.0011794950
0.0011634768
0.0011476761
0.0011320899
0.0011167155
0.0011015498
0.0010865901
0.0010718336
0.0010572774
0.0010429190
0.0010287555
0.0010147844
0.0010010030
0.0009874088
0.0009739992
0.0009607717
0.0009477239
0.0009348532
0.0009221574
0.0009096339
0.0008972805
0.0008850949
0.0008730748
0.0008612179
0.0008495221
0.0008379851
0.0008266047
0.0008153789
0.0008043056
0.0007933827
0.0007826081
0.0007719798
0.0007614958
0.0007511543
0.0007409531
0.0007308906
0.0007209646
0.0007111735
0.0007015153
0.0006919883
0.0006825907
0.0006733207
0.0006641766
0.0006551567
0.0006462593
0.0006374827
0.0006288253
0.0006202855
0.1450541106
