0.0446187246
0.0424066906
0.0403043212
0.0383061797
0.0364070987
0.0346021672
0.0328867177
0.0312563139
0.0297067396
0.0282339876
0.0268342492
0.0255039048
0.0242395140
0.0230378071
0.0218956765
0.0208101686
0.0197784761
0.0187979313
0.0178659983
0.0169802671
0.0161384472
0.0153383618
0.0145779416
0.0138552203
0.0131683289
0.0125154911
0.0118950186
0.0113053069
0.0107448309
0.0102121413
0.0097058605
0.0092246792
0.0087673532
0.0083326997
0.0079195948
0.0075269701
0.0071538103
0.0067991505
0.0064620733
0.0061417072
0.0058372238
0.0055478354
0.0052727940
0.0050113880
0.0047629416
0.0045268123
0.0043023894
0.0040890926
0.0038863703
0.0036936982
0.0035105781
0.0033365364
0.0031711231
0.0030139103
0.0028644916
0.0027224806
0.0025875099
0.0024592306
0.0023373109
0.1448083615
