0.0176234522
0.0172783565
0.0169400184
0.0166083055
0.0162830881
0.0159642390
0.0156516334
0.0153451492
0.0150446664
0.0147500676
0.0144612374
0.0141780631
0.0139004337
0.0136282408
0.0133613779
0.0130997405
0.0128432265
0.0125917354
0.0123451689
0.0121034305
0.0118664258
0.0116340621
0.0114062484
0.0111828956
0.0109639165
0.0107492253
0.0105387381
0.0103323726
0.0101300481
0.0099316854
0.0097372070
0.0095465368
0.0093596002
0.0091763241
0.0089966369
0.0088204682
0.0086477492
0.0084784123
0.0083123913
0.0081496213
0.0079900386
0.0078335807
0.0076801866
0.0075297961
0.0073823506
0.0072377922
0.0070960646
0.0069571122
0.0068208807
0.0066873169
0.0065563684
0.0064279841
0.0063021138
0.0061787083
0.0060577192
0.0059390993
0.0058228021
0.0057087823
0.0055969951
0.0054873969
0.0053799448
0.0052745968
0.0051713117
0.0050700491
0.0049707693
0.0048734337
0.0047780040
0.0046844429
0.0045927140
0.0045027812
0.0044146095
0.0043281643
0.0042434119
0.0041603190
0.0040788533
0.0039989828
0.0039206762
0.0038439030
0.0037686332
0.0036948373
0.0036224864
0.0035515523
0.0034820072
0.0034138239
0.0033469757
0.0032814365
0.0032171807
0.0031541831
0.0030924191
0.0030318645
0.0029724957
0.0029142895
0.0028572230
0.0028012739
0.0027464205
0.0026926411
0.0026399149
0.0025882211
0.0025375395
0.0024878504
0.0024391343
0.0023913721
0.0023445452
0.0022986352
0.0022536242
0.0022094946
0.0021662292
0.0021238109
0.0020822233
0.0020414500
0.0020014751
0.0019622830
0.0019238583
0.0018861860
0.0018492515
0.0018130402
0.0017775379
0.0017427308
0.0017086054
0.0016751481
0.0016423460
0.0016101862
0.0015786562
0.0015477435
0.0015174362
0.0014877224
0.0014585904
0.0014300288
0.0014020265
0.0013745726
0.0013476563
0.0013212670
0.0012953944
0.0012700285
0.0012451593
0.0012207771
0.0011968723
0.0011734356
0.0011504578
0.0011279300
0.0011058433
0.0010841891
0.0010629590
0.0010421445
0.0010217376
0.0010017304
0.0009821149
0.0009628835
0.0009440287
0.0009255431
0.0009074194
0.1454329619
