0.0580437135
0.0543002994
0.0507983094
0.0475221732
0.0444573250
0.0415901381
0.0389078647
0.0363985792
0.0340511251
0.0318550654
0.0298006361
0.0278787033
0.0260807216
0.0243986973
0.0228251517
0.0213530889
0.0199759638
0.0186876537
0.0174824305
0.0163549359
0.0153001568
0.0143134035
0.0133902890
0.0125267089
0.0117188236
0.0109630414
0.0102560018
0.0095945613
0.0089757791
0.0083969041
0.0078553624
0.0073487464
0.0068748036
0.0064314268
0.0060166447
0.0056286131
0.0052656069
0.0049260120
0.0046083187
0.0043111143
0.0040330775
0.0037729722
0.0035296419
0.0033020046
0.0030890484
0.1448083615
