0.0556517938
0.0522105470
0.0489820908
0.0459532672
0.0431117319
0.0404459039
0.0379449182
0.0355985818
0.0333973319
0.0313321970
0.0293947603
0.0275771257
0.0258718852
0.0242720887
0.0227712162
0.0213631506
0.0200421532
0.0188028401
0.0176401604
0.0165493753
0.0155260393
0.0145659815
0.0136652893
0.0128202917
0.0120275448
0.0112838176
0.0105860791
0.0099314854
0.0093173688
0.0087412262
0.0082007097
0.0076936161
0.0072178788
0.0067715589
0.0063528374
0.0059600076
0.0055914686
0.0052457183
0.0049213476
0.0046170345
0.0043315386
0.0040636965
0.0038124165
0.0035766745
0.0033555097
0.0031480206
0.0029533618
0.1448083615
