0.0108432415
0.0107126017
0.0105835357
0.0104560248
0.0103300501
0.0102055932
0.0100826358
0.0099611597
0.0098411472
0.0097225806
0.0096054425
0.0094897157
0.0093753831
0.0092624281
0.0091508339
0.0090405843
0.0089316629
0.0088240538
0.0087177412
0.0086127095
0.0085089431
0.0084064270
0.0083051460
0.0082050852
0.0081062299
0.0080085657
0.0079120781
0.0078167531
0.0077225765
0.0076295345
0.0075376135
0.0074468000
0.0073570806
0.0072684422
0.0071808716
0.0070943562
0.0070088830
0.0069244397
0.0068410137
0.0067585929
0.0066771650
0.0065967182
0.0065172407
0.0064387207
0.0063611467
0.0062845073
0.0062087912
0.0061339874
0.0060600849
0.0059870727
0.0059149402
0.0058436767
0.0057732718
0.0057037152
0.0056349965
0.0055671058
0.0055000331
0.0054337684
0.0053683021
0.0053036246
0.0052397263
0.0051765978
0.0051142299
0.0050526134
0.0049917393
0.0049315986
0.0048721825
0.0048134822
0.0047554892
0.0046981948
0.0046415907
0.0045856686
0.0045304203
0.0044758376
0.0044219125
0.0043686371
0.0043160035
0.0042640041
0.0042126312
0.0041618772
0.0041117347
0.0040621964
0.0040132548
0.0039649030
0.0039171336
0.0038699398
0.0038233146
0.0037772511
0.0037317426
0.0036867824
0.0036423639
0.0035984805
0.0035551259
0.0035122936
0.0034699773
0.0034281708
0.0033868681
0.0033460629
0.0033057494
0.0032659216
0.0032265736
0.0031876997
0.0031492942
0.0031113513
0.0030738656
0.0030368315
0.0030002436
0.0029640966
0.0029283850
0.0028931037
0.0028582474
0.0028238111
0.0027897897
0.0027561782
0.0027229717
0.0026901652
0.0026577539
0.0026257332
0.0025940982
0.0025628444
0.0025319672
0.0025014619
0.0024713242
0.0024415495
0.0024121336
0.0023830721
0.0023543608
0.0023259953
0.0022979716
0.0022702856
0.0022429331
0.0022159101
0.0021892127
0.0021628370
0.0021367790
0.0021110350
0.0020856012
0.0020604737
0.0020356491
0.0020111235
0.0019868934
0.0019629552
0.0019393054
0.0019159406
0.0018928572
0.0018700520
0.0018475215
0.0018252625
0.0018032716
0.0017815457
0.0017600816
0.0017388760
0.0017179260
0.0016972283
0.0016767801
0.0016565781
0.0016366196
0.0016169015
0.0015974210
0.0015781752
0.0015591613
0.0015403764
0.0015218179
0.0015034830
0.0014853690
0.0014674732
0.0014497930
0.0014323258
0.0014150691
0.0013980203
0.0013811768
0.0013645364
0.0013480964
0.0013318544
0.0013158082
0.0012999553
0.0012842934
0.0012688201
0.0012535333
0.0012384307
0.0012235100
0.0012087691
0.0011942058
0.0011798180
0.0011656035
0.0011515602
0.0011376862
0.0011239793
0.0011104375
0.0010970589
0.0010838415
0.0010707833
0.0010578825
0.0010451371
0.0010325452
0.0010201051
0.0010078148
0.0009956726
0.0009836767
0.0009718253
0.0009601167
0.0009485492
0.0009371210
0.0009258305
0.0009146761
0.0009036560
0.0008927687
0.0008820126
0.0008713861
0.0008608876
0.0008505156
0.0008402685
0.0008301449
0.0008201433
0.0008102622
0.0008005001
0.0007908556
0.0007813274
0.0007719139
0.0007626139
0.0007534258
0.0007443485
0.0007353806
0.0007265207
0.0007177675
0.0007091198
0.0007005763
0.0006921358
0.0006837969
0.0006755585
0.0006674193
0.0006593782
0.0006514340
0.0006435855
0.0006358315
0.0006281710
0.0006206028
0.0006131257
0.0006057387
0.0005984408
0.0005912307
0.0005841076
0.0005770702
0.0005701176
0.0005632488
0.0005564628
0.0005497585
0.1450807520
