0.0609239841
0.0567998376
0.0529548683
0.0493701776
0.0460281466
0.0429123488
0.0400074696
0.0372992313
0.0347743227
0.0324203335
0.0302256936
0.0281796162
0.0262720445
0.0244936027
0.0228355496
0.0212897355
0.0198485627
0.0185049477
0.0172522864
0.0160844220
0.0149956141
0.0139805113
0.0130341241
0.0121518010
0.0113292053
0.0105622939
0.0098472972
0.0091807010
0.0085592289
0.0079798263
0.0074396454
0.0069360311
0.0064665082
0.0060287688
0.0056206615
0.0052401802
0.0048854551
0.0045547424
0.0042464168
0.0039589628
0.0036909675
0.0034411136
0.1473927626
