0.0124135949
0.0122423757
0.0120735180
0.0119069894
0.0117427577
0.0115807912
0.0114210587
0.0112635294
0.0111081728
0.0109549591
0.0108038586
0.0106548422
0.0105078812
0.0103629473
0.0102200123
0.0100790489
0.0099400298
0.0098029281
0.0096677175
0.0095343718
0.0094028653
0.0092731727
0.0091452689
0.0090191292
0.0088947294
0.0087720455
0.0086510537
0.0085317307
0.0084140535
0.0082979995
0.0081835461
0.0080706714
0.0079593536
0.0078495712
0.0077413030
0.0076345281
0.0075292259
0.0074253762
0.0073229588
0.0072219541
0.0071223426
0.0070241049
0.0069272223
0.0068316759
0.0067374474
0.0066445186
0.0065528715
0.0064624885
0.0063733521
0.0062854452
0.0061987508
0.0061132522
0.0060289328
0.0059457764
0.0058637670
0.0057828888
0.0057031261
0.0056244635
0.0055468860
0.0054703784
0.0053949261
0.0053205145
0.0052471293
0.0051747563
0.0051033814
0.0050329911
0.0049635716
0.0048951097
0.0048275920
0.0047610056
0.0046953376
0.0046305754
0.0045667064
0.0045037183
0.0044415991
0.0043803366
0.0043199191
0.0042603350
0.0042015727
0.0041436209
0.0040864684
0.0040301042
0.0039745175
0.0039196974
0.0038656335
0.0038123153
0.0037597324
0.0037078749
0.0036567326
0.0036062957
0.0035565545
0.0035074994
0.0034591208
0.0034114096
0.0033643564
0.0033179522
0.0032721881
0.0032270552
0.0031825448
0.0031386483
0.0030953573
0.0030526634
0.0030105584
0.0029690341
0.0029280826
0.0028876959
0.0028478662
0.0028085859
0.0027698474
0.0027316432
0.0026939660
0.0026568084
0.0026201634
0.0025840238
0.0025483827
0.0025132331
0.0024785684
0.0024443818
0.0024106667
0.0023774167
0.0023446252
0.0023122861
0.0022803930
0.0022489398
0.0022179204
0.0021873289
0.0021571593
0.0021274059
0.0020980628
0.0020691245
0.0020405853
0.0020124398
0.0019846824
0.0019573079
0.0019303110
0.0019036864
0.0018774291
0.0018515340
0.0018259960
0.0018008102
0.0017759718
0.0017514761
0.0017273182
0.0017034935
0.0016799974
0.0016568254
0.0016339730
0.0016114358
0.0015892094
0.0015672897
0.0015456722
0.0015243529
0.0015033277
0.0014825925
0.0014621433
0.0014419761
0.0014220871
0.0014024724
0.0013831283
0.0013640509
0.0013452367
0.0013266821
0.0013083833
0.0012903369
0.0012725394
0.0012549874
0.0012376776
0.0012206064
0.0012037707
0.0011871673
0.0011707928
0.0011546442
0.0011387183
0.0011230121
0.0011075225
0.0010922466
0.0010771814
0.0010623239
0.0010476714
0.0010332210
0.0010189699
0.0010049154
0.0009910547
0.0009773852
0.0009639042
0.0009506092
0.0009374976
0.0009245668
0.0009118143
0.0008992378
0.0008868347
0.0008746027
0.0008625394
0.0008506425
0.0008389097
0.0008273387
0.0008159273
0.0008046733
0.0007935746
0.0007826289
0.0007718342
0.0007611884
0.0007506894
0.0007403352
0.0007301239
0.0007200533
0.0007101217
0.0007003271
0.0006906676
0.0006811413
0.0006717464
0.0006624811
0.0006533435
0.0006443320
0.0006354448
0.0006266802
0.1448083615
