0.0117850771
0.0116307571
0.0114784578
0.0113281528
0.0111798159
0.0110334215
0.0108889440
0.0107463584
0.0106056399
0.0104667640
0.0103297067
0.0101944440
0.0100609526
0.0099292091
0.0097991908
0.0096708750
0.0095442394
0.0094192621
0.0092959213
0.0091741956
0.0090540638
0.0089355051
0.0088184988
0.0087030247
0.0085890627
0.0084765930
0.0083655960
0.0082560524
0.0081479433
0.0080412498
0.0079359534
0.0078320358
0.0077294790
0.0076282651
0.0075283766
0.0074297960
0.0073325063
0.0072364906
0.0071417321
0.0070482145
0.0069559215
0.0068648369
0.0067749451
0.0066862304
0.0065986774
0.0065122708
0.0064269957
0.0063428372
0.0062597807
0.0061778118
0.0060969163
0.0060170800
0.0059382892
0.0058605301
0.0057837892
0.0057080532
0.0056333089
0.0055595434
0.0054867438
0.0054148974
0.0053439919
0.0052740148
0.0052049541
0.0051367977
0.0050695337
0.0050031505
0.0049376366
0.0048729806
0.0048091712
0.0047461974
0.0046840482
0.0046227127
0.0045621805
0.0045024409
0.0044434835
0.0043852982
0.0043278748
0.0042712033
0.0042152739
0.0041600769
0.0041056026
0.0040518417
0.0039987847
0.0039464225
0.0038947460
0.0038437461
0.0037934140
0.0037437411
0.0036947185
0.0036463379
0.0035985909
0.0035514690
0.0035049642
0.0034590683
0.0034137734
0.0033690717
0.0033249553
0.0032814165
0.0032384479
0.0031960420
0.0031541913
0.0031128887
0.0030721269
0.0030318988
0.0029921975
0.0029530161
0.0029143477
0.0028761857
0.0028385234
0.0028013543
0.0027646719
0.0027284698
0.0026927418
0.0026574816
0.0026226831
0.0025883403
0.0025544472
0.0025209979
0.0024879866
0.0024554076
0.0024232552
0.0023915238
0.0023602079
0.0023293021
0.0022988010
0.0022686993
0.0022389917
0.0022096732
0.0021807386
0.0021521828
0.0021240010
0.0020961882
0.0020687396
0.0020416504
0.0020149160
0.0019885316
0.0019624927
0.0019367948
0.0019114334
0.0018864040
0.0018617025
0.0018373243
0.0018132654
0.0017895216
0.0017660886
0.0017429625
0.0017201393
0.0016976149
0.0016753854
0.0016534470
0.0016317959
0.0016104283
0.0015893405
0.0015685288
0.0015479897
0.0015277195
0.0015077147
0.0014879719
0.0014684876
0.0014492584
0.0014302811
0.0014115522
0.0013930686
0.0013748270
0.0013568243
0.0013390573
0.0013215230
0.0013042183
0.0012871402
0.0012702857
0.0012536519
0.0012372359
0.0012210349
0.0012050460
0.0011892665
0.0011736936
0.0011583246
0.0011431569
0.0011281878
0.0011134147
0.0010988351
0.0010844463
0.0010702460
0.0010562317
0.0010424008
0.0010287511
0.0010152800
0.0010019854
0.0009888649
0.0009759162
0.0009631370
0.0009505252
0.0009380785
0.0009257948
0.0009136720
0.0009017079
0.0008899004
0.0008782476
0.0008667474
0.0008553977
0.0008441967
0.0008331423
0.0008222327
0.0008114660
0.0008008402
0.0007903536
0.0007800043
0.0007697905
0.0007597104
0.0007497624
0.0007399446
0.0007302554
0.0007206930
0.0007112559
0.0007019423
0.0006927507
0.0006836795
0.0006747270
0.0006658918
0.0006571722
0.0006485669
0.0006400742
0.0006316927
0.0006234210
0.0006152576
0.0006072011
0.0005992501
0.1451641385
