0.0104407175
0.0103195968
0.0101998813
0.0100815545
0.0099646005
0.0098490032
0.0097347469
0.0096218160
0.0095101953
0.0093998695
0.0092908235
0.0091830425
0.0090765119
0.0089712171
0.0088671439
0.0087642779
0.0086626053
0.0085621122
0.0084627849
0.0083646098
0.0082675737
0.0081716632
0.0080768654
0.0079831673
0.0078905562
0.0077990195
0.0077085446
0.0076191194
0.0075307315
0.0074433690
0.0073570200
0.0072716727
0.0071873155
0.0071039369
0.0070215256
0.0069400703
0.0068595600
0.0067799836
0.0067013304
0.0066235896
0.0065467507
0.0064708032
0.0063957367
0.0063215410
0.0062482061
0.0061757219
0.0061040787
0.0060332665
0.0059632758
0.0058940970
0.0058257208
0.0057581378
0.0056913388
0.0056253147
0.0055600566
0.0054955555
0.0054318027
0.0053687894
0.0053065072
0.0052449475
0.0051841019
0.0051239622
0.0050645202
0.0050057677
0.0049476968
0.0048902996
0.0048335682
0.0047774949
0.0047220722
0.0046672924
0.0046131481
0.0045596319
0.0045067365
0.0044544548
0.0044027796
0.0043517038
0.0043012206
0.0042513230
0.0042020042
0.0041532576
0.0041050765
0.0040574544
0.0040103847
0.0039638610
0.0039178771
0.0038724266
0.0038275033
0.0037831013
0.0037392143
0.0036958364
0.0036529617
0.0036105845
0.0035686988
0.0035272991
0.0034863796
0.0034459348
0.0034059592
0.0033664474
0.0033273939
0.0032887935
0.0032506409
0.0032129308
0.0031756583
0.0031388181
0.0031024053
0.0030664149
0.0030308421
0.0029956819
0.0029609296
0.0029265804
0.0028926298
0.0028590730
0.0028259054
0.0027931227
0.0027607202
0.0027286937
0.0026970387
0.0026657509
0.0026348260
0.0026042599
0.0025740485
0.0025441874
0.0025146728
0.0024855006
0.0024566668
0.0024281675
0.0023999989
0.0023721570
0.0023446381
0.0023174384
0.0022905542
0.0022639820
0.0022377180
0.0022117587
0.0021861005
0.0021607400
0.0021356737
0.0021108982
0.0020864101
0.0020622061
0.0020382828
0.0020146371
0.0019912657
0.0019681655
0.0019453332
0.0019227658
0.0019004601
0.0018784133
0.0018566222
0.0018350839
0.0018137955
0.0017927540
0.0017719566
0.0017514005
0.0017310829
0.0017110009
0.0016911519
0.0016715332
0.0016521421
0.0016329760
0.0016140321
0.0015953081
0.0015768012
0.0015585091
0.0015404291
0.0015225589
0.0015048960
0.0014874380
0.0014701826
0.0014531273
0.0014362698
0.0014196080
0.0014031394
0.0013868618
0.0013707731
0.0013548711
0.0013391535
0.0013236182
0.0013082632
0.0012930863
0.0012780855
0.0012632587
0.0012486039
0.0012341191
0.0012198023
0.0012056516
0.0011916651
0.0011778408
0.0011641769
0.0011506716
0.0011373229
0.0011241290
0.0011110882
0.0010981987
0.0010854587
0.0010728665
0.0010604204
0.0010481187
0.0010359597
0.0010239417
0.0010120632
0.0010003225
0.0009887179
0.0009772480
0.0009659111
0.0009547058
0.0009436305
0.0009326836
0.0009218637
0.0009111694
0.0009005991
0.0008901514
0.0008798249
0.0008696183
0.0008595300
0.0008495588
0.0008397032
0.0008299620
0.0008203338
0.0008108172
0.0008014111
0.0007921141
0.0007829250
0.0007738424
0.0007648652
0.0007559922
0.0007472221
0.0007385537
0.0007299859
0.0007215175
0.0007131473
0.0007048742
0.0006966971
0.0006886149
0.0006806264
0.0006727306
0.0006649264
0.0006572127
0.0006495885
0.0006420527
0.0006346044
0.0006272425
0.0006199660
0.0006127739
0.0006056652
0.0005986390
0.0005916943
0.0005848302
0.0005780457
0.0005713399
0.0005647119
0.0005581608
0.0005516857
0.0005452857
0.0005389600
0.0005327076
0.0005265278
0.1448606772
