0.0117902233
0.0116357684
0.0114833370
0.0113329024
0.0111844386
0.0110379197
0.0108933202
0.0107506150
0.0106097793
0.0104707885
0.0103336186
0.0101982456
0.0100646461
0.0099327967
0.0098026746
0.0096742571
0.0095475220
0.0094224471
0.0092990107
0.0091771913
0.0090569678
0.0089383193
0.0088212251
0.0087056649
0.0085916185
0.0084790662
0.0083679883
0.0082583656
0.0081501789
0.0080434096
0.0079380389
0.0078340486
0.0077314207
0.0076301371
0.0075301804
0.0074315332
0.0073341783
0.0072380987
0.0071432778
0.0070496991
0.0069573463
0.0068662034
0.0067762544
0.0066874838
0.0065998761
0.0065134161
0.0064280887
0.0063438791
0.0062607727
0.0061787551
0.0060978118
0.0060179290
0.0059390926
0.0058612890
0.0057845047
0.0057087263
0.0056339405
0.0055601345
0.0054872954
0.0054154104
0.0053444672
0.0052744534
0.0052053567
0.0051371653
0.0050698671
0.0050034506
0.0049379042
0.0048732164
0.0048093760
0.0047463720
0.0046841934
0.0046228293
0.0045622691
0.0045025022
0.0044435183
0.0043853071
0.0043278585
0.0042711625
0.0042152092
0.0041599889
0.0041054920
0.0040517091
0.0039986307
0.0039462476
0.0038945508
0.0038435312
0.0037931800
0.0037434884
0.0036944478
0.0036460496
0.0035982854
0.0035511470
0.0035046261
0.0034587146
0.0034134046
0.0033686882
0.0033245575
0.0032810050
0.0032380230
0.0031956041
0.0031537409
0.0031124261
0.0030716526
0.0030314131
0.0029917009
0.0029525089
0.0029138303
0.0028756584
0.0028379865
0.0028008082
0.0027641169
0.0027279063
0.0026921700
0.0026569019
0.0026220959
0.0025877458
0.0025538457
0.0025203896
0.0024873719
0.0024547867
0.0024226284
0.0023908914
0.0023595701
0.0023286592
0.0022981531
0.0022680468
0.0022383348
0.0022090120
0.0021800734
0.0021515139
0.0021233286
0.0020955124
0.0020680607
0.0020409686
0.0020142314
0.0019878445
0.0019618032
0.0019361031
0.0019107397
0.0018857085
0.0018610053
0.0018366256
0.0018125654
0.0017888203
0.0017653863
0.0017422593
0.0017194353
0.0016969103
0.0016746803
0.0016527416
0.0016310903
0.0016097226
0.0015886348
0.0015678233
0.0015472844
0.0015270146
0.0015070104
0.0014872682
0.0014677846
0.0014485562
0.0014295798
0.0014108519
0.0013923694
0.0013741290
0.0013561276
0.0013383620
0.0013208291
0.0013035259
0.0012864494
0.0012695966
0.0012529646
0.0012365504
0.0012203513
0.0012043644
0.0011885869
0.0011730162
0.0011576494
0.0011424839
0.0011275170
0.0011127463
0.0010981690
0.0010837827
0.0010695849
0.0010555731
0.0010417448
0.0010280977
0.0010146294
0.0010013375
0.0009882197
0.0009752738
0.0009624975
0.0009498885
0.0009374447
0.0009251640
0.0009130441
0.0009010830
0.0008892786
0.0008776288
0.0008661317
0.0008547851
0.0008435872
0.0008325360
0.0008216296
0.0008108660
0.0008002435
0.0007897601
0.0007794140
0.0007692035
0.0007591268
0.0007491820
0.0007393676
0.0007296817
0.0007201226
0.0007106889
0.0007013787
0.0006921904
0.0006831226
0.0006741735
0.0006653416
0.0006566255
0.0006480235
0.0006395343
0.0006311562
0.0006228879
0.0006147279
0.0006066748
0.0005987272
0.1451047774
