0.0077652665
0.0076982673
0.0076318460
0.0075659979
0.0075007179
0.0074360012
0.0073718428
0.0073082380
0.0072451820
0.0071826700
0.0071206974
0.0070592595
0.0069983517
0.0069379694
0.0068781081
0.0068187632
0.0067599305
0.0067016053
0.0066437833
0.0065864603
0.0065296318
0.0064732937
0.0064174416
0.0063620714
0.0063071790
0.0062527602
0.0061988109
0.0061453271
0.0060923048
0.0060397399
0.0059876286
0.0059359669
0.0058847510
0.0058339769
0.0057836409
0.0057337392
0.0056842681
0.0056352238
0.0055866027
0.0055384011
0.0054906153
0.0054432419
0.0053962772
0.0053497177
0.0053035600
0.0052578005
0.0052124358
0.0051674625
0.0051228772
0.0050786767
0.0050348575
0.0049914164
0.0049483500
0.0049056553
0.0048633290
0.0048213678
0.0047797687
0.0047385285
0.0046976441
0.0046571125
0.0046169306
0.0045770954
0.0045376038
0.0044984531
0.0044596401
0.0044211620
0.0043830159
0.0043451989
0.0043077082
0.0042705409
0.0042336944
0.0041971658
0.0041609523
0.0041250513
0.0040894601
0.0040541759
0.0040191962
0.0039845183
0.0039501395
0.0039160574
0.0038822694
0.0038487729
0.0038155654
0.0037826444
0.0037500075
0.0037176521
0.0036855760
0.0036537765
0.0036222515
0.0035909984
0.0035600150
0.0035292990
0.0034988479
0.0034686596
0.0034387317
0.0034090621
0.0033796485
0.0033504886
0.0033215803
0.0032929215
0.0032645099
0.0032363435
0.0032084201
0.0031807376
0.0031532940
0.0031260871
0.0030991150
0.0030723756
0.0030458669
0.0030195870
0.0029935337
0.0029677053
0.0029420997
0.0029167151
0.0028915494
0.0028666009
0.0028418677
0.0028173479
0.0027930396
0.0027689410
0.0027450504
0.0027213659
0.0026978857
0.0026746082
0.0026515315
0.0026286539
0.0026059736
0.0025834891
0.0025611986
0.0025391004
0.0025171928
0.0024954743
0.0024739432
0.0024525978
0.0024314366
0.0024104580
0.0023896604
0.0023690422
0.0023486019
0.0023283380
0.0023082489
0.0022883332
0.0022685893
0.0022490157
0.0022296111
0.0022103738
0.0021913025
0.0021723958
0.0021536522
0.0021350704
0.0021166488
0.0020983862
0.0020802812
0.0020623324
0.0020445384
0.0020268980
0.0020094098
0.0019920724
0.0019748847
0.0019578452
0.0019409528
0.0019242061
0.0019076039
0.0018911450
0.0018748280
0.0018586519
0.0018426153
0.0018267171
0.0018109560
0.0017953310
0.0017798407
0.0017644841
0.0017492600
0.0017341673
0.0017192047
0.0017043713
0.0016896659
0.0016750873
0.0016606345
0.0016463065
0.0016321020
0.0016180201
0.0016040597
0.0015902198
0.0015764992
0.0015628971
0.0015494123
0.0015360438
0.0015227907
0.0015096520
0.0014966266
0.0014837136
0.0014709120
0.0014582209
0.0014456392
0.0014331661
0.0014208007
0.0014085419
0.0013963889
0.0013843408
0.0013723966
0.0013605554
0.0013488165
0.0013371788
0.0013256415
0.0013142038
0.0013028647
0.0012916235
0.0012804793
0.0012694312
0.0012584785
0.0012476202
0.0012368557
0.0012261840
0.0012156044
0.0012051160
0.0011947182
0.0011844101
0.0011741909
0.0011640599
0.0011540163
0.0011440594
0.0011341883
0.0011244025
0.0011147011
0.0011050833
0.0010955486
0.0010860961
0.0010767252
0.0010674351
0.0010582252
0.0010490948
0.0010400431
0.0010310695
0.0010221734
0.0010133540
0.0010046107
0.0009959429
0.0009873498
0.0009788309
0.0009703854
0.0009620129
0.0009537126
0.0009454839
0.0009373262
0.0009292388
0.0009212213
0.0009132729
0.0009053931
0.0008975813
0.0008898370
0.0008821594
0.0008745480
0.0008670024
0.0008595218
0.0008521058
0.0008447538
0.0008374652
0.0008302395
0.0008230761
0.0008159745
0.0008089342
0.0008019547
0.0007950354
0.0007881757
0.0007813753
0.0007746335
0.0007679499
0.0007613240
0.0007547553
0.0007482432
0.0007417873
0.0007353871
0.0007290421
0.0007227519
0.0007165159
0.0007103338
0.0007042050
0.0006981290
0.0006921055
0.0006861340
0.0006802140
0.0006743450
0.0006685267
0.0006627586
0.0006570403
0.0006513713
0.0006457512
0.0006401796
0.0006346561
0.0006291803
0.0006237516
0.0006183699
0.0006130345
0.0006077452
0.0006025016
0.0005973031
0.0005921495
0.0005870404
0.0005819754
0.0005769541
0.0005719761
0.0005670410
0.0005621486
0.0005572983
0.0005524899
0.0005477230
0.0005429972
0.0005383121
0.0005336676
0.0005290630
0.0005244982
0.0005199728
0.0005154865
0.0005110388
0.0005066295
0.0005022583
0.0004979248
0.0004936286
0.0004893696
0.0004851473
0.0004809614
0.0004768116
0.0004726976
0.0004686192
0.0004645759
0.0004605675
0.0004565937
0.0004526541
0.0004487486
0.0004448768
0.0004410383
0.0004372330
0.0004334606
0.0004297206
0.0004260130
0.0004223373
0.0004186933
0.0004150808
0.0004114995
0.0004079490
0.0004044292
0.0004009398
0.0003974804
0.0003940509
0.0003906510
0.1448860863
