0.0124250199
0.0122534853
0.0120843189
0.0119174878
0.0117529600
0.0115907036
0.0114306873
0.0112728800
0.0111172514
0.0109637713
0.0108124101
0.0106631386
0.0105159278
0.0103707493
0.0102275752
0.0100863776
0.0099471293
0.0098098034
0.0096743734
0.0095408131
0.0094090967
0.0092791987
0.0091510940
0.0090247578
0.0089001658
0.0087772939
0.0086561183
0.0085366156
0.0084187627
0.0083025368
0.0081879155
0.0080748766
0.0079633982
0.0078534589
0.0077450374
0.0076381127
0.0075326641
0.0074286713
0.0073261142
0.0072249730
0.0071252281
0.0070268602
0.0069298503
0.0068341797
0.0067398299
0.0066467827
0.0065550200
0.0064645242
0.0063752777
0.0062872633
0.0062004640
0.0061148630
0.0060304438
0.0059471900
0.0058650856
0.0057841147
0.0057042617
0.0056255111
0.0055478476
0.0054712564
0.0053957225
0.0053212315
0.0052477688
0.0051753203
0.0051038720
0.0050334101
0.0049639210
0.0048953912
0.0048278075
0.0047611568
0.0046954263
0.0046306032
0.0045666751
0.0045036295
0.0044414543
0.0043801374
0.0043196671
0.0042600316
0.0042012194
0.0041432192
0.0040860196
0.0040296098
0.0039739787
0.0039191156
0.0038650100
0.0038116513
0.0037590292
0.0037071336
0.0036559545
0.0036054820
0.0035557062
0.0035066176
0.0034582067
0.0034104642
0.0033633808
0.0033169473
0.0032711550
0.0032259948
0.0031814581
0.0031375362
0.0030942207
0.0030515032
0.0030093754
0.0029678293
0.0029268567
0.0028864497
0.0028466006
0.0028073017
0.0027685452
0.0027303239
0.0026926302
0.0026554569
0.0026187967
0.0025826427
0.0025469879
0.0025118252
0.0024771480
0.0024429496
0.0024092232
0.0023759625
0.0023431610
0.0023108123
0.0022789102
0.0022474485
0.0022164212
0.0021858222
0.0021556457
0.0021258857
0.0020965367
0.0020675928
0.0020390485
0.0020108982
0.0019831366
0.0019557583
0.0019287579
0.0019021303
0.0018758703
0.0018499728
0.0018244328
0.0017992455
0.0017744059
0.0017499092
0.0017257507
0.0017019257
0.0016784296
0.0016552579
0.0016324061
0.0016098698
0.0015876446
0.0015657263
0.0015441105
0.0015227932
0.0015017702
0.0014810374
0.0014605908
0.0014404265
0.0014205406
0.0014009292
0.0013815885
0.0013625149
0.0013437046
0.0013251540
0.0013068595
0.0012888175
0.0012710246
0.0012534774
0.0012361724
0.0012191064
0.0012022759
0.0011856778
0.0011693088
0.0011531658
0.0011372457
0.0011215454
0.0011060618
0.0010907920
0.0010757330
0.0010608818
0.0010462358
0.0010317919
0.0010175474
0.0010034996
0.0009896457
0.0009759830
0.0009625090
0.0009492210
0.0009361165
0.0009231929
0.0009104477
0.0008978784
0.0008854827
0.0008732581
0.0008612022
0.0008493128
0.0008375876
0.0008260242
0.0008146205
0.0008033742
0.0007922831
0.0007813452
0.0007705583
0.0007599203
0.0007494291
0.0007390828
0.0007288794
0.0007188168
0.0007088931
0.0006991064
0.0006894548
0.0006799365
0.0006705496
0.0006612923
0.0006521627
0.0006431593
0.0006342801
0.1453094750
