0.0031564148
0.0031453449
0.0031343137
0.0031233213
0.0031123674
0.0031014519
0.0030905748
0.0030797357
0.0030689347
0.0030581715
0.0030474461
0.0030367584
0.0030261081
0.0030154951
0.0030049194
0.0029943808
0.0029838791
0.0029734142
0.0029629861
0.0029525945
0.0029422394
0.0029319206
0.0029216380
0.0029113914
0.0029011808
0.0028910060
0.0028808669
0.0028707633
0.0028606951
0.0028506623
0.0028406647
0.0028307021
0.0028207745
0.0028108817
0.0028010235
0.0027912000
0.0027814109
0.0027716561
0.0027619356
0.0027522491
0.0027425966
0.0027329780
0.0027233931
0.0027138418
0.0027043240
0.0026948396
0.0026853885
0.0026759705
0.0026665855
0.0026572334
0.0026479142
0.0026386276
0.0026293736
0.0026201521
0.0026109629
0.0026018059
0.0025926810
0.0025835881
0.0025745272
0.0025654980
0.0025565005
0.0025475345
0.0025385999
0.0025296968
0.0025208248
0.0025119839
0.0025031741
0.0024943951
0.0024856470
0.0024769295
0.0024682426
0.0024595861
0.0024509601
0.0024423642
0.0024337985
0.0024252629
0.0024167572
0.0024082813
0.0023998352
0.0023914186
0.0023830316
0.0023746740
0.0023663458
0.0023580467
0.0023497767
0.0023415357
0.0023333237
0.0023251404
0.0023169858
0.0023088599
0.0023007624
0.0022926933
0.0022846526
0.0022766400
0.0022686555
0.0022606991
0.0022527705
0.0022448698
0.0022369967
0.0022291513
0.0022213334
0.0022135429
0.0022057797
0.0021980437
0.0021903349
0.0021826531
0.0021749983
0.0021673703
0.0021597691
0.0021521945
0.0021446465
0.0021371249
0.0021296297
0.0021221609
0.0021147182
0.0021073016
0.0020999110
0.0020925463
0.0020852075
0.0020778944
0.0020706070
0.0020633451
0.0020561087
0.0020488977
0.0020417119
0.0020345514
0.0020274159
0.0020203055
0.0020132201
0.0020061594
0.0019991236
0.0019921124
0.0019851258
0.0019781637
0.0019712260
0.0019643127
0.0019574236
0.0019505587
0.0019437178
0.0019369010
0.0019301080
0.0019233389
0.0019165935
0.0019098717
0.0019031736
0.0018964989
0.0018898476
0.0018832197
0.0018766150
0.0018700335
0.0018634750
0.0018569396
0.0018504271
0.0018439374
0.0018374704
0.0018310262
0.0018246046
0.0018182054
0.0018118288
0.0018054744
0.0017991424
0.0017928326
0.0017865449
0.0017802793
0.0017740356
0.0017678138
0.0017616139
0.0017554357
0.0017492791
0.0017431442
0.0017370308
0.0017309388
0.0017248682
0.0017188188
0.0017127907
0.0017067837
0.0017007978
0.0016948329
0.0016888889
0.0016829658
0.0016770634
0.0016711817
0.0016653207
0.0016594802
0.0016536602
0.0016478606
0.0016420813
0.0016363223
0.0016305835
0.0016248649
0.0016191663
0.0016134876
0.0016078289
0.0016021901
0.0015965710
0.0015909716
0.0015853919
0.0015798317
0.0015742910
0.0015687698
0.0015632679
0.0015577853
0.0015523220
0.0015468778
0.0015414527
0.0015360466
0.0015306595
0.0015252913
0.0015199419
0.0015146113
0.0015092993
0.0015040060
0.0014987313
0.0014934750
0.0014882372
0.0014830178
0.0014778167
0.0014726338
0.0014674691
0.0014623225
0.0014571939
0.0014520833
0.0014469907
0.0014419159
0.0014368589
0.0014318197
0.0014267981
0.0014217941
0.0014168077
0.0014118388
0.0014068873
0.0014019532
0.0013970363
0.0013921368
0.0013872544
0.0013823891
0.0013775409
0.0013727097
0.0013678954
0.0013630980
0.0013583174
0.0013535537
0.0013488066
0.0013440761
0.0013393623
0.0013346650
0.0013299841
0.0013253197
0.0013206716
0.0013160399
0.0013114244
0.0013068250
0.0013022418
0.0012976747
0.0012931236
0.0012885884
0.0012840692
0.0012795658
0.0012750782
0.0012706063
0.0012661502
0.0012617096
0.0012572846
0.0012528752
0.0012484812
0.0012441026
0.0012397394
0.0012353914
0.0012310588
0.0012267413
0.0012224389
0.0012181517
0.0012138795
0.0012096223
0.0012053800
0.0012011525
0.0011969399
0.0011927421
0.0011885590
0.0011843906
0.0011802368
0.0011760975
0.0011719728
0.0011678626
0.0011637667
0.0011596852
0.0011556181
0.0011515652
0.0011475265
0.0011435020
0.0011394916
0.0011354952
0.0011315129
0.0011275445
0.0011235901
0.0011196495
0.0011157228
0.0011118098
0.0011079105
0.0011040249
0.0011001530
0.0010962946
0.0010924498
0.0010886184
0.0010848005
0.0010809959
0.0010772047
0.0010734269
0.0010696622
0.0010659108
0.0010621725
0.0010584473
0.0010547352
0.0010510361
0.0010473500
0.0010436768
0.0010400165
0.0010363690
0.0010327343
0.0010291124
0.0010255032
0.0010219066
0.0010183227
0.0010147513
0.0010111924
0.0010076460
0.0010041121
0.0010005905
0.0009970813
0.0009935844
0.0009900998
0.0009866274
0.0009831672
0.0009797191
0.0009762831
0.0009728591
0.0009694472
0.0009660472
0.0009626592
0.0009592830
0.0009559187
0.0009525661
0.0009492254
0.0009458963
0.0009425789
0.0009392732
0.0009359790
0.0009326965
0.0009294254
0.0009261658
0.0009229176
0.0009196808
0.0009164553
0.0009132412
0.0009100384
0.0009068467
0.0009036663
0.0009004970
0.0008973389
0.0008941918
0.0008910558
0.0008879307
0.0008848166
0.0008817135
0.0008786212
0.0008755397
0.0008724691
0.0008694093
0.0008663601
0.0008633217
0.0008602939
0.0008572767
0.0008542702
0.0008512741
0.0008482886
0.0008453136
0.0008423489
0.0008393947
0.0008364508
0.0008335173
0.0008305940
0.0008276810
0.0008247783
0.0008218857
0.0008190032
0.0008161309
0.0008132686
0.0008104163
0.0008075741
0.0008047418
0.0008019195
0.0007991071
0.0007963045
0.0007935118
0.0007907288
0.0007879556
0.0007851922
0.0007824384
0.0007796943
0.0007769598
0.0007742349
0.0007715196
0.0007688138
0.0007661174
0.0007634306
0.0007607531
0.0007580850
0.0007554263
0.0007527770
0.0007501369
0.0007475061
0.0007448845
0.0007422721
0.0007396688
0.0007370747
0.0007344897
0.0007319137
0.0007293468
0.0007267889
0.0007242400
0.0007217000
0.0007191689
0.0007166467
0.0007141333
0.0007116287
0.0007091330
0.0007066459
0.0007041676
0.0007016980
0.0006992371
0.0006967848
0.0006943411
0.0006919059
0.0006894793
0.0006870612
0.0006846516
0.0006822504
0.0006798577
0.0006774734
0.0006750974
0.0006727297
0.0006703704
0.0006680193
0.0006656765
0.0006633419
0.0006610154
0.0006586972
0.0006563870
0.0006540850
0.0006517910
0.0006495051
0.0006472272
0.0006449573
0.0006426954
0.0006404414
0.0006381952
0.0006359570
0.0006337266
0.0006315041
0.0006292893
0.0006270823
0.0006248831
0.0006226915
0.0006205077
0.0006183315
0.0006161629
0.0006140019
0.0006118485
0.0006097027
0.0006075644
0.0006054336
0.0006033103
0.0006011944
0.0005990859
0.0005969848
0.0005948911
0.0005928048
0.0005907257
0.0005886540
0.0005865895
0.0005845323
0.0005824822
0.0005804394
0.0005784037
0.0005763752
0.0005743538
0.0005723394
0.0005703322
0.0005683319
0.0005663387
0.0005643525
0.0005623732
0.0005604009
0.0005584355
0.0005564770
0.0005545254
0.0005525806
0.0005506426
0.0005487115
0.0005467871
0.0005448694
0.0005429585
0.0005410542
0.0005391567
0.0005372658
0.0005353816
0.0005335039
0.0005316328
0.0005297683
0.0005279104
0.0005260589
0.0005242140
0.0005223755
0.0005205434
0.0005187178
0.0005168986
0.0005150858
0.0005132793
0.0005114792
0.0005096854
0.0005078978
0.0005061166
0.0005043415
0.0005025728
0.0005008102
0.0004990538
0.0004973035
0.0004955594
0.0004938214
0.0004920895
0.0004903637
0.0004886439
0.0004869302
0.0004852225
0.0004835207
0.0004818250
0.0004801351
0.0004784513
0.0004767733
0.0004751012
0.0004734349
0.0004717745
0.0004701199
0.0004684712
0.0004668282
0.0004651910
0.0004635595
0.0004619337
0.0004603137
0.0004586993
0.0004570906
0.0004554875
0.0004538900
0.0004522982
0.0004507119
0.0004491312
0.0004475561
0.0004459864
0.0004444223
0.0004428636
0.0004413105
0.0004397627
0.0004382204
0.0004366835
0.0004351520
0.0004336259
0.0004321051
0.0004305897
0.0004290795
0.0004275747
0.0004260751
0.0004245808
0.0004230918
0.0004216079
0.0004201293
0.0004186559
0.0004171876
0.0004157244
0.0004142664
0.0004128136
0.0004113658
0.0004099231
0.0004084854
0.0004070528
0.0004056252
0.0004042026
0.0004027850
0.0004013724
0.0003999648
0.0003985620
0.0003971642
0.0003957713
0.0003943833
0.0003930001
0.0003916218
0.0003902484
0.0003888797
0.0003875159
0.0003861568
0.0003848025
0.0003834530
0.0003821081
0.0003807680
0.0003794326
0.0003781019
0.0003767759
0.0003754545
0.0003741377
0.0003728255
0.0003715180
0.0003702150
0.0003689166
0.0003676228
0.0003663335
0.0003650487
0.0003637685
0.0003624927
0.0003612214
0.0003599545
0.0003586921
0.0003574341
0.0003561806
0.0003549314
0.0003536866
0.0003524462
0.0003512101
0.0003499784
0.0003487509
0.0003475278
0.0003463090
0.0003450945
0.0003438842
0.0003426781
0.0003414763
0.0003402787
0.0003390853
0.0003378961
0.0003367110
0.0003355302
0.0003343534
0.0003331808
0.0003320123
0.0003308479
0.0003296875
0.0003285313
0.0003273791
0.0003262309
0.0003250868
0.0003239467
0.0003228106
0.0003216784
0.0003205502
0.0003194260
0.0003183058
0.0003171894
0.0003160770
0.0003149685
0.0003138639
0.0003127631
0.0003116662
0.0003105731
0.0003094839
0.0003083985
0.0003073169
0.0003062391
0.0003051651
0.0003040949
0.0003030284
0.0003019656
0.0003009066
0.0002998512
0.0002987996
0.0002977517
0.0002967074
0.0002956669
0.0002946299
0.0002935966
0.0002925669
0.0002915409
0.0002905184
0.0002894995
0.0002884842
0.0002874724
0.0002864642
0.0002854596
0.0002844584
0.0002834608
0.0002824667
0.0002814760
0.0002804888
0.0002795051
0.0002785249
0.0002775481
0.0002765747
0.0002756047
0.0002746381
0.0002736749
0.0002727151
0.0002717586
0.0002708055
0.0002698558
0.0002689094
0.0002679663
0.0002670265
0.0002660900
0.0002651568
0.0002642268
0.0002633002
0.0002623767
0.0002614565
0.0002605396
0.0002596258
0.0002587153
0.0002578080
0.0002569038
0.0002560028
0.0002551050
0.0002542103
0.0002533187
0.0002524303
0.0002515450
0.0002506628
0.0002497837
0.0002489077
0.0002480347
0.0002471648
0.0002462980
0.0002454342
0.0002445734
0.0002437157
0.0002428609
0.0002420092
0.0002411604
0.0002403146
0.0002394718
0.0002386320
0.0002377951
0.0002369611
0.0002361300
0.0002353019
0.0002344767
0.0002336543
0.0002328349
0.0002320183
0.0002312046
0.0002303937
0.0002295857
0.0002287805
0.0002279781
0.0002271786
0.0002263818
0.0002255879
0.0002247967
0.0002240083
0.0002232227
0.0002224398
0.0002216597
0.0002208823
0.0002201077
0.0002193357
0.0002185665
0.0002177999
0.0002170361
0.0002162749
0.0002155164
0.0002147606
0.0002140074
0.0002132568
0.0002125089
0.0002117636
0.0002110209
0.0002102808
0.0002095434
0.0002088085
0.0002080762
0.0002073464
0.0002066192
0.0002058946
0.0002051725
0.0002044529
0.0002037359
0.0002030213
0.0002023093
0.0002015998
0.0002008928
0.0002001882
0.0001994861
0.0001987865
0.0001980893
0.0001973946
0.0001967023
0.0001960124
0.0001953250
0.0001946400
0.0001939574
0.0001932771
0.0001925993
0.0001919238
0.0001912507
0.0001905800
0.0001899116
0.0001892455
0.0001885818
0.0001879204
0.0001872614
0.0001866046
0.0001859502
0.0001852980
0.0001846482
0.0001840006
0.0001833553
0.0001827122
0.0001820714
0.0001814329
0.0001807966
0.0001801625
0.0001795306
0.0001789010
0.0001782736
0.0001776483
0.0001770253
0.0001764045
0.0001757858
0.0001751693
0.0001745549
0.0001739428
0.0001733327
0.0001727248
0.0001721190
0.0001715154
0.0001709139
0.0001703145
0.0001697171
0.0001691219
0.0001685288
0.0001679377
0.0001673488
0.0001667618
0.0001661770
0.0001655942
0.0001650134
0.0001644347
0.0001638580
0.0001632833
0.0001627107
0.0001621400
0.0001615714
0.0001610047
0.0001604401
0.0001598774
0.0001593167
0.0001587579
0.0001582012
0.1449502681
