0.0108215121
0.0106913953
0.0105628430
0.0104358364
0.0103103569
0.0101863862
0.0100639061
0.0099428987
0.0098233462
0.0097052313
0.0095885365
0.0094732449
0.0093593395
0.0092468038
0.0091356211
0.0090257753
0.0089172502
0.0088100301
0.0087040991
0.0085994419
0.0084960431
0.0083938875
0.0082929602
0.0081932464
0.0080947316
0.0079974014
0.0079012414
0.0078062376
0.0077123762
0.0076196434
0.0075280255
0.0074375093
0.0073480814
0.0072597288
0.0071724385
0.0070861978
0.0070009940
0.0069168148
0.0068336477
0.0067514806
0.0066703014
0.0065900984
0.0065108597
0.0064325737
0.0063552291
0.0062788144
0.0062033186
0.0061287305
0.0060550392
0.0059822340
0.0059103042
0.0058392393
0.0057690289
0.0056996626
0.0056311304
0.0055634223
0.0054965282
0.0054304385
0.0053651434
0.0053006335
0.0052368992
0.0051739312
0.0051117204
0.0050502575
0.0049895337
0.0049295401
0.0048702678
0.0048117081
0.0047538526
0.0046966928
0.0046402202
0.0045844266
0.0045293039
0.0044748440
0.0044210390
0.0043678808
0.0043153618
0.0042634743
0.0042122108
0.0041615635
0.0041115253
0.0040620887
0.0040132466
0.0039649917
0.0039173170
0.0038702156
0.0038236805
0.0037777049
0.0037322822
0.0036874056
0.0036430686
0.0035992647
0.0035559875
0.0035132306
0.0034709879
0.0034292530
0.0033880200
0.0033472828
0.0033070354
0.0032672720
0.0032279866
0.0031891736
0.0031508273
0.0031129420
0.0030755123
0.0030385327
0.0030019977
0.0029659019
0.0029302402
0.0028950073
0.0028601980
0.0028258073
0.0027918300
0.0027582613
0.0027250963
0.0026923300
0.0026599577
0.0026279746
0.0025963761
0.0025651575
0.0025343143
0.0025038420
0.0024737360
0.0024439921
0.0024146057
0.0023855727
0.0023568889
0.0023285499
0.0023005516
0.0022728900
0.0022455610
0.0022185606
0.0021918848
0.0021655298
0.0021394917
0.0021137667
0.0020883509
0.0020632408
0.0020384326
0.0020139227
0.0019897075
0.0019657834
0.0019421470
0.0019187948
0.0018957234
0.0018729295
0.0018504095
0.0018281604
0.0018061788
0.0017844615
0.0017630053
0.0017418071
0.0017208637
0.0017001722
0.0016797295
0.0016595326
0.0016395786
0.0016198644
0.0016003873
0.0015811444
0.0015621329
0.0015433500
0.0015247929
0.0015064589
0.0014883454
0.0014704497
0.0014527692
0.0014353012
0.0014180433
0.0014009929
0.0013841475
0.0013675046
0.0013510619
0.0013348168
0.0013187671
0.0013029104
0.0012872443
0.0012717666
0.0012564750
0.0012413673
0.0012264412
0.0012116946
0.0011971253
0.0011827312
0.0011685102
0.0011544601
0.0011405790
0.0011268648
0.0011133155
0.0010999291
0.0010867036
0.0010736372
0.0010607279
0.0010479738
0.0010353731
0.0010229239
0.0010106243
0.0009984727
0.0009864671
0.0009746059
0.0009628874
0.0009513097
0.0009398713
0.0009285703
0.0009174053
0.0009063745
0.0008954763
0.0008847092
0.0008740716
0.0008635618
0.0008531784
0.0008429199
0.0008327847
0.0008227714
0.0008128785
0.0008031045
0.0007934481
0.0007839077
0.0007744821
0.0007651698
0.0007559695
0.0007468798
0.0007378993
0.0007290269
0.0007202612
0.0007116008
0.0007030446
0.0006945913
0.0006862396
0.0006779883
0.0006698362
0.0006617822
0.0006538250
0.0006459634
0.0006381964
0.0006305228
0.0006229415
0.0006154513
0.0006080512
0.0006007400
0.0005935168
0.0005863804
0.0005793298
0.0005723640
0.0005654820
0.0005586827
0.0005519651
0.0005453283
0.1448083615
