0.0190401849
0.0186373753
0.0182430874
0.0178571410
0.0174793596
0.0171095705
0.0167476045
0.0163932962
0.0160464835
0.0157070079
0.0153747142
0.0150494505
0.0147310679
0.0144194209
0.0141143671
0.0138157669
0.0135234839
0.0132373843
0.0129573373
0.0126832150
0.0124148919
0.0121522455
0.0118951555
0.0116435044
0.0113971772
0.0111560612
0.0109200463
0.0106890244
0.0104628899
0.0102415395
0.0100248720
0.0098127882
0.0096051912
0.0094019861
0.0092030799
0.0090083817
0.0088178026
0.0086312552
0.0084486545
0.0082699167
0.0080949604
0.0079237053
0.0077560733
0.0075919877
0.0074313734
0.0072741570
0.0071202667
0.0069696320
0.0068221842
0.0066778557
0.0065365806
0.0063982942
0.0062629334
0.0061304363
0.0060007423
0.0058737920
0.0057495275
0.0056278918
0.0055088295
0.0053922860
0.0052782081
0.0051665436
0.0050572414
0.0049502516
0.0048455253
0.0047430145
0.0046426724
0.0045444532
0.0044483118
0.0043542044
0.0042620879
0.0041719202
0.0040836600
0.0039972671
0.0039127019
0.0038299257
0.0037489007
0.0036695898
0.0035919569
0.0035159663
0.0034415833
0.0033687740
0.0032975051
0.0032277438
0.0031594584
0.0030926177
0.0030271910
0.0029631485
0.0029004608
0.0028390994
0.0027790361
0.0027202434
0.0026626946
0.0026063633
0.0025512237
0.0024972506
0.0024444194
0.0023927058
0.0023420863
0.0022925377
0.0022440373
0.0021965630
0.0021500930
0.0021046062
0.0020600816
0.0020164990
0.0019738385
0.0019320804
0.0018912058
0.0018511959
0.0018120324
0.0017736975
0.0017361736
0.0016994435
0.0016634905
0.0016282981
0.0015938502
0.0015601311
0.0015271253
0.0014948178
0.0014631938
0.0014322388
0.0014019387
0.0013722797
0.0013432480
0.0013148306
0.0012870144
0.0012597866
0.0012331348
0.0012070469
0.0011815109
0.0011565152
0.0011320482
0.0011080989
0.0010846562
0.0010617095
0.0010392482
0.0010172621
0.0009957412
0.0009746755
0.1450967233
