0.0115927970
0.0114434715
0.0112960695
0.0111505661
0.0110069369
0.0108651578
0.0107252050
0.0105870548
0.0104506842
0.0103160701
0.0101831900
0.0100520215
0.0099225426
0.0097947314
0.0096685666
0.0095440269
0.0094210914
0.0092997394
0.0091799505
0.0090617046
0.0089449819
0.0088297626
0.0087160274
0.0086037573
0.0084929332
0.0083835367
0.0082755494
0.0081689530
0.0080637296
0.0079598616
0.0078573316
0.0077561222
0.0076562165
0.0075575976
0.0074602491
0.0073641544
0.0072692976
0.0071756626
0.0070832337
0.0069919954
0.0069019323
0.0068130293
0.0067252715
0.0066386440
0.0065531324
0.0064687222
0.0063853994
0.0063031498
0.0062219596
0.0061418153
0.0060627033
0.0059846103
0.0059075232
0.0058314291
0.0057563151
0.0056821687
0.0056089773
0.0055367287
0.0054654107
0.0053950114
0.0053255189
0.0052569215
0.0051892077
0.0051223661
0.0050563855
0.0049912547
0.0049269630
0.0048634993
0.0048008531
0.0047390139
0.0046779712
0.0046177148
0.0045582345
0.0044995204
0.0044415626
0.0043843514
0.0043278770
0.0042721302
0.0042171013
0.0041627813
0.0041091610
0.0040562314
0.0040039835
0.0039524087
0.0039014982
0.0038512434
0.0038016360
0.0037526675
0.0037043299
0.0036566148
0.0036095144
0.0035630206
0.0035171258
0.0034718221
0.0034271019
0.0033829578
0.0033393823
0.0032963681
0.0032539080
0.0032119948
0.0031706214
0.0031297810
0.0030894667
0.0030496716
0.0030103891
0.0029716127
0.0029333357
0.0028955517
0.0028582544
0.0028214376
0.0027850950
0.0027492205
0.0027138081
0.0026788518
0.0026443458
0.0026102843
0.0025766616
0.0025434719
0.0025107097
0.0024783695
0.0024464459
0.0024149336
0.0023838271
0.0023531213
0.0023228110
0.0022928911
0.0022633566
0.0022342026
0.0022054241
0.0021770163
0.0021489744
0.0021212937
0.0020939696
0.0020669974
0.0020403726
0.0020140908
0.0019881475
0.0019625384
0.0019372592
0.0019123056
0.0018876734
0.0018633585
0.0018393568
0.0018156642
0.0017922769
0.0017691908
0.0017464020
0.0017239068
0.0017017014
0.0016797820
0.0016581449
0.0016367865
0.0016157032
0.0015948915
0.0015743479
0.0015540689
0.0015340512
0.0015142912
0.0014947858
0.0014755316
0.0014565255
0.0014377641
0.0014192445
0.0014009633
0.0013829177
0.0013651045
0.0013475207
0.0013301635
0.0013130298
0.0012961168
0.0012794217
0.0012629416
0.0012466738
0.0012306155
0.0012147641
0.0011991169
0.0011836712
0.0011684244
0.0011533741
0.0011385176
0.0011238525
0.0011093763
0.0010950865
0.0010809809
0.0010670569
0.0010533122
0.0010397446
0.0010263518
0.0010131315
0.0010000815
0.0009871995
0.0009744835
0.0009619313
0.0009495408
0.0009373099
0.0009252365
0.0009133186
0.0009015543
0.0008899414
0.0008784782
0.0008671626
0.0008559928
0.0008449669
0.0008340829
0.0008233392
0.0008127339
0.0008022651
0.0007919313
0.0007817305
0.0007716611
0.0007617214
0.0007519098
0.0007422245
0.0007326640
0.0007232266
0.0007139108
0.0007047150
0.0006956377
0.0006866773
0.0006778322
0.0006691012
0.0006604825
0.0006519749
0.0006435769
0.0006352871
0.0006271040
0.0006190264
0.0006110528
0.0006031819
0.0005954123
0.0005877429
0.1450413334
