0.0212254195
0.0207248434
0.0202360729
0.0197588294
0.0192928411
0.0188378426
0.0183935747
0.0179597844
0.0175362244
0.0171226536
0.0167188364
0.0163245427
0.0159395480
0.0155636329
0.0151965833
0.0148381901
0.0144882492
0.0141465612
0.0138129316
0.0134871702
0.0131690914
0.0128585142
0.0125552616
0.0122591608
0.0119700432
0.0116877442
0.0114121027
0.0111429620
0.0108801686
0.0106235729
0.0103730287
0.0101283933
0.0098895273
0.0096562946
0.0094285625
0.0092062012
0.0089890840
0.0087770872
0.0085700902
0.0083679749
0.0081706262
0.0079779318
0.0077897819
0.0076060692
0.0074266892
0.0072515397
0.0070805208
0.0069135352
0.0067504878
0.0065912857
0.0064358381
0.0062840566
0.0061358547
0.0059911479
0.0058498539
0.0057118921
0.0055771840
0.0054456528
0.0053172236
0.0051918233
0.0050693803
0.0049498251
0.0048330894
0.0047191068
0.0046078123
0.0044991426
0.0043930357
0.0042894313
0.0041882702
0.0040894948
0.0039930490
0.0038988778
0.0038069274
0.0037171456
0.0036294812
0.0035438842
0.0034603060
0.0033786988
0.0032990162
0.0032212129
0.0031452445
0.0030710677
0.0029986402
0.0029279209
0.0028588694
0.0027914464
0.0027256135
0.0026613331
0.0025985688
0.0025372847
0.0024774459
0.0024190183
0.0023619686
0.0023062644
0.0022518740
0.0021987662
0.0021469110
0.0020962786
0.0020468404
0.0019985681
0.0019514343
0.0019054121
0.0018604752
0.0018165982
0.0017737559
0.0017319240
0.0016910786
0.0016511966
0.0016122551
0.0015742320
0.0015371056
0.0015008548
0.0014654589
0.0014308979
0.0013971519
0.0013642017
0.0013320286
0.0013006143
0.0012699409
0.0012399909
0.0012107472
0.0011821932
0.0011543126
0.0011270895
0.0011005084
0.1455632380
