0.0108869632
0.0107552677
0.0106251652
0.0104966366
0.0103696627
0.0102442248
0.0101203042
0.0099978827
0.0098769420
0.0097574644
0.0096394320
0.0095228274
0.0094076333
0.0092938327
0.0091814087
0.0090703446
0.0089606240
0.0088522307
0.0087451486
0.0086393618
0.0085348547
0.0084316117
0.0083296177
0.0082288574
0.0081293160
0.0080309787
0.0079338310
0.0078378584
0.0077430467
0.0076493820
0.0075568503
0.0074654379
0.0073751313
0.0072859171
0.0071977821
0.0071107132
0.0070246976
0.0069397224
0.0068557752
0.0067728435
0.0066909149
0.0066099774
0.0065300190
0.0064510278
0.0063729921
0.0062959004
0.0062197413
0.0061445034
0.0060701756
0.0059967470
0.0059242066
0.0058525437
0.0057817476
0.0057118080
0.0056427144
0.0055744566
0.0055070245
0.0054404081
0.0053745975
0.0053095830
0.0052453550
0.0051819039
0.0051192203
0.0050572950
0.0049961188
0.0049356826
0.0048759775
0.0048169946
0.0047587253
0.0047011607
0.0046442926
0.0045881123
0.0045326116
0.0044777823
0.0044236163
0.0043701054
0.0043172419
0.0042650178
0.0042134255
0.0041624573
0.0041121056
0.0040623630
0.0040132221
0.0039646757
0.0039167165
0.0038693374
0.0038225315
0.0037762917
0.0037306114
0.0036854835
0.0036409016
0.0035968590
0.0035533491
0.0035103656
0.0034679020
0.0034259521
0.0033845097
0.0033435685
0.0033031226
0.0032631660
0.0032236927
0.0031846969
0.0031461728
0.0031081147
0.0030705170
0.0030333741
0.0029966805
0.0029604308
0.0029246196
0.0028892416
0.0028542915
0.0028197642
0.0027856546
0.0027519575
0.0027186681
0.0026857814
0.0026532925
0.0026211966
0.0025894890
0.0025581649
0.0025272198
0.0024966489
0.0024664479
0.0024366122
0.0024071374
0.0023780192
0.0023492532
0.0023208351
0.0022927609
0.0022650262
0.0022376270
0.0022105593
0.0021838190
0.0021574021
0.0021313048
0.0021055232
0.0020800535
0.0020548919
0.0020300346
0.0020054781
0.0019812185
0.0019572525
0.0019335763
0.0019101866
0.0018870798
0.0018642525
0.0018417013
0.0018194229
0.0017974141
0.0017756714
0.0017541918
0.0017329720
0.0017120089
0.0016912993
0.0016708403
0.0016506288
0.0016306618
0.0016109362
0.0015914494
0.0015721982
0.0015531799
0.0015343917
0.0015158307
0.0014974943
0.0014793796
0.0014614841
0.0014438051
0.0014263399
0.0014090860
0.0013920408
0.0013752018
0.0013585665
0.0013421325
0.0013258972
0.0013098583
0.0012940135
0.0012783603
0.0012628964
0.0012476196
0.0012325276
0.0012176182
0.0012028891
0.0011883382
0.0011739634
0.0011597624
0.0011457332
0.0011318736
0.0011181818
0.0011046556
0.0010912930
0.0010780920
0.0010650507
0.0010521672
0.0010394395
0.0010268658
0.0010144442
0.0010021729
0.0009900499
0.0009780737
0.0009662423
0.0009545540
0.0009430071
0.0009315999
0.0009203307
0.0009091978
0.0008981996
0.0008873344
0.0008766007
0.0008659967
0.0008555211
0.0008451722
0.0008349485
0.0008248484
0.0008148705
0.0008050133
0.0007952754
0.0007856552
0.0007761515
0.0007667626
0.0007574874
0.0007483244
0.0007392722
0.0007303295
0.0007214949
0.0007127673
0.0007041452
0.0006956274
0.0006872127
0.0006788997
0.0006706873
0.0006625743
0.0006545594
0.0006466414
0.0006388192
0.0006310917
0.0006234576
0.0006159159
0.0006084654
0.0006011050
0.0005938336
0.0005866503
0.0005795538
0.0005725431
0.0005656173
0.0005587752
0.0005520159
0.1450818603
