0.0214275470
0.0209173917
0.0204193824
0.0199332298
0.0194586518
0.0189953727
0.0185431236
0.0181016417
0.0176706709
0.0172499607
0.0168392670
0.0164383512
0.0160469806
0.0156649279
0.0152919713
0.0149278941
0.0145724851
0.0142255377
0.0138868507
0.0135562272
0.0132334753
0.0129184076
0.0126108412
0.0123105974
0.0120175020
0.0117313846
0.0114520793
0.0111794238
0.0109132598
0.0106534327
0.0103997916
0.0101521894
0.0099104821
0.0096745296
0.0094441946
0.0092193436
0.0089998459
0.0087855741
0.0085764038
0.0083722135
0.0081728846
0.0079783014
0.0077883509
0.0076029228
0.0074219095
0.0072452058
0.0070727092
0.0069043194
0.0067399387
0.0065794716
0.0064228250
0.0062699080
0.0061206316
0.0059749092
0.0058326563
0.0056937901
0.0055582302
0.0054258977
0.0052967158
0.0051706096
0.0050475057
0.0049273328
0.0048100209
0.0046955021
0.0045837098
0.0044745790
0.0043680465
0.0042640504
0.0041625302
0.0040634271
0.0039666835
0.0038722431
0.0037800513
0.0036900544
0.0036022001
0.0035164376
0.0034327169
0.0033509894
0.0032712078
0.0031933256
0.0031172977
0.0030430798
0.0029706290
0.0028999031
0.0028308611
0.0027634629
0.0026976693
0.0026334422
0.0025707441
0.0025095389
0.0024497908
0.0023914652
0.0023345283
0.0022789470
0.0022246889
0.0021717227
0.0021200175
0.0020695433
0.0020202708
0.0019721714
0.0019252172
0.0018793809
0.0018346358
0.0017909561
0.0017483164
0.0017066918
0.0016660582
0.0016263920
0.0015876703
0.0015498704
0.0015129705
0.0014769491
0.0014417853
0.0014074587
0.0013739494
0.0013412379
0.0013093052
0.0012781328
0.0012477025
0.0012179967
0.0011889982
0.0011606900
0.0011330559
0.0011060796
0.1453514866
