0.0168745010
0.0165581134
0.0162476580
0.0159430234
0.0156441005
0.0153507823
0.0150629637
0.0147805415
0.0145034145
0.0142314835
0.0139646511
0.0137028216
0.0134459013
0.0131937981
0.0129464217
0.0127036835
0.0124654965
0.0122317753
0.0120024363
0.0117773973
0.0115565776
0.0113398982
0.0111272814
0.0109186511
0.0107139324
0.0105130521
0.0103159382
0.0101225201
0.0099327285
0.0097464953
0.0095637539
0.0093844388
0.0092084858
0.0090358318
0.0088664150
0.0087001746
0.0085370512
0.0083769862
0.0082199223
0.0080658034
0.0079145740
0.0077661801
0.0076205686
0.0074776871
0.0073374846
0.0071999109
0.0070649165
0.0069324533
0.0068024736
0.0066749310
0.0065497798
0.0064269750
0.0063064728
0.0061882299
0.0060722040
0.0059583536
0.0058466378
0.0057370165
0.0056294507
0.0055239016
0.0054203315
0.0053187033
0.0052189806
0.0051211276
0.0050251093
0.0049308912
0.0048384398
0.0047477217
0.0046587046
0.0045713564
0.0044856460
0.0044015427
0.0043190162
0.0042380370
0.0041585762
0.0040806052
0.0040040961
0.0039290215
0.0038553545
0.0037830688
0.0037121383
0.0036425378
0.0035742422
0.0035072272
0.0034414686
0.0033769430
0.0033136272
0.0032514985
0.0031905347
0.0031307139
0.0030720148
0.0030144162
0.0029578976
0.0029024386
0.0028480195
0.0027946207
0.0027422232
0.0026908080
0.0026403568
0.0025908516
0.0025422746
0.0024946083
0.0024478358
0.0024019403
0.0023569052
0.0023127145
0.0022693524
0.0022268033
0.0021850520
0.0021440835
0.0021038831
0.0020644365
0.0020257294
0.0019877481
0.0019504789
0.0019139085
0.0018780238
0.0018428119
0.0018082602
0.0017743563
0.0017410881
0.0017084437
0.0016764113
0.0016449796
0.0016141371
0.0015838729
0.0015541762
0.0015250362
0.0014964427
0.0014683852
0.0014408538
0.0014138386
0.0013873299
0.0013613182
0.0013357943
0.0013107489
0.0012861730
0.0012620580
0.0012383951
0.0012151759
0.0011923920
0.0011700353
0.0011480978
0.0011265716
0.0011054490
0.0010847225
0.0010643845
0.0010444279
0.0010248455
0.0010056302
0.0009867752
0.0009682737
0.0009501191
0.0009323049
0.0009148247
0.0008976722
0.0008808414
0.0008643261
0.1452344283
