0.0507380450
0.0478776570
0.0451785251
0.0426315584
0.0402281785
0.0379602906
0.0358202562
0.0338008676
0.0318953232
0.0300972050
0.0284004569
0.0267993639
0.0252885335
0.0238628771
0.0225175930
0.0212481500
0.0200502727
0.0189199265
0.0178533041
0.0168468133
0.0158970640
0.0150008574
0.0141551750
0.0133571684
0.0126041500
0.0118935834
0.0112230754
0.0105903677
0.0099933293
0.0094299493
0.0088983302
0.0083966815
0.0079233135
0.0074766319
0.0070551322
0.0066573949
0.0062820802
0.0059279241
0.0055937338
0.0052783837
0.0049808116
0.0047000153
0.0044350491
0.0041850206
0.0039490875
0.0037264553
0.0035163741
0.0033181364
0.0031310744
0.0029545582
0.0027879932
0.1466659006
