0.0441085931
0.0419468509
0.0398910547
0.0379360121
0.0360767853
0.0343086784
0.0326272256
0.0310281800
0.0295075029
0.0280613535
0.0266860793
0.0253782066
0.0241344322
0.0229516146
0.0218267663
0.0207570464
0.0197397529
0.0187723165
0.0178522938
0.0169773610
0.0161453082
0.0153540339
0.0146015397
0.0138859248
0.0132053819
0.0125581921
0.0119427208
0.0113574134
0.0108007917
0.0102714498
0.0097680507
0.0092893230
0.0088340574
0.0084011043
0.0079893700
0.0075978146
0.0072254491
0.0068713331
0.0065345722
0.0062143158
0.0059097549
0.0056201205
0.0053446810
0.0050827406
0.0048336377
0.0045967433
0.0043714590
0.0041572158
0.0039534725
0.0037597146
0.0035754527
0.0034002214
0.0032335781
0.0030751019
0.0029243925
0.0027810694
0.0026447704
0.0025151514
0.0023918850
0.1464125846
