0.0116982744
0.0115462193
0.0113961406
0.0112480126
0.0111018100
0.0109575078
0.0108150812
0.0106745058
0.0105357577
0.0103988131
0.0102636484
0.0101302407
0.0099985670
0.0098686048
0.0097403319
0.0096137262
0.0094887662
0.0093654304
0.0092436978
0.0091235474
0.0090049588
0.0088879116
0.0087723858
0.0086583616
0.0085458195
0.0084347402
0.0083251048
0.0082168944
0.0081100905
0.0080046749
0.0079006295
0.0077979364
0.0076965782
0.0075965375
0.0074977970
0.0074003400
0.0073041498
0.0072092099
0.0071155040
0.0070230161
0.0069317303
0.0068416311
0.0067527030
0.0066649308
0.0065782995
0.0064927942
0.0064084003
0.0063251034
0.0062428892
0.0061617436
0.0060816528
0.0060026029
0.0059245806
0.0058475724
0.0057715652
0.0056965459
0.0056225017
0.0055494200
0.0054772882
0.0054060939
0.0053358251
0.0052664696
0.0051980156
0.0051304513
0.0050637653
0.0049979461
0.0049329824
0.0048688630
0.0048055772
0.0047431139
0.0046814625
0.0046206124
0.0045605533
0.0045012749
0.0044427669
0.0043850195
0.0043280226
0.0042717667
0.0042162419
0.0041614388
0.0041073481
0.0040539604
0.0040012667
0.0039492579
0.0038979251
0.0038472596
0.0037972526
0.0037478956
0.0036991801
0.0036510979
0.0036036406
0.0035568002
0.0035105686
0.0034649380
0.0034199004
0.0033754483
0.0033315739
0.0032882698
0.0032455286
0.0032033430
0.0031617057
0.0031206095
0.0030800476
0.0030400129
0.0030004986
0.0029614978
0.0029230040
0.0028850106
0.0028475110
0.0028104988
0.0027739677
0.0027379114
0.0027023238
0.0026671988
0.0026325303
0.0025983125
0.0025645394
0.0025312053
0.0024983045
0.0024658313
0.0024337802
0.0024021458
0.0023709225
0.0023401050
0.0023096882
0.0022796666
0.0022500353
0.0022207892
0.0021919232
0.0021634324
0.0021353119
0.0021075570
0.0020801628
0.0020531246
0.0020264380
0.0020000981
0.0019741007
0.0019484412
0.0019231152
0.0018981184
0.0018734465
0.0018490953
0.0018250606
0.0018013383
0.0017779243
0.0017548147
0.0017320055
0.0017094927
0.0016872726
0.0016653413
0.0016436951
0.0016223302
0.0016012430
0.0015804299
0.0015598874
0.0015396118
0.0015195998
0.0014998479
0.0014803528
0.0014611110
0.0014421194
0.0014233746
0.0014048735
0.0013866128
0.0013685895
0.0013508004
0.0013332426
0.0013159130
0.0012988087
0.0012819267
0.0012652641
0.0012488181
0.0012325858
0.0012165646
0.0012007516
0.0011851441
0.0011697395
0.0011545351
0.0011395284
0.0011247167
0.0011100975
0.0010956684
0.0010814268
0.0010673703
0.0010534966
0.0010398031
0.0010262877
0.0010129479
0.0009997815
0.0009867863
0.0009739600
0.0009613004
0.0009488053
0.0009364726
0.0009243003
0.0009122862
0.0009004282
0.0008887243
0.0008771726
0.0008657711
0.0008545177
0.0008434106
0.0008324479
0.0008216277
0.0008109481
0.0008004073
0.0007900036
0.0007797350
0.0007696000
0.0007595966
0.0007497233
0.0007399784
0.0007303601
0.0007208668
0.0007114969
0.0007022488
0.0006931209
0.0006841117
0.0006752195
0.0006664430
0.0006577805
0.0006492306
0.0006407919
0.0006324628
0.0006242420
0.0006161280
0.0006081196
0.0006002152
0.0005924135
0.1449845795
