0.0170664875
0.0167428597
0.0164253688
0.0161138984
0.0158083344
0.0155085646
0.0152144794
0.0149259708
0.0146429332
0.0143652627
0.0140928576
0.0138256181
0.0135634461
0.0133062457
0.0130539225
0.0128063841
0.0125635396
0.0123253002
0.0120915784
0.0118622887
0.0116373469
0.0114166706
0.0112001790
0.0109877927
0.0107794337
0.0105750259
0.0103744942
0.0101777651
0.0099847665
0.0097954278
0.0096096794
0.0094274533
0.0092486827
0.0090733021
0.0089012473
0.0087324550
0.0085668635
0.0084044121
0.0082450412
0.0080886925
0.0079353085
0.0077848331
0.0076372112
0.0074923885
0.0073503121
0.0072109299
0.0070741907
0.0069400445
0.0068084421
0.0066793352
0.0065526766
0.0064284197
0.0063065191
0.0061869301
0.0060696088
0.0059545122
0.0058415982
0.0057308254
0.0056221531
0.0055155415
0.0054109516
0.0053083450
0.0052076841
0.0051089320
0.0050120526
0.0049170102
0.0048237701
0.0047322981
0.0046425606
0.0045545248
0.0044681585
0.0043834298
0.0043003079
0.0042187622
0.0041387628
0.0040602804
0.0039832863
0.0039077521
0.0038336504
0.0037609538
0.0036896357
0.0036196700
0.0035510310
0.0034836937
0.0034176332
0.0033528254
0.0032892466
0.0032268734
0.0031656830
0.0031056529
0.0030467611
0.0029889861
0.0029323067
0.0028767020
0.0028221518
0.0027686360
0.0027161350
0.0026646296
0.0026141008
0.0025645303
0.0025158997
0.0024681913
0.0024213875
0.0023754713
0.0023304258
0.0022862345
0.0022428812
0.0022003500
0.0021586253
0.0021176918
0.0020775345
0.0020381387
0.0019994899
0.0019615741
0.0019243772
0.0018878857
0.0018520862
0.0018169655
0.0017825108
0.0017487095
0.0017155491
0.0016830176
0.0016511029
0.0016197934
0.0015890777
0.0015589444
0.0015293825
0.0015003811
0.0014719298
0.0014440179
0.0014166353
0.0013897720
0.0013634181
0.0013375639
0.0013122000
0.0012873171
0.0012629060
0.0012389578
0.0012154637
0.0011924152
0.0011698037
0.0011476210
0.0011258589
0.0011045095
0.0010835650
0.0010630176
0.0010428598
0.0010230843
0.0010036838
0.0009846512
0.0009659795
0.0009476618
0.0009296916
0.0009120620
0.0008947668
0.0008777996
0.1454128983
