0.0210927730
0.0205984340
0.0201156806
0.0196442412
0.0191838506
0.0187342499
0.0182951863
0.0178664127
0.0174476881
0.0170387768
0.0166394490
0.0162494800
0.0158686504
0.0154967461
0.0151335580
0.0147788816
0.0144325176
0.0140942712
0.0137639520
0.0134413743
0.0131263567
0.0128187220
0.0125182971
0.0122249131
0.0119384049
0.0116586115
0.0113853755
0.0111185431
0.0108579643
0.0106034926
0.0103549847
0.0101123010
0.0098753049
0.0096438632
0.0094178456
0.0091971251
0.0089815775
0.0087710815
0.0085655188
0.0083647737
0.0081687334
0.0079772876
0.0077903286
0.0076077512
0.0074294528
0.0072553331
0.0070852941
0.0069192402
0.0067570780
0.0065987163
0.0064440661
0.0062930403
0.0061455540
0.0060015242
0.0058608700
0.0057235122
0.0055893736
0.0054583788
0.0053304539
0.0052055272
0.0050835283
0.0049643886
0.0048480412
0.0047344205
0.0046234626
0.0045151052
0.0044092874
0.0043059495
0.0042050335
0.0041064825
0.0040102413
0.0039162556
0.0038244727
0.0037348407
0.0036473095
0.0035618296
0.0034783531
0.0033968330
0.0033172234
0.0032394795
0.0031635578
0.0030894153
0.0030170105
0.0029463026
0.0028772518
0.0028098194
0.0027439673
0.0026796585
0.0026168569
0.0025555272
0.0024956348
0.0024371461
0.0023800281
0.0023242488
0.0022697767
0.0022165813
0.0021646326
0.0021139013
0.0020643591
0.0020159779
0.0019687306
0.0019225906
0.0018775320
0.0018335294
0.0017905580
0.0017485937
0.0017076130
0.0016675927
0.0016285103
0.0015903438
0.0015530719
0.0015166734
0.0014811280
0.0014464157
0.0014125169
0.0013794126
0.0013470841
0.0013155133
0.0012846824
0.0012545740
0.0012251713
0.0011964577
0.0011684170
0.0011410335
0.0011142918
0.0010881768
0.1453428486
