0.0179754283
0.0176164105
0.0172645633
0.0169197434
0.0165818105
0.0162506270
0.0159260581
0.0156079717
0.0152962384
0.0149907313
0.0146913259
0.0143979005
0.0141103356
0.0138285141
0.0135523214
0.0132816450
0.0130163747
0.0127564025
0.0125016228
0.0122519316
0.0120072275
0.0117674108
0.0115323838
0.0113020510
0.0110763185
0.0108550946
0.0106382891
0.0104258137
0.0102175821
0.0100135094
0.0098135126
0.0096175103
0.0094254226
0.0092371715
0.0090526803
0.0088718738
0.0086946786
0.0085210224
0.0083508346
0.0081840459
0.0080205884
0.0078603956
0.0077034023
0.0075495446
0.0073987598
0.0072509866
0.0071061648
0.0069642355
0.0068251410
0.0066888245
0.0065552306
0.0064243050
0.0062959943
0.0061702463
0.0060470098
0.0059262347
0.0058078718
0.0056918729
0.0055781909
0.0054667794
0.0053575930
0.0052505874
0.0051457190
0.0050429451
0.0049422239
0.0048435144
0.0047467763
0.0046519704
0.0045590580
0.0044680013
0.0043787633
0.0042913075
0.0042055986
0.0041216014
0.0040392819
0.0039586065
0.0038795425
0.0038020576
0.0037261202
0.0036516995
0.0035787652
0.0035072877
0.0034372377
0.0033685867
0.0033013070
0.0032353710
0.0031707519
0.0031074234
0.0030453598
0.0029845357
0.0029249265
0.0028665078
0.0028092559
0.0027531475
0.0026981597
0.0026442702
0.0025914570
0.0025396986
0.0024889740
0.0024392624
0.0023905438
0.0023427982
0.0022960062
0.0022501487
0.0022052072
0.0021611633
0.0021179990
0.0020756968
0.0020342396
0.0019936103
0.0019537925
0.0019147700
0.0018765269
0.0018390476
0.0018023169
0.0017663197
0.0017310416
0.0016964680
0.0016625849
0.0016293786
0.0015968356
0.0015649424
0.0015336863
0.0015030545
0.0014730344
0.0014436139
0.0014147811
0.0013865241
0.0013588314
0.0013316919
0.0013050944
0.0012790282
0.0012534825
0.0012284471
0.0012039117
0.0011798663
0.0011563012
0.0011332068
0.0011105736
0.0010883924
0.0010666543
0.0010453503
0.0010244719
0.0010040104
0.0009839576
0.0009643053
0.0009450455
0.0009261704
0.1454456523
