0.0489893748
0.0463227538
0.0438012841
0.0414170647
0.0391626245
0.0370308995
0.0350152100
0.0331092397
0.0313070164
0.0296028929
0.0279915293
0.0264678765
0.0250271602
0.0236648658
0.0223767247
0.0211587006
0.0200069766
0.0189179441
0.0178881905
0.0169144891
0.0159937888
0.0151232047
0.0143000088
0.0135216215
0.0127856040
0.0120896498
0.0114315783
0.0108093273
0.0102209471
0.0096645940
0.0091385247
0.0086410906
0.0081707333
0.0077259787
0.0073054333
0.0069077793
0.0065317706
0.0061762291
0.0058400407
0.0055221519
0.0052215666
0.0049373429
0.0046685903
0.0044144666
0.0041741756
0.0039469642
0.0037321205
0.0035289713
0.0033368801
0.0031552449
0.0029834966
0.0028210970
0.0026675373
0.1463386716
