0.0208807228
0.0203962733
0.0199230634
0.0194608323
0.0190093254
0.0185682937
0.0181374944
0.0177166900
0.0173056485
0.0169041436
0.0165119539
0.0161288633
0.0157546607
0.0153891399
0.0150320995
0.0146833427
0.0143426774
0.0140099158
0.0136848745
0.0133673744
0.0130572406
0.0127543021
0.0124583920
0.0121693473
0.0118870087
0.0116112206
0.0113418309
0.0110786913
0.0108216568
0.0105705857
0.0103253396
0.0100857834
0.0098517851
0.0096232158
0.0093999495
0.0091818631
0.0089688365
0.0087607523
0.0085574958
0.0083589550
0.0081650206
0.0079755855
0.0077905455
0.0076097986
0.0074332452
0.0072607879
0.0070923318
0.0069277840
0.0067670539
0.0066100528
0.0064566942
0.0063068938
0.0061605688
0.0060176386
0.0058780246
0.0057416497
0.0056084388
0.0054783185
0.0053512171
0.0052270646
0.0051057925
0.0049873340
0.0048716238
0.0047585983
0.0046481950
0.0045403531
0.0044350133
0.0043321174
0.0042316088
0.0041334321
0.0040375331
0.0039438591
0.0038523584
0.0037629806
0.0036756764
0.0035903978
0.0035070977
0.0034257302
0.0033462505
0.0032686148
0.0031927803
0.0031187052
0.0030463488
0.0029756710
0.0029066331
0.0028391969
0.0027733252
0.0027089818
0.0026461313
0.0025847389
0.0025247709
0.0024661942
0.0024089765
0.0023530863
0.0022984928
0.0022451659
0.0021930763
0.0021421952
0.0020924945
0.0020439470
0.0019965257
0.0019502047
0.0019049584
0.0018607619
0.0018175907
0.0017754211
0.0017342299
0.0016939944
0.0016546924
0.0016163022
0.0015788027
0.0015421732
0.0015063935
0.0014714440
0.0014373053
0.0014039587
0.0013713857
0.0013395684
0.0013084894
0.0012781314
0.0012484777
0.0012195120
0.0011912184
0.0011635811
0.0011365851
0.0011102154
0.0010844575
0.1456577839
