0.0569423974
0.0533396900
0.0499649235
0.0468036763
0.0438424390
0.0410685573
0.0384701771
0.0360361948
0.0337562089
0.0316204761
0.0296198698
0.0277458405
0.0259903797
0.0243459858
0.0228056316
0.0213627345
0.0200111286
0.0187450379
0.0175590519
0.0164481025
0.0154074420
0.0144326235
0.0135194811
0.0126641126
0.0118628626
0.0111123073
0.0104092390
0.0097506534
0.0091337361
0.0085558508
0.0080145278
0.0075074540
0.0070324624
0.0065875232
0.0061707350
0.0057803168
0.0054146000
0.0050720219
0.0047511185
0.0044505184
0.0041689371
0.0039051712
0.0036580936
0.0034266485
0.0032098467
0.1475232133
