0.0190267679
0.0186245258
0.0182307874
0.0178453730
0.0174681066
0.0170988159
0.0167373324
0.0163834909
0.0160371299
0.0156980913
0.0153662202
0.0150413652
0.0147233779
0.0144121132
0.0141074288
0.0138091857
0.0135172478
0.0132314816
0.0129517568
0.0126779456
0.0124099230
0.0121475667
0.0118907567
0.0116393760
0.0113933097
0.0111524454
0.0109166732
0.0106858854
0.0104599766
0.0102388438
0.0100223859
0.0098105041
0.0096031017
0.0094000839
0.0092013581
0.0090068336
0.0088164214
0.0086300348
0.0084475885
0.0082689992
0.0080941855
0.0079230675
0.0077555671
0.0075916078
0.0074311148
0.0072740147
0.0071202358
0.0069697079
0.0068223624
0.0066781318
0.0065369504
0.0063987537
0.0062634786
0.0061310633
0.0060014474
0.0058745717
0.0057503782
0.0056288103
0.0055098124
0.0053933303
0.0052793107
0.0051677016
0.0050584520
0.0049515120
0.0048468328
0.0047443666
0.0046440666
0.0045458871
0.0044497832
0.0043557110
0.0042636275
0.0041734908
0.0040852596
0.0039988938
0.0039143537
0.0038316010
0.0037505976
0.0036713068
0.0035936923
0.0035177185
0.0034433510
0.0033705556
0.0032992992
0.0032295492
0.0031612737
0.0030944417
0.0030290226
0.0029649865
0.0029023041
0.0028409469
0.0027808869
0.0027220966
0.0026645491
0.0026082183
0.0025530783
0.0024991041
0.0024462709
0.0023945546
0.0023439317
0.0022943790
0.0022458738
0.0021983942
0.0021519182
0.0021064248
0.0020618932
0.0020183030
0.0019756344
0.0019338678
0.0018929842
0.0018529649
0.0018137916
0.0017754465
0.0017379121
0.0017011711
0.0016652069
0.0016300030
0.0015955434
0.0015618122
0.0015287942
0.0014964742
0.0014648374
0.0014338695
0.0014035563
0.0013738839
0.0013448388
0.0013164078
0.0012885778
0.0012613362
0.0012346704
0.0012085685
0.0011830183
0.0011580083
0.0011335270
0.0011095633
0.0010861061
0.0010631449
0.0010406691
0.0010186685
0.0009971330
0.0009760528
0.1451929803
