0.0477760804
0.0452399094
0.0428383699
0.0405643150
0.0384109773
0.0363719485
0.0344411605
0.0326128676
0.0308816287
0.0292422918
0.0276899784
0.0262200688
0.0248281887
0.0235101959
0.0222621681
0.0210803913
0.0199613485
0.0189017097
0.0178983212
0.0169481972
0.0160485100
0.0151965824
0.0143898789
0.0136259989
0.0129026691
0.0122177369
0.0115691640
0.0109550203
0.0103734782
0.0098228069
0.0093013678
0.0088076090
0.0083400612
0.0078973330
0.0074781067
0.0070811349
0.0067052362
0.0063492918
0.0060122426
0.0056930855
0.0053908708
0.0051046989
0.0048337183
0.0045771226
0.0043341482
0.0041040720
0.0038862092
0.0036799116
0.0034845652
0.0032995887
0.0031244316
0.0029585726
0.0028015182
0.0026528009
0.0025119782
0.1448083615
