0.0185178584
0.0181368461
0.0177636733
0.0173981786
0.0170402042
0.0166895952
0.0163462001
0.0160098705
0.0156804611
0.0153578293
0.0150418359
0.0147323441
0.0144292203
0.0141323333
0.0138415549
0.0135567594
0.0132778237
0.0130046272
0.0127370518
0.0124749819
0.0122183042
0.0119669077
0.0117206838
0.0114795261
0.0112433302
0.0110119943
0.0107854181
0.0105635038
0.0103461555
0.0101332792
0.0099247830
0.0097205766
0.0095205719
0.0093246823
0.0091328233
0.0089449118
0.0087608667
0.0085806084
0.0084040589
0.0082311421
0.0080617830
0.0078959086
0.0077334472
0.0075743284
0.0074184836
0.0072658454
0.0071163477
0.0069699260
0.0068265170
0.0066860587
0.0065484904
0.0064137526
0.0062817871
0.0061525368
0.0060259459
0.0059019597
0.0057805245
0.0056615879
0.0055450985
0.0054310059
0.0053192608
0.0052098148
0.0051026208
0.0049976324
0.0048948041
0.0047940916
0.0046954512
0.0045988404
0.0045042175
0.0044115414
0.0043207722
0.0042318706
0.0041447981
0.0040595173
0.0039759911
0.0038941835
0.0038140591
0.0037355833
0.0036587222
0.0035834425
0.0035097118
0.0034374981
0.0033667702
0.0032974975
0.0032296502
0.0031631989
0.0030981148
0.0030343699
0.0029719365
0.0029107877
0.0028508971
0.0027922387
0.0027347873
0.0026785180
0.0026234064
0.0025694288
0.0025165618
0.0024647825
0.0024140686
0.0023643982
0.0023157498
0.0022681023
0.0022214352
0.0021757283
0.0021309618
0.0020871164
0.0020441732
0.0020021135
0.0019609192
0.0019205725
0.0018810560
0.0018423525
0.0018044453
0.0017673182
0.0017309549
0.0016953398
0.0016604575
0.0016262929
0.0015928313
0.0015600582
0.0015279594
0.0014965210
0.0014657295
0.0014355715
0.0014060340
0.0013771043
0.0013487699
0.0013210184
0.0012938379
0.0012672167
0.0012411432
0.0012156062
0.0011905946
0.0011660976
0.0011421047
0.0011186055
0.0010955897
0.0010730475
0.0010509691
0.0010293450
0.0010081658
0.0009874224
0.0009671058
0.0009472072
0.1450887049
