0.0493474287
0.0466416857
0.0440842998
0.0416671367
0.0393825077
0.0372231461
0.0351821832
0.0332531274
0.0314298426
0.0297065293
0.0280777062
0.0265381922
0.0250830904
0.0237077726
0.0224078642
0.0211792303
0.0200179630
0.0189203686
0.0178829558
0.0169024248
0.0159756568
0.0150997039
0.0142717799
0.0134892515
0.0127496294
0.0120505611
0.0113898231
0.0107653137
0.0101750464
0.0096171438
0.0090898312
0.0085914314
0.0081203591
0.0076751160
0.0072542857
0.0068565298
0.0064805830
0.0061252495
0.0057893992
0.0054719637
0.0051719333
0.0048883537
0.0046203230
0.0043669885
0.0041275444
0.0039012292
0.0036873229
0.0034851452
0.0032940531
0.0031134386
0.0029427273
0.0027813761
0.0026288719
0.1453165795
