0.0208968829
0.0204116832
0.0199377493
0.0194748195
0.0190226383
0.0185809563
0.0181495295
0.0177281200
0.0173164951
0.0169144275
0.0165216955
0.0161380823
0.0157633760
0.0153973700
0.0150398622
0.0146906552
0.0143495565
0.0140163776
0.0136909347
0.0133730482
0.0130625426
0.0127592466
0.0124629927
0.0121736175
0.0118909612
0.0116148678
0.0113451850
0.0110817639
0.0108244591
0.0105731286
0.0103276337
0.0100878388
0.0098536117
0.0096248231
0.0094013467
0.0091830591
0.0089698398
0.0087615713
0.0085581385
0.0083594291
0.0081653336
0.0079757446
0.0077905577
0.0076096707
0.0074329836
0.0072603989
0.0070918215
0.0069271582
0.0067663182
0.0066092126
0.0064557549
0.0063058603
0.0061594461
0.0060164314
0.0058767373
0.0057402868
0.0056070044
0.0054768167
0.0053496519
0.0052254396
0.0051041114
0.0049856002
0.0048698408
0.0047567691
0.0046463228
0.0045384410
0.0044330640
0.0043301338
0.0042295935
0.0041313875
0.0040354618
0.0039417634
0.0038502406
0.0037608428
0.0036735207
0.0035882261
0.0035049119
0.0034235322
0.0033440421
0.0032663975
0.0031905558
0.0031164751
0.0030441144
0.0029734339
0.0029043944
0.0028369580
0.0027710873
0.0027067461
0.0026438988
0.0025825108
0.0025225481
0.0024639777
0.0024067672
0.0023508850
0.0022963004
0.0022429831
0.0021909039
0.0021400338
0.0020903449
0.0020418096
0.0019944014
0.0019480938
0.0019028615
0.0018586794
0.0018155232
0.0017733690
0.0017321936
0.0016919742
0.0016526887
0.0016143153
0.0015768329
0.0015402208
0.0015044588
0.0014695271
0.0014354065
0.0014020781
0.0013695236
0.0013377250
0.0013066647
0.0012763255
0.0012466909
0.0012177442
0.0011894697
0.0011618517
0.0011348750
0.0011085246
0.0010827860
0.1455513179
