0.0553098986
0.0519108043
0.0487206028
0.0457264566
0.0429163170
0.0402788757
0.0378035195
0.0354802875
0.0332998307
0.0312533749
0.0293326849
0.0275300317
0.0258381614
0.0242502658
0.0227599550
0.0213612319
0.0200484679
0.0188163804
0.0176600114
0.0165747076
0.0155561016
0.0146000945
0.0137028392
0.0128607252
0.0120703636
0.0113285741
0.0106323715
0.0099789544
0.0093656934
0.0087901205
0.0082499198
0.0077429173
0.0072670729
0.0068204717
0.0064013166
0.0060079209
0.0056387014
0.0052921725
0.0049669397
0.0046616942
0.0043752078
0.0041063274
0.0038539713
0.0036171237
0.0033948318
0.0031862009
0.0029903915
0.1456691149
