0.0445451276
0.0423403849
0.0402447651
0.0382528671
0.0363595573
0.0345599560
0.0328494253
0.0312235566
0.0296781596
0.0282092513
0.0268130461
0.0254859455
0.0242245292
0.0230255461
0.0218859063
0.0208026724
0.0197730527
0.0187943937
0.0178641729
0.0169799931
0.0161395753
0.0153407537
0.0145814695
0.0138597657
0.0131737823
0.0125217514
0.0119019925
0.0113129083
0.0107529806
0.0102207663
0.0097148937
0.0092340590
0.0087770231
0.0083426080
0.0079296940
0.0075372171
0.0071641657
0.0068095783
0.0064725410
0.0061521853
0.0058476854
0.0055582566
0.0052831530
0.0050216655
0.0047731203
0.0045368767
0.0043123258
0.0040988891
0.0038960162
0.0037031845
0.0035198969
0.0033456811
0.0031800880
0.0030226909
0.0028730840
0.0027308819
0.0025957181
0.0024672441
0.0023451288
0.1450363934
