0.0080404466
0.0079686146
0.0078974244
0.0078268701
0.0077569462
0.0076876470
0.0076189668
0.0075509003
0.0074834418
0.0074165860
0.0073503275
0.0072846609
0.0072195810
0.0071550825
0.0070911602
0.0070278090
0.0069650238
0.0069027994
0.0068411310
0.0067800135
0.0067194420
0.0066594117
0.0065999176
0.0065409551
0.0064825193
0.0064246056
0.0063672092
0.0063103257
0.0062539503
0.0061980786
0.0061427060
0.0060878281
0.0060334405
0.0059795388
0.0059261186
0.0058731757
0.0058207057
0.0057687045
0.0057171679
0.0056660917
0.0056154718
0.0055653041
0.0055155846
0.0054663093
0.0054174743
0.0053690755
0.0053211091
0.0052735712
0.0052264580
0.0051797657
0.0051334906
0.0050876289
0.0050421768
0.0049971309
0.0049524874
0.0049082427
0.0048643933
0.0048209356
0.0047778662
0.0047351816
0.0046928783
0.0046509529
0.0046094021
0.0045682225
0.0045274107
0.0044869636
0.0044468779
0.0044071502
0.0043677775
0.0043287565
0.0042900841
0.0042517572
0.0042137728
0.0041761276
0.0041388188
0.0041018433
0.0040651982
0.0040288804
0.0039928870
0.0039572153
0.0039218622
0.0038868249
0.0038521007
0.0038176867
0.0037835801
0.0037497783
0.0037162784
0.0036830778
0.0036501738
0.0036175638
0.0035852451
0.0035532151
0.0035214713
0.0034900111
0.0034588319
0.0034279313
0.0033973067
0.0033669558
0.0033368760
0.0033070649
0.0032775201
0.0032482393
0.0032192201
0.0031904601
0.0031619571
0.0031337087
0.0031057127
0.0030779668
0.0030504688
0.0030232164
0.0029962075
0.0029694399
0.0029429114
0.0029166200
0.0028905634
0.0028647396
0.0028391465
0.0028137820
0.0027886442
0.0027637309
0.0027390402
0.0027145701
0.0026903186
0.0026662837
0.0026424636
0.0026188563
0.0025954599
0.0025722725
0.0025492922
0.0025265173
0.0025039458
0.0024815760
0.0024594060
0.0024374341
0.0024156585
0.0023940774
0.0023726891
0.0023514919
0.0023304841
0.0023096639
0.0022890298
0.0022685800
0.0022483129
0.0022282268
0.0022083202
0.0021885915
0.0021690390
0.0021496612
0.0021304565
0.0021114233
0.0020925602
0.0020738657
0.0020553381
0.0020369760
0.0020187781
0.0020007426
0.0019828683
0.0019651537
0.0019475974
0.0019301979
0.0019129538
0.0018958638
0.0018789265
0.0018621405
0.0018455044
0.0018290170
0.0018126769
0.0017964827
0.0017804333
0.0017645272
0.0017487632
0.0017331400
0.0017176565
0.0017023112
0.0016871031
0.0016720308
0.0016570931
0.0016422889
0.0016276170
0.0016130762
0.0015986652
0.0015843830
0.0015702284
0.0015562003
0.0015422974
0.0015285188
0.0015148633
0.0015013297
0.0014879171
0.0014746243
0.0014614503
0.0014483939
0.0014354542
0.0014226301
0.0014099206
0.0013973246
0.0013848411
0.0013724692
0.0013602078
0.0013480559
0.0013360126
0.0013240769
0.0013122478
0.0013005244
0.0012889058
0.0012773909
0.0012659789
0.0012546689
0.0012434599
0.0012323510
0.0012213414
0.0012104302
0.0011996164
0.0011888992
0.0011782778
0.0011677513
0.0011573188
0.0011469795
0.0011367326
0.0011265772
0.0011165125
0.0011065378
0.0010966522
0.0010868549
0.0010771451
0.0010675221
0.0010579850
0.0010485332
0.0010391657
0.0010298820
0.0010206812
0.0010115626
0.0010025255
0.0009935691
0.0009846927
0.0009758957
0.0009671772
0.0009585366
0.0009499732
0.0009414863
0.0009330752
0.0009247393
0.0009164778
0.0009082901
0.0009001756
0.0008921336
0.0008841634
0.0008762645
0.0008684361
0.0008606776
0.0008529885
0.0008453680
0.0008378156
0.0008303307
0.0008229127
0.0008155610
0.0008082749
0.0008010539
0.0007938974
0.0007868049
0.0007797757
0.0007728093
0.0007659051
0.0007590627
0.0007522813
0.0007455606
0.0007388999
0.0007322987
0.0007257564
0.0007192727
0.0007128468
0.0007064783
0.0007001668
0.0006939116
0.0006877123
0.0006815684
0.0006754794
0.0006694448
0.0006634641
0.0006575368
0.0006516625
0.0006458406
0.0006400708
0.0006343525
0.0006286853
0.0006230688
0.0006175024
0.0006119857
0.0006065183
0.0006010998
0.0005957297
0.0005904075
0.0005851329
0.0005799055
0.0005747247
0.0005695902
0.0005645016
0.0005594584
0.0005544603
0.0005495068
0.0005445976
0.0005397323
0.0005349104
0.0005301316
0.0005253955
0.0005207017
0.0005160499
0.0005114396
0.0005068705
0.0005023422
0.0004978543
0.0004934066
0.0004889986
0.0004846299
0.0004803003
0.0004760094
0.0004717568
0.0004675422
0.0004633653
0.0004592257
0.0004551230
0.0004510570
0.0004470274
0.0004430337
0.0004390757
0.0004351531
0.0004312655
0.0004274126
0.0004235942
0.0004198099
0.0004160594
0.0004123424
0.0004086586
0.0004050077
0.1449291568
