0.0000000000
0.0079000000
0.0175000000
0.0234000000
0.0318000000
0.0365000000
0.0449000000
0.0502000000
0.0511000000
0.0514000000
0.0448000000
0.0434000000
0.0365000000
0.0336000000
0.0315000000
0.0324000000
0.0277000000
0.0260000000
0.0198000000
0.0197000000
0.0202000000
0.0218000000
0.0172000000
0.0166000000
0.0150000000
0.0132000000
0.0141000000
0.0116000000
0.0102000000
0.0094000000
0.0087000000
0.0061000000
0.0099000000
0.0070000000
0.0077000000
0.0063000000
0.0069000000
0.0041000000
0.0043000000
0.0043000000
0.0040000000
0.0038000000
0.0042000000
0.0033000000
0.0036000000
0.0022000000
0.0027000000
0.0026000000
0.0015000000
0.0021000000
0.0020000000
0.1233000000
