0.0000000000
0.0076000000
0.0139000000
0.0181000000
0.0224000000
0.0261000000
0.0355000000
0.0397000000
0.0430000000
0.0438000000
0.0416000000
0.0402000000
0.0402000000
0.0351000000
0.0325000000
0.0289000000
0.0263000000
0.0256000000
0.0257000000
0.0259000000
0.0213000000
0.0197000000
0.0185000000
0.0198000000
0.0167000000
0.0125000000
0.0143000000
0.0121000000
0.0132000000
0.0123000000
0.0090000000
0.0120000000
0.0103000000
0.0100000000
0.0084000000
0.0075000000
0.0073000000
0.0064000000
0.0058000000
0.0063000000
0.0050000000
0.0051000000
0.0047000000
0.0052000000
0.0049000000
0.0029000000
0.0039000000
0.0033000000
0.0043000000
0.0022000000
0.0024000000
0.0026000000
0.0030000000
0.0018000000
0.0025000000
0.0022000000
0.0016000000
0.0017000000
0.0012000000
0.1240000000
