0.0000000000
0.0078000000
0.0194000000
0.0250000000
0.0343000000
0.0311000000
0.0469000000
0.0509000000
0.0510000000
0.0441000000
0.0428000000
0.0429000000
0.0407000000
0.0357000000
0.0327000000
0.0284000000
0.0294000000
0.0252000000
0.0238000000
0.0210000000
0.0216000000
0.0182000000
0.0169000000
0.0165000000
0.0158000000
0.0141000000
0.0111000000
0.0105000000
0.0108000000
0.0090000000
0.0097000000
0.0081000000
0.0072000000
0.0060000000
0.0069000000
0.0067000000
0.0063000000
0.0057000000
0.0053000000
0.0051000000
0.0040000000
0.0028000000
0.0036000000
0.0044000000
0.0033000000
0.0026000000
0.0024000000
0.0030000000
0.0017000000
0.0022000000
0.1254000000
