0.3980000000
0.0375000000
0.0366000000
0.0341000000
0.0277000000
0.0273000000
0.0233000000
0.0240000000
0.0249000000
0.0203000000
0.0195000000
0.0166000000
0.0165000000
0.0144000000
0.0135000000
0.0130000000
0.0138000000
0.0113000000
0.0094000000
0.0093000000
0.0078000000
0.0079000000
0.0059000000
0.0058000000
0.0053000000
0.0068000000
0.0062000000
0.0049000000
0.0042000000
0.0044000000
0.0034000000
0.0038000000
0.0037000000
0.0027000000
0.0026000000
0.0028000000
0.0116000000
0.0096000000
0.0100000000
0.0091000000
0.0076000000
0.0088000000
0.0076000000
0.0076000000
0.0093000000
0.0084000000
0.0084000000
0.0095000000
0.0076000000
0.0086000000
0.0071000000
