0.3995000000
0.0408000000
0.0362000000
0.0374000000
0.0349000000
0.0298000000
0.0257000000
0.0256000000
0.0261000000
0.0193000000
0.0185000000
0.0162000000
0.0155000000
0.0148000000
0.0126000000
0.0102000000
0.0125000000
0.0093000000
0.0091000000
0.0094000000
0.0076000000
0.0087000000
0.0066000000
0.0073000000
0.0057000000
0.0055000000
0.0051000000
0.0041000000
0.0040000000
0.0035000000
0.0031000000
0.0027000000
0.0076000000
0.0097000000
0.0086000000
0.0107000000
0.0107000000
0.0091000000
0.0101000000
0.0084000000
0.0110000000
0.0096000000
0.0099000000
0.0100000000
0.0077000000
0.0096000000
