0.3991000000
0.0393000000
0.0345000000
0.0330000000
0.0290000000
0.0244000000
0.0240000000
0.0228000000
0.0226000000
0.0212000000
0.0200000000
0.0154000000
0.0162000000
0.0161000000
0.0128000000
0.0129000000
0.0120000000
0.0104000000
0.0087000000
0.0101000000
0.0086000000
0.0094000000
0.0076000000
0.0067000000
0.0056000000
0.0051000000
0.0056000000
0.0048000000
0.0040000000
0.0039000000
0.0047000000
0.0037000000
0.0033000000
0.0029000000
0.0026000000
0.0030000000
0.0068000000
0.0107000000
0.0094000000
0.0074000000
0.0101000000
0.0087000000
0.0090000000
0.0097000000
0.0077000000
0.0069000000
0.0078000000
0.0073000000
0.0088000000
0.0084000000
0.0073000000
0.0080000000
