0.2489000000
0.0480000000
0.0465000000
0.0445000000
0.0347000000
0.0342000000
0.0273000000
0.0330000000
0.0269000000
0.0272000000
0.0244000000
0.0202000000
0.0205000000
0.0223000000
0.0196000000
0.0159000000
0.0149000000
0.0148000000
0.0126000000
0.0107000000
0.0096000000
0.0109000000
0.0110000000
0.0086000000
0.0075000000
0.0077000000
0.0065000000
0.0069000000
0.0056000000
0.0057000000
0.0049000000
0.0050000000
0.0196000000
0.0238000000
0.0235000000
0.0214000000
0.0202000000
0.0169000000
0.0197000000
0.0179000000
