0.2423000000
0.0433000000
0.0417000000
0.0365000000
0.0362000000
0.0319000000
0.0297000000
0.0268000000
0.0262000000
0.0247000000
0.0240000000
0.0198000000
0.0204000000
0.0190000000
0.0168000000
0.0182000000
0.0170000000
0.0131000000
0.0150000000
0.0129000000
0.0102000000
0.0101000000
0.0098000000
0.0110000000
0.0097000000
0.0086000000
0.0081000000
0.0085000000
0.0072000000
0.0066000000
0.0053000000
0.0061000000
0.0057000000
0.0060000000
0.0048000000
0.0042000000
0.0046000000
0.0172000000
0.0205000000
0.0156000000
0.0197000000
0.0167000000
0.0165000000
0.0183000000
0.0161000000
0.0174000000
