0.2498000000
0.0451000000
0.0434000000
0.0426000000
0.0358000000
0.0387000000
0.0351000000
0.0313000000
0.0253000000
0.0244000000
0.0223000000
0.0223000000
0.0214000000
0.0192000000
0.0166000000
0.0162000000
0.0168000000
0.0146000000
0.0129000000
0.0111000000
0.0117000000
0.0106000000
0.0091000000
0.0089000000
0.0093000000
0.0091000000
0.0050000000
0.0067000000
0.0063000000
0.0063000000
0.0052000000
0.0045000000
0.0202000000
0.0221000000
0.0208000000
0.0211000000
0.0197000000
0.0192000000
0.0199000000
0.0194000000
