0.2418000000
0.0364000000
0.0346000000
0.0313000000
0.0318000000
0.0274000000
0.0278000000
0.0242000000
0.0255000000
0.0239000000
0.0211000000
0.0177000000
0.0194000000
0.0179000000
0.0171000000
0.0146000000
0.0182000000
0.0142000000
0.0140000000
0.0145000000
0.0151000000
0.0128000000
0.0094000000
0.0088000000
0.0096000000
0.0074000000
0.0080000000
0.0093000000
0.0084000000
0.0072000000
0.0079000000
0.0068000000
0.0065000000
0.0063000000
0.0050000000
0.0063000000
0.0056000000
0.0035000000
0.0049000000
0.0043000000
0.0034000000
0.0039000000
0.0037000000
0.0141000000
0.0173000000
0.0166000000
0.0149000000
0.0148000000
0.0138000000
0.0147000000
0.0137000000
0.0158000000
0.0122000000
0.0146000000
