0.2485000000
0.0448000000
0.0491000000
0.0419000000
0.0372000000
0.0328000000
0.0321000000
0.0275000000
0.0279000000
0.0268000000
0.0240000000
0.0210000000
0.0241000000
0.0208000000
0.0152000000
0.0178000000
0.0148000000
0.0150000000
0.0120000000
0.0133000000
0.0109000000
0.0104000000
0.0095000000
0.0078000000
0.0084000000
0.0086000000
0.0069000000
0.0067000000
0.0052000000
0.0050000000
0.0059000000
0.0052000000
0.0221000000
0.0224000000
0.0230000000
0.0185000000
0.0216000000
0.0191000000
0.0167000000
0.0195000000
