0.1946000000
0.0418000000
0.0353000000
0.0370000000
0.0351000000
0.0319000000
0.0273000000
0.0284000000
0.0259000000
0.0254000000
0.0225000000
0.0221000000
0.0201000000
0.0208000000
0.0187000000
0.0177000000
0.0190000000
0.0171000000
0.0145000000
0.0133000000
0.0139000000
0.0134000000
0.0111000000
0.0098000000
0.0107000000
0.0096000000
0.0089000000
0.0068000000
0.0082000000
0.0078000000
0.0075000000
0.0069000000
0.0079000000
0.0071000000
0.0057000000
0.0053000000
0.0052000000
0.0049000000
0.0048000000
0.0032000000
0.0040000000
0.0040000000
0.0041000000
0.0035000000
0.0170000000
0.0212000000
0.0213000000
0.0196000000
0.0192000000
0.0207000000
0.0185000000
0.0197000000
