0.1930000000
0.0330000000
0.0342000000
0.0341000000
0.0288000000
0.0297000000
0.0282000000
0.0283000000
0.0236000000
0.0254000000
0.0239000000
0.0217000000
0.0192000000
0.0169000000
0.0194000000
0.0176000000
0.0169000000
0.0135000000
0.0159000000
0.0150000000
0.0130000000
0.0128000000
0.0125000000
0.0118000000
0.0098000000
0.0087000000
0.0103000000
0.0086000000
0.0094000000
0.0074000000
0.0088000000
0.0069000000
0.0065000000
0.0071000000
0.0075000000
0.0061000000
0.0062000000
0.0049000000
0.0046000000
0.0053000000
0.0045000000
0.0047000000
0.0053000000
0.0037000000
0.0036000000
0.0035000000
0.0030000000
0.0032000000
0.0028000000
0.0148000000
0.0163000000
0.0199000000
0.0169000000
0.0207000000
0.0177000000
0.0183000000
0.0178000000
0.0168000000
