0.1951000000
0.0384000000
0.0299000000
0.0301000000
0.0291000000
0.0257000000
0.0304000000
0.0273000000
0.0230000000
0.0235000000
0.0231000000
0.0223000000
0.0205000000
0.0187000000
0.0173000000
0.0143000000
0.0158000000
0.0156000000
0.0144000000
0.0144000000
0.0142000000
0.0127000000
0.0125000000
0.0129000000
0.0103000000
0.0111000000
0.0093000000
0.0075000000
0.0094000000
0.0088000000
0.0089000000
0.0074000000
0.0077000000
0.0067000000
0.0058000000
0.0076000000
0.0058000000
0.0059000000
0.0050000000
0.0044000000
0.0053000000
0.0037000000
0.0039000000
0.0046000000
0.0036000000
0.0039000000
0.0039000000
0.0030000000
0.0035000000
0.0028000000
0.0036000000
0.0151000000
0.0189000000
0.0193000000
0.0191000000
0.0179000000
0.0157000000
0.0143000000
0.0191000000
0.0160000000
