0.1944000000
0.0382000000
0.0330000000
0.0334000000
0.0282000000
0.0318000000
0.0255000000
0.0281000000
0.0240000000
0.0228000000
0.0205000000
0.0226000000
0.0215000000
0.0199000000
0.0183000000
0.0178000000
0.0158000000
0.0158000000
0.0167000000
0.0126000000
0.0137000000
0.0117000000
0.0119000000
0.0131000000
0.0120000000
0.0095000000
0.0086000000
0.0090000000
0.0095000000
0.0082000000
0.0078000000
0.0073000000
0.0064000000
0.0075000000
0.0062000000
0.0065000000
0.0060000000
0.0058000000
0.0051000000
0.0043000000
0.0048000000
0.0048000000
0.0045000000
0.0037000000
0.0042000000
0.0029000000
0.0035000000
0.0036000000
0.0125000000
0.0208000000
0.0202000000
0.0178000000
0.0170000000
0.0179000000
0.0163000000
0.0179000000
0.0166000000
