0.1988000000
0.0446000000
0.0423000000
0.0387000000
0.0365000000
0.0354000000
0.0325000000
0.0299000000
0.0285000000
0.0270000000
0.0242000000
0.0219000000
0.0225000000
0.0186000000
0.0186000000
0.0177000000
0.0165000000
0.0156000000
0.0148000000
0.0144000000
0.0133000000
0.0125000000
0.0112000000
0.0096000000
0.0097000000
0.0076000000
0.0097000000
0.0084000000
0.0091000000
0.0053000000
0.0068000000
0.0052000000
0.0064000000
0.0072000000
0.0050000000
0.0042000000
0.0043000000
0.0038000000
0.0036000000
0.0217000000
0.0221000000
0.0249000000
0.0227000000
0.0227000000
0.0214000000
0.0226000000
