0.2013000000
0.0537000000
0.0488000000
0.0467000000
0.0416000000
0.0409000000
0.0355000000
0.0312000000
0.0306000000
0.0293000000
0.0267000000
0.0223000000
0.0214000000
0.0202000000
0.0177000000
0.0152000000
0.0175000000
0.0170000000
0.0147000000
0.0116000000
0.0112000000
0.0100000000
0.0112000000
0.0087000000
0.0084000000
0.0074000000
0.0095000000
0.0058000000
0.0067000000
0.0061000000
0.0056000000
0.0040000000
0.0058000000
0.0222000000
0.0285000000
0.0289000000
0.0270000000
0.0249000000
0.0242000000
