0.2643000000
0.0296000000
0.0244000000
0.0261000000
0.0229000000
0.0232000000
0.0206000000
0.0194000000
0.0172000000
0.0208000000
0.0182000000
0.0199000000
0.0176000000
0.0133000000
0.0157000000
0.0152000000
0.0160000000
0.0136000000
0.0137000000
0.0117000000
0.0126000000
0.0114000000
0.0108000000
0.0110000000
0.0097000000
0.0085000000
0.0081000000
0.0087000000
0.0101000000
0.0092000000
0.0220000000
0.0201000000
0.0213000000
0.0190000000
0.0190000000
0.0186000000
0.0179000000
0.0176000000
0.0193000000
0.0154000000
0.0147000000
0.0140000000
0.0154000000
0.0140000000
0.0143000000
0.0139000000
