0.2755000000
0.0266000000
0.0297000000
0.0244000000
0.0250000000
0.0271000000
0.0210000000
0.0225000000
0.0215000000
0.0201000000
0.0199000000
0.0190000000
0.0176000000
0.0173000000
0.0161000000
0.0153000000
0.0125000000
0.0137000000
0.0144000000
0.0144000000
0.0127000000
0.0119000000
0.0098000000
0.0109000000
0.0100000000
0.0080000000
0.0117000000
0.0243000000
0.0242000000
0.0244000000
0.0225000000
0.0206000000
0.0183000000
0.0193000000
0.0163000000
0.0187000000
0.0187000000
0.0172000000
0.0147000000
0.0162000000
0.0160000000
