0.2361000000
0.0246000000
0.0229000000
0.0247000000
0.0221000000
0.0216000000
0.0223000000
0.0205000000
0.0209000000
0.0186000000
0.0172000000
0.0156000000
0.0138000000
0.0160000000
0.0159000000
0.0136000000
0.0151000000
0.0138000000
0.0145000000
0.0142000000
0.0118000000
0.0129000000
0.0116000000
0.0119000000
0.0111000000
0.0099000000
0.0079000000
0.0087000000
0.0065000000
0.0103000000
0.0077000000
0.0078000000
0.0093000000
0.0073000000
0.0091000000
0.0064000000
0.0104000000
0.0198000000
0.0181000000
0.0190000000
0.0190000000
0.0165000000
0.0184000000
0.0160000000
0.0172000000
0.0171000000
0.0154000000
0.0162000000
0.0154000000
0.0147000000
0.0158000000
0.0168000000
