0.2358000000
0.0262000000
0.0236000000
0.0242000000
0.0235000000
0.0223000000
0.0198000000
0.0208000000
0.0176000000
0.0186000000
0.0193000000
0.0164000000
0.0172000000
0.0159000000
0.0151000000
0.0152000000
0.0144000000
0.0153000000
0.0128000000
0.0117000000
0.0143000000
0.0109000000
0.0108000000
0.0098000000
0.0112000000
0.0088000000
0.0095000000
0.0091000000
0.0104000000
0.0082000000
0.0075000000
0.0085000000
0.0073000000
0.0075000000
0.0075000000
0.0094000000
0.0217000000
0.0199000000
0.0183000000
0.0185000000
0.0191000000
0.0192000000
0.0174000000
0.0185000000
0.0177000000
0.0165000000
0.0158000000
0.0160000000
0.0156000000
0.0157000000
0.0137000000
