0.2343000000
0.0209000000
0.0212000000
0.0219000000
0.0200000000
0.0173000000
0.0192000000
0.0194000000
0.0186000000
0.0191000000
0.0173000000
0.0159000000
0.0180000000
0.0140000000
0.0154000000
0.0148000000
0.0138000000
0.0104000000
0.0115000000
0.0120000000
0.0109000000
0.0090000000
0.0109000000
0.0111000000
0.0081000000
0.0085000000
0.0084000000
0.0081000000
0.0079000000
0.0097000000
0.0085000000
0.0098000000
0.0085000000
0.0079000000
0.0078000000
0.0064000000
0.0075000000
0.0070000000
0.0073000000
0.0063000000
0.0063000000
0.0140000000
0.0175000000
0.0173000000
0.0176000000
0.0166000000
0.0170000000
0.0155000000
0.0135000000
0.0144000000
0.0156000000
0.0144000000
0.0144000000
0.0151000000
0.0148000000
0.0135000000
0.0124000000
0.0127000000
0.0128000000
