0.2375000000
0.0341000000
0.0285000000
0.0318000000
0.0261000000
0.0284000000
0.0281000000
0.0229000000
0.0208000000
0.0220000000
0.0219000000
0.0183000000
0.0186000000
0.0176000000
0.0154000000
0.0154000000
0.0161000000
0.0135000000
0.0144000000
0.0141000000
0.0135000000
0.0111000000
0.0105000000
0.0102000000
0.0110000000
0.0105000000
0.0094000000
0.0080000000
0.0259000000
0.0260000000
0.0275000000
0.0242000000
0.0218000000
0.0204000000
0.0245000000
0.0217000000
0.0211000000
0.0200000000
0.0200000000
0.0172000000
