0.2389000000
0.0280000000
0.0240000000
0.0299000000
0.0255000000
0.0244000000
0.0215000000
0.0206000000
0.0223000000
0.0219000000
0.0190000000
0.0178000000
0.0181000000
0.0154000000
0.0175000000
0.0147000000
0.0136000000
0.0128000000
0.0141000000
0.0122000000
0.0118000000
0.0117000000
0.0104000000
0.0117000000
0.0107000000
0.0091000000
0.0100000000
0.0089000000
0.0101000000
0.0082000000
0.0077000000
0.0091000000
0.0168000000
0.0257000000
0.0225000000
0.0195000000
0.0203000000
0.0205000000
0.0208000000
0.0196000000
0.0172000000
0.0198000000
0.0162000000
0.0166000000
0.0163000000
0.0166000000
