0.0000000000
0.0029000000
0.0060000000
0.0102000000
0.0131000000
0.0128000000
0.0174000000
0.0196000000
0.0210000000
0.0259000000
0.0241000000
0.0290000000
0.0297000000
0.0316000000
0.0348000000
0.0369000000
0.0323000000
0.0316000000
0.0297000000
0.0244000000
0.0303000000
0.0228000000
0.0246000000
0.0228000000
0.0209000000
0.0202000000
0.0200000000
0.0175000000
0.0165000000
0.0139000000
0.0142000000
0.0154000000
0.0116000000
0.0115000000
0.0110000000
0.0101000000
0.0100000000
0.0122000000
0.0098000000
0.0092000000
0.0084000000
0.0065000000
0.0076000000
0.0073000000
0.0080000000
0.0058000000
0.0058000000
0.0049000000
0.0047000000
0.0031000000
0.0047000000
0.1757000000
