0.0000000000
0.0037000000
0.0067000000
0.0110000000
0.0119000000
0.0162000000
0.0183000000
0.0194000000
0.0212000000
0.0259000000
0.0269000000
0.0294000000
0.0306000000
0.0308000000
0.0355000000
0.0354000000
0.0346000000
0.0319000000
0.0302000000
0.0265000000
0.0261000000
0.0256000000
0.0246000000
0.0222000000
0.0208000000
0.0191000000
0.0163000000
0.0190000000
0.0165000000
0.0133000000
0.0146000000
0.0152000000
0.0120000000
0.0122000000
0.0107000000
0.0113000000
0.0116000000
0.0110000000
0.0094000000
0.0082000000
0.0070000000
0.0070000000
0.0067000000
0.0065000000
0.0064000000
0.0048000000
0.0055000000
0.0043000000
0.0058000000
0.0047000000
0.1755000000
