0.0000000000
0.0025000000
0.0053000000
0.0084000000
0.0103000000
0.0089000000
0.0151000000
0.0149000000
0.0185000000
0.0207000000
0.0209000000
0.0216000000
0.0238000000
0.0245000000
0.0262000000
0.0270000000
0.0276000000
0.0312000000
0.0294000000
0.0295000000
0.0287000000
0.0277000000
0.0238000000
0.0237000000
0.0208000000
0.0216000000
0.0187000000
0.0171000000
0.0168000000
0.0177000000
0.0173000000
0.0161000000
0.0137000000
0.0135000000
0.0127000000
0.0124000000
0.0123000000
0.0110000000
0.0118000000
0.0089000000
0.0091000000
0.0092000000
0.0073000000
0.0092000000
0.0089000000
0.0078000000
0.0072000000
0.0073000000
0.0065000000
0.0054000000
0.0052000000
0.0053000000
0.0058000000
0.0042000000
0.0038000000
0.0033000000
0.0040000000
0.1779000000
