0.0000000000
0.0029000000
0.0067000000
0.0096000000
0.0134000000
0.0147000000
0.0186000000
0.0187000000
0.0249000000
0.0214000000
0.0263000000
0.0302000000
0.0311000000
0.0330000000
0.0309000000
0.0326000000
0.0332000000
0.0327000000
0.0319000000
0.0285000000
0.0264000000
0.0259000000
0.0225000000
0.0233000000
0.0201000000
0.0202000000
0.0161000000
0.0174000000
0.0162000000
0.0161000000
0.0143000000
0.0142000000
0.0129000000
0.0122000000
0.0097000000
0.0092000000
0.0098000000
0.0100000000
0.0096000000
0.0089000000
0.0069000000
0.0075000000
0.0087000000
0.0071000000
0.0063000000
0.0060000000
0.0055000000
0.0041000000
0.0060000000
0.0047000000
0.1809000000
