0.0000000000
0.0032000000
0.0075000000
0.0137000000
0.0129000000
0.0167000000
0.0194000000
0.0198000000
0.0240000000
0.0286000000
0.0297000000
0.0353000000
0.0347000000
0.0368000000
0.0400000000
0.0349000000
0.0336000000
0.0304000000
0.0285000000
0.0274000000
0.0288000000
0.0231000000
0.0225000000
0.0216000000
0.0197000000
0.0197000000
0.0184000000
0.0150000000
0.0164000000
0.0158000000
0.0139000000
0.0134000000
0.0112000000
0.0104000000
0.0108000000
0.0101000000
0.0104000000
0.0090000000
0.0079000000
0.0069000000
0.0069000000
0.0058000000
0.0067000000
0.0060000000
0.0060000000
0.0062000000
0.1803000000
