0.0000000000
0.0021000000
0.0057000000
0.0077000000
0.0087000000
0.0106000000
0.0125000000
0.0161000000
0.0198000000
0.0196000000
0.0188000000
0.0231000000
0.0231000000
0.0224000000
0.0264000000
0.0267000000
0.0319000000
0.0284000000
0.0262000000
0.0259000000
0.0284000000
0.0287000000
0.0242000000
0.0229000000
0.0218000000
0.0246000000
0.0200000000
0.0186000000
0.0170000000
0.0165000000
0.0154000000
0.0139000000
0.0152000000
0.0115000000
0.0156000000
0.0105000000
0.0112000000
0.0127000000
0.0117000000
0.0101000000
0.0098000000
0.0089000000
0.0097000000
0.0078000000
0.0083000000
0.0060000000
0.0066000000
0.0056000000
0.0064000000
0.0062000000
0.0075000000
0.0065000000
0.0056000000
0.0051000000
0.0046000000
0.0037000000
0.0037000000
0.0034000000
0.1784000000
