0.0000000000
0.0040000000
0.0068000000
0.0105000000
0.0110000000
0.0126000000
0.0165000000
0.0193000000
0.0231000000
0.0228000000
0.0273000000
0.0269000000
0.0289000000
0.0325000000
0.0341000000
0.0317000000
0.0326000000
0.0315000000
0.0286000000
0.0268000000
0.0268000000
0.0240000000
0.0241000000
0.0240000000
0.0202000000
0.0185000000
0.0175000000
0.0176000000
0.0188000000
0.0154000000
0.0161000000
0.0154000000
0.0126000000
0.0133000000
0.0121000000
0.0104000000
0.0106000000
0.0104000000
0.0098000000
0.0079000000
0.0091000000
0.0075000000
0.0060000000
0.0063000000
0.0064000000
0.0055000000
0.0058000000
0.0064000000
0.0055000000
0.0047000000
0.0040000000
0.1798000000
