0.0000000000
0.0037000000
0.0079000000
0.0106000000
0.0142000000
0.0180000000
0.0231000000
0.0252000000
0.0260000000
0.0305000000
0.0321000000
0.0350000000
0.0374000000
0.0399000000
0.0385000000
0.0367000000
0.0325000000
0.0300000000
0.0306000000
0.0292000000
0.0241000000
0.0237000000
0.0211000000
0.0213000000
0.0200000000
0.0204000000
0.0160000000
0.0168000000
0.0132000000
0.0143000000
0.0125000000
0.0134000000
0.0124000000
0.0110000000
0.0108000000
0.0098000000
0.0085000000
0.0089000000
0.0076000000
0.0079000000
0.0059000000
0.0073000000
0.0048000000
0.0052000000
0.0053000000
0.1767000000
