0.0000000000
0.0049000000
0.0109000000
0.0160000000
0.0187000000
0.0257000000
0.0269000000
0.0310000000
0.0327000000
0.0368000000
0.0410000000
0.0400000000
0.0492000000
0.0391000000
0.0400000000
0.0369000000
0.0323000000
0.0288000000
0.0275000000
0.0262000000
0.0242000000
0.0197000000
0.0210000000
0.0224000000
0.0194000000
0.0158000000
0.0150000000
0.0156000000
0.0138000000
0.0126000000
0.0106000000
0.0113000000
0.0110000000
0.0080000000
0.0089000000
0.0080000000
0.0072000000
0.0062000000
0.0059000000
0.1788000000
