0.1748000000
0.0230000000
0.0254000000
0.0261000000
0.0242000000
0.0243000000
0.0236000000
0.0261000000
0.0281000000
0.0298000000
0.0289000000
0.0270000000
0.0284000000
0.0306000000
0.0272000000
0.0268000000
0.0225000000
0.0217000000
0.0186000000
0.0193000000
0.0195000000
0.0181000000
0.0144000000
0.0144000000
0.0118000000
0.0129000000
0.0090000000
0.0114000000
0.0095000000
0.0088000000
0.0087000000
0.0074000000
0.0068000000
0.0068000000
0.0061000000
0.0051000000
0.0047000000
0.0054000000
0.0036000000
0.0054000000
0.0083000000
0.0068000000
0.0076000000
0.0079000000
0.0077000000
0.0074000000
0.0086000000
0.0075000000
0.0068000000
0.0072000000
0.0055000000
0.0067000000
0.0658000000
