0.1814000000
0.0250000000
0.0279000000
0.0276000000
0.0282000000
0.0301000000
0.0324000000
0.0317000000
0.0308000000
0.0335000000
0.0350000000
0.0321000000
0.0299000000
0.0306000000
0.0278000000
0.0290000000
0.0219000000
0.0212000000
0.0184000000
0.0180000000
0.0160000000
0.0137000000
0.0094000000
0.0134000000
0.0121000000
0.0110000000
0.0087000000
0.0084000000
0.0092000000
0.0076000000
0.0056000000
0.0059000000
0.0051000000
0.0048000000
0.0075000000
0.0065000000
0.0087000000
0.0092000000
0.0089000000
0.0077000000
0.0078000000
0.0072000000
0.0073000000
0.0077000000
0.0067000000
0.0714000000
