0.1761000000
0.0207000000
0.0218000000
0.0232000000
0.0226000000
0.0220000000
0.0230000000
0.0223000000
0.0217000000
0.0225000000
0.0282000000
0.0298000000
0.0263000000
0.0278000000
0.0283000000
0.0244000000
0.0228000000
0.0222000000
0.0210000000
0.0197000000
0.0184000000
0.0146000000
0.0186000000
0.0137000000
0.0122000000
0.0131000000
0.0126000000
0.0112000000
0.0097000000
0.0113000000
0.0088000000
0.0082000000
0.0082000000
0.0073000000
0.0066000000
0.0065000000
0.0068000000
0.0054000000
0.0064000000
0.0048000000
0.0038000000
0.0048000000
0.0054000000
0.0053000000
0.0059000000
0.0078000000
0.0073000000
0.0069000000
0.0065000000
0.0063000000
0.0057000000
0.0059000000
0.0061000000
0.0058000000
0.0058000000
0.0044000000
0.0044000000
0.0711000000
