0.1772000000
0.0302000000
0.0302000000
0.0344000000
0.0306000000
0.0315000000
0.0348000000
0.0364000000
0.0326000000
0.0372000000
0.0386000000
0.0369000000
0.0333000000
0.0268000000
0.0280000000
0.0249000000
0.0201000000
0.0220000000
0.0180000000
0.0170000000
0.0137000000
0.0150000000
0.0106000000
0.0106000000
0.0090000000
0.0091000000
0.0085000000
0.0072000000
0.0069000000
0.0071000000
0.0045000000
0.0068000000
0.0102000000
0.0112000000
0.0080000000
0.0074000000
0.0104000000
0.0075000000
0.0086000000
0.0076000000
0.0082000000
0.0712000000
