0.1794000000
0.0273000000
0.0296000000
0.0339000000
0.0354000000
0.0397000000
0.0375000000
0.0370000000
0.0369000000
0.0400000000
0.0364000000
0.0327000000
0.0300000000
0.0287000000
0.0251000000
0.0210000000
0.0229000000
0.0199000000
0.0169000000
0.0166000000
0.0150000000
0.0154000000
0.0112000000
0.0112000000
0.0101000000
0.0088000000
0.0088000000
0.0070000000
0.0068000000
0.0051000000
0.0112000000
0.0115000000
0.0099000000
0.0095000000
0.0091000000
0.0079000000
0.0085000000
0.0074000000
0.0071000000
0.0716000000
