0.4188000000
0.0311000000
0.0281000000
0.0233000000
0.0241000000
0.0199000000
0.0194000000
0.0175000000
0.0185000000
0.0175000000
0.0172000000
0.0168000000
0.0127000000
0.0135000000
0.0129000000
0.0104000000
0.0123000000
0.0089000000
0.0093000000
0.0091000000
0.0104000000
0.0090000000
0.0107000000
0.0066000000
0.0071000000
0.0050000000
0.0052000000
0.0060000000
0.0058000000
0.0117000000
0.0122000000
0.0114000000
0.0114000000
0.0098000000
0.0098000000
0.0110000000
0.0086000000
0.0084000000
0.0079000000
0.0082000000
0.0064000000
0.0073000000
0.0072000000
0.0074000000
0.0072000000
0.0075000000
0.0072000000
0.0065000000
0.0070000000
0.0073000000
0.0058000000
0.0057000000
