0.4200000000
0.0230000000
0.0257000000
0.0211000000
0.0202000000
0.0193000000
0.0187000000
0.0168000000
0.0169000000
0.0157000000
0.0142000000
0.0140000000
0.0135000000
0.0118000000
0.0113000000
0.0111000000
0.0116000000
0.0098000000
0.0111000000
0.0103000000
0.0106000000
0.0093000000
0.0068000000
0.0071000000
0.0070000000
0.0083000000
0.0091000000
0.0065000000
0.0065000000
0.0058000000
0.0056000000
0.0046000000
0.0075000000
0.0103000000
0.0086000000
0.0094000000
0.0089000000
0.0086000000
0.0096000000
0.0079000000
0.0083000000
0.0082000000
0.0082000000
0.0072000000
0.0076000000
0.0071000000
0.0066000000
0.0066000000
0.0072000000
0.0060000000
0.0068000000
0.0083000000
0.0066000000
0.0056000000
0.0068000000
0.0056000000
0.0046000000
0.0042000000
0.0044000000
