0.4230000000
0.0265000000
0.0264000000
0.0247000000
0.0225000000
0.0204000000
0.0234000000
0.0189000000
0.0204000000
0.0168000000
0.0175000000
0.0132000000
0.0142000000
0.0133000000
0.0123000000
0.0111000000
0.0126000000
0.0101000000
0.0075000000
0.0087000000
0.0077000000
0.0077000000
0.0073000000
0.0079000000
0.0078000000
0.0073000000
0.0077000000
0.0047000000
0.0118000000
0.0112000000
0.0096000000
0.0109000000
0.0089000000
0.0087000000
0.0117000000
0.0093000000
0.0089000000
0.0092000000
0.0080000000
0.0093000000
0.0073000000
0.0078000000
0.0083000000
0.0087000000
0.0070000000
0.0063000000
0.0080000000
0.0070000000
0.0070000000
0.0062000000
0.0073000000
