0.4240000000
0.0250000000
0.0221000000
0.0255000000
0.0227000000
0.0202000000
0.0188000000
0.0211000000
0.0193000000
0.0150000000
0.0146000000
0.0167000000
0.0138000000
0.0135000000
0.0124000000
0.0122000000
0.0090000000
0.0094000000
0.0112000000
0.0111000000
0.0088000000
0.0086000000
0.0083000000
0.0074000000
0.0074000000
0.0076000000
0.0056000000
0.0066000000
0.0086000000
0.0112000000
0.0116000000
0.0110000000
0.0110000000
0.0097000000
0.0080000000
0.0081000000
0.0103000000
0.0091000000
0.0090000000
0.0096000000
0.0094000000
0.0072000000
0.0079000000
0.0071000000
0.0070000000
0.0065000000
0.0061000000
0.0080000000
0.0062000000
0.0078000000
0.0059000000
0.0058000000
