0.4263000000
0.0230000000
0.0205000000
0.0209000000
0.0205000000
0.0232000000
0.0199000000
0.0175000000
0.0174000000
0.0157000000
0.0137000000
0.0153000000
0.0151000000
0.0122000000
0.0099000000
0.0114000000
0.0100000000
0.0106000000
0.0122000000
0.0095000000
0.0102000000
0.0069000000
0.0077000000
0.0079000000
0.0068000000
0.0065000000
0.0068000000
0.0060000000
0.0062000000
0.0064000000
0.0059000000
0.0057000000
0.0092000000
0.0100000000
0.0093000000
0.0099000000
0.0085000000
0.0097000000
0.0084000000
0.0088000000
0.0075000000
0.0087000000
0.0072000000
0.0087000000
0.0077000000
0.0073000000
0.0068000000
0.0074000000
0.0058000000
0.0067000000
0.0071000000
0.0057000000
0.0058000000
0.0073000000
0.0065000000
0.0058000000
0.0064000000
