0.4174000000
0.0309000000
0.0278000000
0.0289000000
0.0250000000
0.0226000000
0.0228000000
0.0213000000
0.0193000000
0.0207000000
0.0164000000
0.0155000000
0.0151000000
0.0126000000
0.0138000000
0.0113000000
0.0126000000
0.0116000000
0.0111000000
0.0078000000
0.0086000000
0.0087000000
0.0072000000
0.0064000000
0.0085000000
0.0093000000
0.0126000000
0.0118000000
0.0099000000
0.0091000000
0.0118000000
0.0113000000
0.0093000000
0.0117000000
0.0079000000
0.0098000000
0.0089000000
0.0083000000
0.0085000000
0.0106000000
0.0064000000
0.0071000000
0.0078000000
0.0078000000
0.0085000000
0.0077000000
