0.4243000000
0.0370000000
0.0333000000
0.0317000000
0.0301000000
0.0266000000
0.0244000000
0.0211000000
0.0191000000
0.0177000000
0.0186000000
0.0155000000
0.0138000000
0.0135000000
0.0132000000
0.0144000000
0.0113000000
0.0088000000
0.0095000000
0.0089000000
0.0087000000
0.0080000000
0.0157000000
0.0153000000
0.0123000000
0.0117000000
0.0144000000
0.0135000000
0.0115000000
0.0128000000
0.0098000000
0.0100000000
0.0091000000
0.0104000000
0.0107000000
0.0071000000
0.0088000000
0.0094000000
0.0080000000
