0.0000000000
0.0106000000
0.0243000000
0.0327000000
0.0427000000
0.0540000000
0.0486000000
0.0484000000
0.0450000000
0.0460000000
0.0397000000
0.0341000000
0.0339000000
0.0311000000
0.0287000000
0.0275000000
0.0268000000
0.0223000000
0.0212000000
0.0211000000
0.0197000000
0.0162000000
0.0156000000
0.0161000000
0.0133000000
0.0138000000
0.0116000000
0.0105000000
0.0094000000
0.0107000000
0.0081000000
0.0081000000
0.0066000000
0.0074000000
0.0068000000
0.0066000000
0.0064000000
0.0050000000
0.0047000000
0.0051000000
0.0043000000
0.0043000000
0.0034000000
0.0032000000
0.0028000000
0.0032000000
0.0021000000
0.0027000000
0.0019000000
0.0031000000
0.0026000000
0.0014000000
0.0013000000
0.0008000000
0.1225000000
