0.0000000000
0.0189000000
0.0372000000
0.0536000000
0.0736000000
0.0645000000
0.0591000000
0.0562000000
0.0490000000
0.0446000000
0.0417000000
0.0346000000
0.0334000000
0.0302000000
0.0307000000
0.0259000000
0.0219000000
0.0205000000
0.0198000000
0.0165000000
0.0146000000
0.0149000000
0.0121000000
0.0131000000
0.0089000000
0.0095000000
0.0083000000
0.0078000000
0.0081000000
0.0060000000
0.0066000000
0.0059000000
0.0040000000
0.0035000000
0.0039000000
0.0039000000
0.0037000000
0.0029000000
0.0034000000
0.0018000000
0.0030000000
0.1222000000
