0.0000000000
0.0132000000
0.0247000000
0.0368000000
0.0460000000
0.0565000000
0.0555000000
0.0509000000
0.0471000000
0.0401000000
0.0422000000
0.0346000000
0.0351000000
0.0309000000
0.0292000000
0.0264000000
0.0255000000
0.0214000000
0.0209000000
0.0200000000
0.0176000000
0.0178000000
0.0148000000
0.0149000000
0.0144000000
0.0115000000
0.0110000000
0.0106000000
0.0096000000
0.0095000000
0.0089000000
0.0073000000
0.0069000000
0.0056000000
0.0066000000
0.0062000000
0.0046000000
0.0050000000
0.0049000000
0.0039000000
0.0041000000
0.0035000000
0.0037000000
0.0026000000
0.0039000000
0.0021000000
0.0022000000
0.0020000000
0.0021000000
0.0014000000
0.0021000000
0.1217000000
