0.0000000000
0.0093000000
0.0190000000
0.0263000000
0.0376000000
0.0416000000
0.0528000000
0.0523000000
0.0414000000
0.0401000000
0.0389000000
0.0366000000
0.0291000000
0.0316000000
0.0302000000
0.0274000000
0.0238000000
0.0218000000
0.0246000000
0.0211000000
0.0205000000
0.0159000000
0.0162000000
0.0179000000
0.0141000000
0.0150000000
0.0125000000
0.0123000000
0.0108000000
0.0083000000
0.0095000000
0.0093000000
0.0098000000
0.0076000000
0.0066000000
0.0074000000
0.0079000000
0.0069000000
0.0054000000
0.0059000000
0.0045000000
0.0046000000
0.0047000000
0.0029000000
0.0033000000
0.0039000000
0.0036000000
0.0038000000
0.0026000000
0.0026000000
0.0017000000
0.0016000000
0.0023000000
0.0030000000
0.0020000000
0.0017000000
0.0021000000
0.0013000000
0.1225000000
