0.0000000000
0.0105000000
0.0217000000
0.0292000000
0.0387000000
0.0467000000
0.0526000000
0.0487000000
0.0426000000
0.0434000000
0.0379000000
0.0324000000
0.0369000000
0.0304000000
0.0295000000
0.0270000000
0.0282000000
0.0234000000
0.0211000000
0.0213000000
0.0184000000
0.0174000000
0.0166000000
0.0148000000
0.0140000000
0.0124000000
0.0122000000
0.0138000000
0.0109000000
0.0105000000
0.0090000000
0.0093000000
0.0071000000
0.0071000000
0.0070000000
0.0072000000
0.0056000000
0.0053000000
0.0060000000
0.0048000000
0.0055000000
0.0039000000
0.0039000000
0.0040000000
0.0035000000
0.0036000000
0.0027000000
0.0027000000
0.0025000000
0.0028000000
0.0022000000
0.0028000000
0.0023000000
0.0011000000
0.0015000000
0.0023000000
0.1211000000
