0.0000000000
0.0115000000
0.0244000000
0.0318000000
0.0472000000
0.0527000000
0.0504000000
0.0465000000
0.0442000000
0.0454000000
0.0427000000
0.0352000000
0.0327000000
0.0339000000
0.0293000000
0.0286000000
0.0248000000
0.0231000000
0.0205000000
0.0209000000
0.0172000000
0.0172000000
0.0171000000
0.0146000000
0.0142000000
0.0113000000
0.0137000000
0.0102000000
0.0095000000
0.0087000000
0.0095000000
0.0073000000
0.0074000000
0.0080000000
0.0051000000
0.0058000000
0.0050000000
0.0060000000
0.0058000000
0.0043000000
0.0039000000
0.0036000000
0.0029000000
0.0038000000
0.0033000000
0.0023000000
0.0030000000
0.0023000000
0.0015000000
0.0024000000
0.0019000000
0.0017000000
0.0023000000
0.1214000000
