0.0000000000
0.0092000000
0.0192000000
0.0276000000
0.0320000000
0.0386000000
0.0461000000
0.0406000000
0.0394000000
0.0348000000
0.0323000000
0.0335000000
0.0314000000
0.0268000000
0.0292000000
0.0230000000
0.0251000000
0.0227000000
0.0219000000
0.0196000000
0.0187000000
0.0177000000
0.0160000000
0.0166000000
0.0181000000
0.0145000000
0.0114000000
0.0149000000
0.0116000000
0.0115000000
0.0098000000
0.0102000000
0.0099000000
0.0088000000
0.0094000000
0.0069000000
0.0082000000
0.0071000000
0.0074000000
0.0060000000
0.0048000000
0.0070000000
0.0061000000
0.0052000000
0.0051000000
0.0046000000
0.0050000000
0.0041000000
0.0035000000
0.0038000000
0.0031000000
0.0030000000
0.1570000000
