0.0000000000
0.0081000000
0.0139000000
0.0212000000
0.0285000000
0.0334000000
0.0416000000
0.0386000000
0.0343000000
0.0370000000
0.0326000000
0.0289000000
0.0251000000
0.0272000000
0.0286000000
0.0260000000
0.0240000000
0.0208000000
0.0227000000
0.0204000000
0.0201000000
0.0164000000
0.0166000000
0.0161000000
0.0134000000
0.0155000000
0.0143000000
0.0134000000
0.0146000000
0.0119000000
0.0115000000
0.0117000000
0.0107000000
0.0096000000
0.0104000000
0.0076000000
0.0094000000
0.0078000000
0.0069000000
0.0064000000
0.0067000000
0.0079000000
0.0072000000
0.0049000000
0.0058000000
0.0059000000
0.0051000000
0.0045000000
0.0058000000
0.0042000000
0.0031000000
0.0040000000
0.0042000000
0.0035000000
0.0044000000
0.0035000000
0.0040000000
0.0023000000
0.0028000000
0.1530000000
