0.0000000000
0.0069000000
0.0161000000
0.0200000000
0.0275000000
0.0375000000
0.0387000000
0.0369000000
0.0336000000
0.0371000000
0.0325000000
0.0284000000
0.0275000000
0.0291000000
0.0268000000
0.0263000000
0.0235000000
0.0211000000
0.0242000000
0.0176000000
0.0194000000
0.0179000000
0.0185000000
0.0151000000
0.0154000000
0.0166000000
0.0142000000
0.0135000000
0.0142000000
0.0117000000
0.0109000000
0.0125000000
0.0118000000
0.0096000000
0.0095000000
0.0073000000
0.0084000000
0.0080000000
0.0073000000
0.0067000000
0.0066000000
0.0078000000
0.0068000000
0.0056000000
0.0062000000
0.0050000000
0.0049000000
0.0038000000
0.0050000000
0.0046000000
0.0041000000
0.0044000000
0.0035000000
0.0036000000
0.0037000000
0.0028000000
0.0029000000
0.0034000000
0.1555000000
