0.0000000000
0.0170000000
0.0319000000
0.0449000000
0.0552000000
0.0563000000
0.0538000000
0.0473000000
0.0439000000
0.0381000000
0.0373000000
0.0338000000
0.0312000000
0.0295000000
0.0291000000
0.0229000000
0.0265000000
0.0211000000
0.0216000000
0.0198000000
0.0172000000
0.0155000000
0.0148000000
0.0122000000
0.0133000000
0.0114000000
0.0124000000
0.0108000000
0.0100000000
0.0090000000
0.0066000000
0.0069000000
0.0085000000
0.0061000000
0.0074000000
0.0045000000
0.0058000000
0.0052000000
0.0046000000
0.1566000000
