0.0000000000
0.0122000000
0.0243000000
0.0344000000
0.0396000000
0.0506000000
0.0419000000
0.0458000000
0.0410000000
0.0365000000
0.0368000000
0.0327000000
0.0294000000
0.0326000000
0.0267000000
0.0255000000
0.0243000000
0.0211000000
0.0228000000
0.0196000000
0.0190000000
0.0170000000
0.0171000000
0.0156000000
0.0160000000
0.0123000000
0.0129000000
0.0115000000
0.0109000000
0.0095000000
0.0115000000
0.0099000000
0.0077000000
0.0088000000
0.0066000000
0.0072000000
0.0060000000
0.0062000000
0.0067000000
0.0063000000
0.0045000000
0.0043000000
0.0042000000
0.0052000000
0.0044000000
0.0035000000
0.1574000000
