0.0000000000
0.0113000000
0.0172000000
0.0276000000
0.0373000000
0.0439000000
0.0425000000
0.0420000000
0.0376000000
0.0373000000
0.0315000000
0.0301000000
0.0313000000
0.0315000000
0.0277000000
0.0255000000
0.0227000000
0.0221000000
0.0223000000
0.0214000000
0.0187000000
0.0185000000
0.0171000000
0.0170000000
0.0146000000
0.0143000000
0.0137000000
0.0116000000
0.0113000000
0.0111000000
0.0112000000
0.0094000000
0.0106000000
0.0098000000
0.0099000000
0.0065000000
0.0062000000
0.0076000000
0.0061000000
0.0067000000
0.0057000000
0.0064000000
0.0049000000
0.0054000000
0.0042000000
0.0038000000
0.0048000000
0.0044000000
0.0034000000
0.0039000000
0.0028000000
0.1556000000
