0.0000000000
0.0170000000
0.0299000000
0.0480000000
0.0593000000
0.0531000000
0.0475000000
0.0482000000
0.0450000000
0.0405000000
0.0371000000
0.0342000000
0.0322000000
0.0288000000
0.0270000000
0.0266000000
0.0226000000
0.0232000000
0.0205000000
0.0201000000
0.0169000000
0.0153000000
0.0141000000
0.0144000000
0.0143000000
0.0114000000
0.0103000000
0.0099000000
0.0106000000
0.0096000000
0.0079000000
0.0062000000
0.0076000000
0.0061000000
0.0061000000
0.0057000000
0.0062000000
0.0055000000
0.0042000000
0.1569000000
