0.0000000000
0.0042000000
0.0077000000
0.0117000000
0.0152000000
0.0178000000
0.0200000000
0.0197000000
0.0230000000
0.0256000000
0.0285000000
0.0301000000
0.0311000000
0.0332000000
0.0330000000
0.0352000000
0.0351000000
0.0359000000
0.0370000000
0.0385000000
0.0385000000
0.0364000000
0.0333000000
0.0290000000
0.0276000000
0.0239000000
0.0214000000
0.0174000000
0.0182000000
0.0161000000
0.0140000000
0.0129000000
0.0118000000
0.0103000000
0.0092000000
0.0102000000
0.0080000000
0.0078000000
0.0047000000
0.0056000000
0.0073000000
0.0049000000
0.0058000000
0.0039000000
0.0040000000
0.0033000000
0.0024000000
0.0020000000
0.0029000000
0.0018000000
0.0023000000
0.1206000000
