0.0000000000
0.0045000000
0.0075000000
0.0100000000
0.0141000000
0.0141000000
0.0197000000
0.0199000000
0.0236000000
0.0241000000
0.0252000000
0.0262000000
0.0254000000
0.0353000000
0.0330000000
0.0312000000
0.0348000000
0.0331000000
0.0393000000
0.0333000000
0.0343000000
0.0357000000
0.0347000000
0.0320000000
0.0270000000
0.0250000000
0.0232000000
0.0192000000
0.0193000000
0.0175000000
0.0161000000
0.0164000000
0.0140000000
0.0129000000
0.0117000000
0.0082000000
0.0085000000
0.0075000000
0.0071000000
0.0086000000
0.0069000000
0.0044000000
0.0048000000
0.0053000000
0.0037000000
0.0040000000
0.0032000000
0.0028000000
0.0034000000
0.0026000000
0.0023000000
0.0024000000
0.1210000000
