0.0000000000
0.0048000000
0.0092000000
0.0125000000
0.0188000000
0.0198000000
0.0258000000
0.0272000000
0.0286000000
0.0319000000
0.0332000000
0.0375000000
0.0336000000
0.0349000000
0.0405000000
0.0389000000
0.0448000000
0.0394000000
0.0454000000
0.0369000000
0.0366000000
0.0346000000
0.0277000000
0.0262000000
0.0234000000
0.0183000000
0.0183000000
0.0153000000
0.0125000000
0.0119000000
0.0100000000
0.0100000000
0.0108000000
0.0087000000
0.0076000000
0.0073000000
0.0062000000
0.0058000000
0.0045000000
0.0037000000
0.0048000000
0.0033000000
0.0024000000
0.0029000000
0.0025000000
0.1210000000
