0.0000000000
0.0029000000
0.0067000000
0.0108000000
0.0120000000
0.0140000000
0.0173000000
0.0192000000
0.0210000000
0.0219000000
0.0246000000
0.0240000000
0.0296000000
0.0321000000
0.0306000000
0.0317000000
0.0327000000
0.0345000000
0.0312000000
0.0361000000
0.0350000000
0.0345000000
0.0383000000
0.0349000000
0.0303000000
0.0269000000
0.0243000000
0.0223000000
0.0179000000
0.0182000000
0.0159000000
0.0145000000
0.0139000000
0.0133000000
0.0110000000
0.0109000000
0.0085000000
0.0093000000
0.0083000000
0.0071000000
0.0053000000
0.0056000000
0.0051000000
0.0050000000
0.0043000000
0.0036000000
0.0037000000
0.0033000000
0.0033000000
0.0026000000
0.0033000000
0.0033000000
0.0009000000
0.0029000000
0.1196000000
