0.0000000000
0.0062000000
0.0114000000
0.0175000000
0.0210000000
0.0283000000
0.0264000000
0.0342000000
0.0375000000
0.0347000000
0.0385000000
0.0414000000
0.0417000000
0.0449000000
0.0479000000
0.0475000000
0.0460000000
0.0419000000
0.0387000000
0.0341000000
0.0291000000
0.0262000000
0.0257000000
0.0225000000
0.0175000000
0.0168000000
0.0138000000
0.0105000000
0.0103000000
0.0090000000
0.0093000000
0.0091000000
0.0061000000
0.0062000000
0.0057000000
0.0057000000
0.0042000000
0.0036000000
0.0038000000
0.0034000000
0.1217000000
