0.0000000000
0.0055000000
0.0105000000
0.0139000000
0.0200000000
0.0205000000
0.0270000000
0.0276000000
0.0274000000
0.0303000000
0.0339000000
0.0351000000
0.0354000000
0.0352000000
0.0385000000
0.0359000000
0.0413000000
0.0435000000
0.0430000000
0.0401000000
0.0339000000
0.0297000000
0.0264000000
0.0263000000
0.0199000000
0.0218000000
0.0179000000
0.0177000000
0.0174000000
0.0115000000
0.0121000000
0.0108000000
0.0083000000
0.0103000000
0.0055000000
0.0061000000
0.0063000000
0.0058000000
0.0045000000
0.0052000000
0.0046000000
0.0027000000
0.0036000000
0.0029000000
0.0024000000
0.1218000000
