0.0376000000
0.0000000000
0.0705000000
0.0000000000
0.0648000000
0.0000000000
0.0595000000
0.0000000000
0.0546000000
0.0000000000
0.0501000000
0.0000000000
0.0460000000
0.0000000000
0.0423000000
0.0000000000
0.0388000000
0.0000000000
0.0356000000
0.0000000000
0.0327000000
0.0000000000
0.0300000000
0.0000000000
0.0276000000
0.0000000000
0.0253000000
0.0000000000
0.0233000000
0.0000000000
0.0214000000
0.0000000000
0.0196000000
0.0000000000
0.0180000000
0.0000000000
0.0165000000
0.0000000000
0.0152000000
0.0000000000
0.0139000000
0.0000000000
0.0128000000
0.0000000000
0.0118000000
0.0000000000
0.2321000000
