0.0343000000
0.0000000000
0.0647000000
0.0000000000
0.0598000000
0.0000000000
0.0554000000
0.0000000000
0.0512000000
0.0000000000
0.0474000000
0.0000000000
0.0439000000
0.0000000000
0.0406000000
0.0000000000
0.0375000000
0.0000000000
0.0347000000
0.0000000000
0.0322000000
0.0000000000
0.0298000000
0.0000000000
0.0275000000
0.0000000000
0.0255000000
0.0000000000
0.0236000000
0.0000000000
0.0218000000
0.0000000000
0.0202000000
0.0000000000
0.0187000000
0.0000000000
0.0173000000
0.0000000000
0.0159000000
0.0000000000
0.0148000000
0.0000000000
0.0137000000
0.0000000000
0.0127000000
0.0000000000
0.0117000000
0.0000000000
0.0108000000
0.0000000000
0.0100000000
0.2243000000
