0.0307000000
0.0000000000
0.0582000000
0.0000000000
0.0543000000
0.0000000000
0.0507000000
0.0000000000
0.0473000000
0.0000000000
0.0441000000
0.0000000000
0.0411000000
0.0000000000
0.0384000000
0.0000000000
0.0358000000
0.0000000000
0.0334000000
0.0000000000
0.0312000000
0.0000000000
0.0291000000
0.0000000000
0.0271000000
0.0000000000
0.0254000000
0.0000000000
0.0236000000
0.0000000000
0.0220000000
0.0000000000
0.0206000000
0.0000000000
0.0192000000
0.0000000000
0.0179000000
0.0000000000
0.0167000000
0.0000000000
0.0156000000
0.0000000000
0.0146000000
0.0000000000
0.0136000000
0.0000000000
0.0126000000
0.0000000000
0.0118000000
0.0000000000
0.0110000000
0.0000000000
0.0103000000
0.0000000000
0.0096000000
0.0000000000
0.0090000000
0.2251000000
