0.1953000000
0.0193000000
0.0183000000
0.0180000000
0.0178000000
0.0197000000
0.0161000000
0.0179000000
0.0210000000
0.0185000000
0.0208000000
0.0194000000
0.0212000000
0.0203000000
0.0224000000
0.0195000000
0.0233000000
0.0228000000
0.0216000000
0.0223000000
0.0206000000
0.0194000000
0.0188000000
0.0179000000
0.0162000000
0.0148000000
0.0129000000
0.0137000000
0.0132000000
0.0143000000
0.0134000000
0.0135000000
0.0131000000
0.0131000000
0.0122000000
0.0101000000
0.0098000000
0.0104000000
0.0116000000
0.0095000000
0.0089000000
0.0077000000
0.0089000000
0.0076000000
0.0069000000
0.0069000000
0.0991000000
