0.1992000000
0.0198000000
0.0190000000
0.0163000000
0.0187000000
0.0186000000
0.0205000000
0.0208000000
0.0195000000
0.0210000000
0.0236000000
0.0189000000
0.0203000000
0.0215000000
0.0221000000
0.0226000000
0.0198000000
0.0205000000
0.0203000000
0.0210000000
0.0176000000
0.0196000000
0.0181000000
0.0170000000
0.0168000000
0.0140000000
0.0135000000
0.0152000000
0.0159000000
0.0150000000
0.0147000000
0.0112000000
0.0113000000
0.0127000000
0.0121000000
0.0121000000
0.0110000000
0.0093000000
0.0088000000
0.0090000000
0.0088000000
0.0093000000
0.0081000000
0.0066000000
0.0081000000
0.1002000000
