0.2026000000
0.0207000000
0.0220000000
0.0210000000
0.0226000000
0.0194000000
0.0233000000
0.0219000000
0.0230000000
0.0240000000
0.0248000000
0.0214000000
0.0248000000
0.0249000000
0.0271000000
0.0266000000
0.0250000000
0.0236000000
0.0226000000
0.0204000000
0.0209000000
0.0171000000
0.0166000000
0.0128000000
0.0175000000
0.0159000000
0.0166000000
0.0160000000
0.0159000000
0.0146000000
0.0119000000
0.0127000000
0.0115000000
0.0127000000
0.0118000000
0.0096000000
0.0089000000
0.0083000000
0.0093000000
0.0977000000
