0.1992000000
0.0120000000
0.0155000000
0.0138000000
0.0138000000
0.0138000000
0.0135000000
0.0152000000
0.0141000000
0.0146000000
0.0145000000
0.0156000000
0.0179000000
0.0161000000
0.0160000000
0.0147000000
0.0184000000
0.0171000000
0.0169000000
0.0186000000
0.0184000000
0.0173000000
0.0167000000
0.0156000000
0.0150000000
0.0163000000
0.0158000000
0.0162000000
0.0130000000
0.0127000000
0.0135000000
0.0125000000
0.0114000000
0.0114000000
0.0100000000
0.0112000000
0.0115000000
0.0124000000
0.0110000000
0.0100000000
0.0098000000
0.0091000000
0.0105000000
0.0084000000
0.0086000000
0.0067000000
0.0083000000
0.0087000000
0.0093000000
0.0066000000
0.0077000000
0.0079000000
0.0057000000
0.0060000000
0.0058000000
0.0057000000
0.0062000000
0.0061000000
0.0997000000
