0.1948000000
0.0171000000
0.0163000000
0.0167000000
0.0188000000
0.0179000000
0.0159000000
0.0191000000
0.0185000000
0.0203000000
0.0167000000
0.0193000000
0.0182000000
0.0165000000
0.0182000000
0.0157000000
0.0190000000
0.0195000000
0.0213000000
0.0204000000
0.0199000000
0.0184000000
0.0183000000
0.0186000000
0.0156000000
0.0159000000
0.0160000000
0.0136000000
0.0149000000
0.0119000000
0.0113000000
0.0147000000
0.0142000000
0.0121000000
0.0132000000
0.0113000000
0.0131000000
0.0104000000
0.0095000000
0.0088000000
0.0090000000
0.0097000000
0.0074000000
0.0083000000
0.0088000000
0.0072000000
0.0067000000
0.0064000000
0.0071000000
0.0065000000
0.1010000000
