0.1977000000
0.0119000000
0.0122000000
0.0154000000
0.0163000000
0.0156000000
0.0139000000
0.0164000000
0.0172000000
0.0165000000
0.0139000000
0.0162000000
0.0168000000
0.0148000000
0.0176000000
0.0160000000
0.0181000000
0.0185000000
0.0158000000
0.0179000000
0.0197000000
0.0182000000
0.0183000000
0.0176000000
0.0191000000
0.0177000000
0.0161000000
0.0149000000
0.0146000000
0.0111000000
0.0111000000
0.0124000000
0.0122000000
0.0092000000
0.0120000000
0.0125000000
0.0125000000
0.0119000000
0.0097000000
0.0099000000
0.0105000000
0.0098000000
0.0093000000
0.0092000000
0.0070000000
0.0077000000
0.0084000000
0.0086000000
0.0074000000
0.0060000000
0.0077000000
0.0075000000
0.0068000000
0.0051000000
0.0039000000
0.0056000000
0.1001000000
