0.2015000000
0.0212000000
0.0202000000
0.0222000000
0.0195000000
0.0203000000
0.0214000000
0.0223000000
0.0237000000
0.0250000000
0.0229000000
0.0246000000
0.0216000000
0.0208000000
0.0271000000
0.0272000000
0.0266000000
0.0243000000
0.0221000000
0.0193000000
0.0195000000
0.0179000000
0.0162000000
0.0138000000
0.0151000000
0.0178000000
0.0148000000
0.0168000000
0.0156000000
0.0143000000
0.0124000000
0.0131000000
0.0121000000
0.0098000000
0.0101000000
0.0099000000
0.0102000000
0.0096000000
0.0076000000
0.0095000000
0.1001000000
