0.0641000000
0.0298000000
0.0307000000
0.0283000000
0.0295000000
0.0282000000
0.0257000000
0.0267000000
0.0233000000
0.0224000000
0.0211000000
0.0219000000
0.0213000000
0.0209000000
0.0195000000
0.0192000000
0.0171000000
0.0167000000
0.0160000000
0.0152000000
0.0157000000
0.0161000000
0.0131000000
0.0151000000
0.0126000000
0.0134000000
0.0112000000
0.0117000000
0.0117000000
0.0106000000
0.0105000000
0.0097000000
0.0089000000
0.0093000000
0.0096000000
0.0089000000
0.0068000000
0.0082000000
0.0073000000
0.0071000000
0.0070000000
0.0078000000
0.0061000000
0.0054000000
0.0062000000
0.0066000000
0.0051000000
0.0050000000
0.0051000000
0.0577000000
0.0839000000
0.0890000000
