0.0624000000
0.0318000000
0.0308000000
0.0318000000
0.0266000000
0.0267000000
0.0268000000
0.0249000000
0.0241000000
0.0233000000
0.0215000000
0.0213000000
0.0234000000
0.0187000000
0.0190000000
0.0203000000
0.0178000000
0.0166000000
0.0151000000
0.0165000000
0.0150000000
0.0152000000
0.0151000000
0.0128000000
0.0121000000
0.0120000000
0.0129000000
0.0124000000
0.0108000000
0.0120000000
0.0088000000
0.0102000000
0.0095000000
0.0096000000
0.0087000000
0.0090000000
0.0087000000
0.0079000000
0.0068000000
0.0076000000
0.0069000000
0.0061000000
0.0072000000
0.0063000000
0.0060000000
0.0060000000
0.0048000000
0.0052000000
0.0050000000
0.0528000000
0.0932000000
0.0840000000
