0.0642000000
0.0420000000
0.0378000000
0.0370000000
0.0348000000
0.0350000000
0.0314000000
0.0310000000
0.0285000000
0.0273000000
0.0258000000
0.0255000000
0.0237000000
0.0214000000
0.0228000000
0.0197000000
0.0200000000
0.0189000000
0.0171000000
0.0160000000
0.0156000000
0.0145000000
0.0148000000
0.0131000000
0.0123000000
0.0134000000
0.0109000000
0.0118000000
0.0092000000
0.0101000000
0.0109000000
0.0083000000
0.0084000000
0.0086000000
0.0079000000
0.0075000000
0.0072000000
0.0065000000
0.1178000000
0.1113000000
