0.2172000000
0.0190000000
0.0178000000
0.0223000000
0.0201000000
0.0225000000
0.0201000000
0.0230000000
0.0212000000
0.0233000000
0.0229000000
0.0232000000
0.0237000000
0.0216000000
0.0230000000
0.0235000000
0.0246000000
0.0228000000
0.0247000000
0.0194000000
0.0180000000
0.0188000000
0.0149000000
0.0157000000
0.0171000000
0.0132000000
0.0123000000
0.0108000000
0.0112000000
0.0086000000
0.0076000000
0.0078000000
0.0087000000
0.0079000000
0.0103000000
0.0106000000
0.0083000000
0.0080000000
0.0087000000
0.0065000000
0.0072000000
0.0075000000
0.0090000000
0.0075000000
0.0055000000
0.0054000000
0.0076000000
0.0053000000
0.0051000000
0.0052000000
0.0045000000
0.0693000000
