0.2159000000
0.0154000000
0.0164000000
0.0170000000
0.0152000000
0.0177000000
0.0203000000
0.0185000000
0.0199000000
0.0195000000
0.0170000000
0.0173000000
0.0192000000
0.0192000000
0.0198000000
0.0206000000
0.0228000000
0.0199000000
0.0180000000
0.0210000000
0.0205000000
0.0194000000
0.0197000000
0.0171000000
0.0172000000
0.0163000000
0.0143000000
0.0150000000
0.0129000000
0.0121000000
0.0123000000
0.0084000000
0.0076000000
0.0098000000
0.0089000000
0.0076000000
0.0080000000
0.0062000000
0.0087000000
0.0094000000
0.0077000000
0.0080000000
0.0072000000
0.0080000000
0.0071000000
0.0057000000
0.0068000000
0.0050000000
0.0055000000
0.0048000000
0.0052000000
0.0054000000
0.0049000000
0.0062000000
0.0049000000
0.0043000000
0.0037000000
0.0031000000
0.0745000000
