0.2171000000
0.0152000000
0.0191000000
0.0187000000
0.0168000000
0.0175000000
0.0199000000
0.0179000000
0.0206000000
0.0186000000
0.0172000000
0.0211000000
0.0205000000
0.0216000000
0.0208000000
0.0220000000
0.0178000000
0.0199000000
0.0187000000
0.0215000000
0.0207000000
0.0204000000
0.0185000000
0.0178000000
0.0160000000
0.0125000000
0.0124000000
0.0145000000
0.0136000000
0.0124000000
0.0124000000
0.0096000000
0.0086000000
0.0073000000
0.0075000000
0.0078000000
0.0078000000
0.0071000000
0.0094000000
0.0095000000
0.0096000000
0.0079000000
0.0061000000
0.0079000000
0.0064000000
0.0064000000
0.0059000000
0.0072000000
0.0067000000
0.0061000000
0.0040000000
0.0039000000
0.0042000000
0.0049000000
0.0052000000
0.0036000000
0.0052000000
0.0705000000
