0.2214000000
0.0156000000
0.0199000000
0.0203000000
0.0202000000
0.0205000000
0.0209000000
0.0225000000
0.0204000000
0.0200000000
0.0205000000
0.0225000000
0.0210000000
0.0225000000
0.0210000000
0.0209000000
0.0212000000
0.0214000000
0.0223000000
0.0222000000
0.0180000000
0.0180000000
0.0195000000
0.0179000000
0.0156000000
0.0142000000
0.0145000000
0.0122000000
0.0111000000
0.0096000000
0.0099000000
0.0087000000
0.0066000000
0.0074000000
0.0077000000
0.0074000000
0.0073000000
0.0077000000
0.0079000000
0.0073000000
0.0083000000
0.0077000000
0.0070000000
0.0076000000
0.0053000000
0.0080000000
0.0059000000
0.0059000000
0.0050000000
0.0055000000
0.0060000000
0.0047000000
0.0042000000
0.0732000000
