0.0000000000
0.0022000000
0.0036000000
0.0055000000
0.0067000000
0.0087000000
0.0111000000
0.0097000000
0.0138000000
0.0153000000
0.0176000000
0.0190000000
0.0198000000
0.0192000000
0.0205000000
0.0225000000
0.0253000000
0.0253000000
0.0250000000
0.0229000000
0.0224000000
0.0242000000
0.0227000000
0.0204000000
0.0169000000
0.0188000000
0.0175000000
0.0177000000
0.0177000000
0.0165000000
0.0171000000
0.0145000000
0.0165000000
0.0133000000
0.0122000000
0.0149000000
0.0128000000
0.0113000000
0.0115000000
0.0114000000
0.0108000000
0.0105000000
0.0106000000
0.0091000000
0.0084000000
0.0074000000
0.0067000000
0.0072000000
0.0094000000
0.0078000000
0.0070000000
0.2811000000
