0.0000000000
0.0025000000
0.0060000000
0.0058000000
0.0086000000
0.0109000000
0.0139000000
0.0162000000
0.0144000000
0.0168000000
0.0181000000
0.0201000000
0.0225000000
0.0203000000
0.0257000000
0.0257000000
0.0266000000
0.0285000000
0.0252000000
0.0259000000
0.0253000000
0.0211000000
0.0234000000
0.0190000000
0.0185000000
0.0185000000
0.0182000000
0.0172000000
0.0169000000
0.0137000000
0.0157000000
0.0168000000
0.0159000000
0.0148000000
0.0112000000
0.0123000000
0.0110000000
0.0131000000
0.0100000000
0.0098000000
0.0115000000
0.0090000000
0.0093000000
0.0094000000
0.0091000000
0.0071000000
0.2885000000
