0.0000000000
0.0019000000
0.0036000000
0.0047000000
0.0064000000
0.0075000000
0.0069000000
0.0093000000
0.0106000000
0.0138000000
0.0122000000
0.0144000000
0.0164000000
0.0177000000
0.0159000000
0.0187000000
0.0187000000
0.0213000000
0.0225000000
0.0219000000
0.0237000000
0.0223000000
0.0206000000
0.0220000000
0.0188000000
0.0187000000
0.0203000000
0.0179000000
0.0191000000
0.0149000000
0.0153000000
0.0129000000
0.0128000000
0.0163000000
0.0138000000
0.0132000000
0.0121000000
0.0129000000
0.0127000000
0.0119000000
0.0123000000
0.0121000000
0.0115000000
0.0087000000
0.0086000000
0.0091000000
0.0076000000
0.0094000000
0.0098000000
0.0068000000
0.0078000000
0.0065000000
0.0081000000
0.0077000000
0.0060000000
0.0079000000
0.2835000000
