0.0000000000
0.0031000000
0.0051000000
0.0058000000
0.0100000000
0.0104000000
0.0130000000
0.0156000000
0.0166000000
0.0192000000
0.0221000000
0.0230000000
0.0234000000
0.0237000000
0.0253000000
0.0272000000
0.0290000000
0.0252000000
0.0262000000
0.0238000000
0.0250000000
0.0226000000
0.0234000000
0.0216000000
0.0177000000
0.0167000000
0.0190000000
0.0180000000
0.0183000000
0.0153000000
0.0162000000
0.0133000000
0.0137000000
0.0141000000
0.0126000000
0.0106000000
0.0111000000
0.0103000000
0.0131000000
0.0107000000
0.0102000000
0.0107000000
0.0088000000
0.0075000000
0.0095000000
0.2823000000
