0.0000000000
0.0013000000
0.0029000000
0.0046000000
0.0053000000
0.0072000000
0.0085000000
0.0089000000
0.0111000000
0.0105000000
0.0124000000
0.0159000000
0.0163000000
0.0152000000
0.0153000000
0.0157000000
0.0202000000
0.0185000000
0.0216000000
0.0210000000
0.0230000000
0.0215000000
0.0191000000
0.0186000000
0.0199000000
0.0191000000
0.0185000000
0.0172000000
0.0179000000
0.0164000000
0.0145000000
0.0143000000
0.0142000000
0.0147000000
0.0148000000
0.0132000000
0.0123000000
0.0130000000
0.0112000000
0.0121000000
0.0112000000
0.0108000000
0.0088000000
0.0115000000
0.0109000000
0.0101000000
0.0098000000
0.0088000000
0.0087000000
0.0088000000
0.0094000000
0.0074000000
0.0073000000
0.0082000000
0.0073000000
0.0062000000
0.0072000000
0.0054000000
0.0056000000
0.2787000000
