0.0000000000
0.0018000000
0.0039000000
0.0057000000
0.0057000000
0.0104000000
0.0113000000
0.0139000000
0.0114000000
0.0158000000
0.0172000000
0.0178000000
0.0190000000
0.0193000000
0.0215000000
0.0247000000
0.0214000000
0.0242000000
0.0271000000
0.0207000000
0.0213000000
0.0220000000
0.0237000000
0.0252000000
0.0183000000
0.0188000000
0.0217000000
0.0169000000
0.0166000000
0.0169000000
0.0167000000
0.0150000000
0.0131000000
0.0152000000
0.0128000000
0.0111000000
0.0117000000
0.0122000000
0.0101000000
0.0118000000
0.0093000000
0.0111000000
0.0092000000
0.0096000000
0.0091000000
0.0071000000
0.0086000000
0.0075000000
0.0070000000
0.0085000000
0.2891000000
