0.0000000000
0.0017000000
0.0046000000
0.0065000000
0.0096000000
0.0108000000
0.0125000000
0.0160000000
0.0188000000
0.0180000000
0.0181000000
0.0231000000
0.0215000000
0.0248000000
0.0245000000
0.0283000000
0.0306000000
0.0262000000
0.0259000000
0.0253000000
0.0237000000
0.0234000000
0.0208000000
0.0213000000
0.0182000000
0.0171000000
0.0185000000
0.0172000000
0.0165000000
0.0179000000
0.0154000000
0.0149000000
0.0122000000
0.0131000000
0.0127000000
0.0128000000
0.0114000000
0.0117000000
0.0104000000
0.0104000000
0.0111000000
0.0113000000
0.0096000000
0.0082000000
0.0074000000
0.2860000000
