0.0000000000
0.0028000000
0.0060000000
0.0101000000
0.0120000000
0.0159000000
0.0186000000
0.0197000000
0.0207000000
0.0264000000
0.0299000000
0.0288000000
0.0262000000
0.0266000000
0.0252000000
0.0252000000
0.0233000000
0.0216000000
0.0204000000
0.0196000000
0.0179000000
0.0210000000
0.0202000000
0.0174000000
0.0184000000
0.0159000000
0.0148000000
0.0152000000
0.0146000000
0.0125000000
0.0137000000
0.0138000000
0.0129000000
0.0121000000
0.0112000000
0.0117000000
0.0087000000
0.0095000000
0.0109000000
0.0102000000
0.0101000000
0.0088000000
0.0071000000
0.0073000000
0.0081000000
0.0074000000
0.0076000000
0.0064000000
0.0058000000
0.0064000000
0.0057000000
0.2577000000
