0.0000000000
0.0030000000
0.0065000000
0.0091000000
0.0103000000
0.0126000000
0.0178000000
0.0174000000
0.0240000000
0.0237000000
0.0245000000
0.0289000000
0.0258000000
0.0264000000
0.0248000000
0.0258000000
0.0220000000
0.0204000000
0.0225000000
0.0191000000
0.0183000000
0.0186000000
0.0195000000
0.0164000000
0.0180000000
0.0161000000
0.0160000000
0.0140000000
0.0143000000
0.0117000000
0.0122000000
0.0132000000
0.0131000000
0.0117000000
0.0121000000
0.0128000000
0.0111000000
0.0110000000
0.0098000000
0.0085000000
0.0092000000
0.0103000000
0.0097000000
0.0087000000
0.0070000000
0.0073000000
0.0074000000
0.0061000000
0.0066000000
0.0081000000
0.0051000000
0.0064000000
0.0058000000
0.0057000000
0.2536000000
