0.0000000000
0.0050000000
0.0107000000
0.0169000000
0.0193000000
0.0258000000
0.0302000000
0.0305000000
0.0364000000
0.0373000000
0.0341000000
0.0293000000
0.0322000000
0.0306000000
0.0268000000
0.0270000000
0.0261000000
0.0244000000
0.0218000000
0.0212000000
0.0199000000
0.0188000000
0.0201000000
0.0178000000
0.0159000000
0.0151000000
0.0165000000
0.0156000000
0.0128000000
0.0131000000
0.0117000000
0.0111000000
0.0108000000
0.0100000000
0.0104000000
0.0081000000
0.0079000000
0.0091000000
0.0088000000
0.2609000000
