0.0000000000
0.0066000000
0.0105000000
0.0171000000
0.0238000000
0.0287000000
0.0308000000
0.0339000000
0.0401000000
0.0338000000
0.0328000000
0.0344000000
0.0301000000
0.0324000000
0.0282000000
0.0287000000
0.0234000000
0.0227000000
0.0232000000
0.0182000000
0.0192000000
0.0198000000
0.0205000000
0.0181000000
0.0166000000
0.0138000000
0.0131000000
0.0146000000
0.0129000000
0.0139000000
0.0129000000
0.0107000000
0.0114000000
0.0090000000
0.0109000000
0.0102000000
0.0092000000
0.0086000000
0.2552000000
