0.2610000000
0.0190000000
0.0161000000
0.0163000000
0.0165000000
0.0190000000
0.0164000000
0.0181000000
0.0193000000
0.0155000000
0.0185000000
0.0198000000
0.0203000000
0.0199000000
0.0213000000
0.0175000000
0.0185000000
0.0173000000
0.0177000000
0.0200000000
0.0180000000
0.0193000000
0.0198000000
0.0163000000
0.0217000000
0.0167000000
0.0158000000
0.0142000000
0.0130000000
0.0121000000
0.0096000000
0.0096000000
0.0099000000
0.0079000000
0.0073000000
0.0080000000
0.0096000000
0.0073000000
0.0082000000
0.0082000000
0.0071000000
0.0064000000
0.0069000000
0.0049000000
0.0062000000
0.0042000000
0.0053000000
0.0033000000
0.0046000000
0.0040000000
0.0036000000
0.0026000000
0.0030000000
0.0031000000
0.0030000000
0.0029000000
0.0035000000
0.0649000000
