0.2649000000
0.0255000000
0.0235000000
0.0248000000
0.0226000000
0.0276000000
0.0276000000
0.0272000000
0.0267000000
0.0270000000
0.0269000000
0.0285000000
0.0277000000
0.0252000000
0.0279000000
0.0304000000
0.0267000000
0.0245000000
0.0215000000
0.0206000000
0.0187000000
0.0170000000
0.0135000000
0.0117000000
0.0130000000
0.0119000000
0.0078000000
0.0088000000
0.0095000000
0.0093000000
0.0079000000
0.0063000000
0.0073000000
0.0063000000
0.0064000000
0.0059000000
0.0049000000
0.0057000000
0.0046000000
0.0662000000
