0.2635000000
0.0192000000
0.0207000000
0.0201000000
0.0186000000
0.0206000000
0.0197000000
0.0220000000
0.0258000000
0.0210000000
0.0229000000
0.0217000000
0.0211000000
0.0209000000
0.0178000000
0.0221000000
0.0217000000
0.0238000000
0.0226000000
0.0188000000
0.0227000000
0.0173000000
0.0195000000
0.0168000000
0.0151000000
0.0156000000
0.0116000000
0.0101000000
0.0094000000
0.0096000000
0.0094000000
0.0107000000
0.0090000000
0.0080000000
0.0070000000
0.0079000000
0.0091000000
0.0069000000
0.0050000000
0.0047000000
0.0064000000
0.0062000000
0.0039000000
0.0052000000
0.0055000000
0.0044000000
0.0032000000
0.0042000000
0.0029000000
0.0041000000
0.0640000000
