0.2651000000
0.0214000000
0.0246000000
0.0234000000
0.0225000000
0.0191000000
0.0236000000
0.0229000000
0.0232000000
0.0260000000
0.0227000000
0.0234000000
0.0254000000
0.0227000000
0.0243000000
0.0251000000
0.0221000000
0.0261000000
0.0251000000
0.0199000000
0.0170000000
0.0186000000
0.0147000000
0.0137000000
0.0126000000
0.0114000000
0.0092000000
0.0119000000
0.0114000000
0.0109000000
0.0089000000
0.0091000000
0.0085000000
0.0076000000
0.0071000000
0.0069000000
0.0058000000
0.0068000000
0.0059000000
0.0061000000
0.0065000000
0.0047000000
0.0042000000
0.0039000000
0.0041000000
0.0639000000
