0.2717000000
0.0274000000
0.0282000000
0.0279000000
0.0280000000
0.0277000000
0.0265000000
0.0262000000
0.0284000000
0.0259000000
0.0307000000
0.0289000000
0.0259000000
0.0287000000
0.0262000000
0.0293000000
0.0284000000
0.0237000000
0.0165000000
0.0147000000
0.0165000000
0.0135000000
0.0123000000
0.0120000000
0.0124000000
0.0114000000
0.0102000000
0.0083000000
0.0102000000
0.0087000000
0.0083000000
0.0067000000
0.0064000000
0.0073000000
0.0056000000
0.0047000000
0.0046000000
0.0069000000
0.0631000000
