0.2710000000
0.0224000000
0.0257000000
0.0243000000
0.0256000000
0.0279000000
0.0266000000
0.0268000000
0.0257000000
0.0221000000
0.0286000000
0.0265000000
0.0283000000
0.0266000000
0.0269000000
0.0248000000
0.0262000000
0.0252000000
0.0230000000
0.0176000000
0.0159000000
0.0155000000
0.0145000000
0.0125000000
0.0116000000
0.0122000000
0.0119000000
0.0087000000
0.0104000000
0.0091000000
0.0085000000
0.0085000000
0.0072000000
0.0063000000
0.0051000000
0.0058000000
0.0059000000
0.0039000000
0.0054000000
0.0050000000
0.0643000000
