0.0000000000
0.0038000000
0.0069000000
0.0122000000
0.0151000000
0.0174000000
0.0205000000
0.0235000000
0.0255000000
0.0255000000
0.0313000000
0.0335000000
0.0315000000
0.0344000000
0.0298000000
0.0288000000
0.0324000000
0.0250000000
0.0251000000
0.0220000000
0.0222000000
0.0201000000
0.0229000000
0.0193000000
0.0168000000
0.0182000000
0.0159000000
0.0175000000
0.0125000000
0.0136000000
0.0131000000
0.0133000000
0.0122000000
0.0112000000
0.0121000000
0.0105000000
0.0104000000
0.0116000000
0.0102000000
0.0097000000
0.0088000000
0.0064000000
0.0067000000
0.0065000000
0.0059000000
0.0073000000
0.0046000000
0.0057000000
0.0054000000
0.0057000000
0.0056000000
0.0041000000
0.0043000000
0.0037000000
0.0053000000
0.0032000000
0.0027000000
0.0045000000
0.1661000000
