0.0000000000
0.0071000000
0.0133000000
0.0171000000
0.0233000000
0.0280000000
0.0294000000
0.0352000000
0.0384000000
0.0444000000
0.0403000000
0.0441000000
0.0384000000
0.0342000000
0.0311000000
0.0294000000
0.0288000000
0.0271000000
0.0236000000
0.0223000000
0.0210000000
0.0201000000
0.0195000000
0.0157000000
0.0180000000
0.0170000000
0.0148000000
0.0149000000
0.0144000000
0.0108000000
0.0113000000
0.0083000000
0.0103000000
0.0114000000
0.0088000000
0.0086000000
0.0074000000
0.0046000000
0.0068000000
0.0060000000
0.0067000000
0.0049000000
0.0053000000
0.0058000000
0.0052000000
0.1669000000
