0.0000000000
0.0057000000
0.0115000000
0.0154000000
0.0197000000
0.0256000000
0.0310000000
0.0360000000
0.0382000000
0.0439000000
0.0412000000
0.0406000000
0.0402000000
0.0354000000
0.0317000000
0.0313000000
0.0274000000
0.0243000000
0.0252000000
0.0235000000
0.0222000000
0.0179000000
0.0193000000
0.0183000000
0.0171000000
0.0150000000
0.0187000000
0.0125000000
0.0118000000
0.0130000000
0.0116000000
0.0099000000
0.0104000000
0.0091000000
0.0095000000
0.0085000000
0.0073000000
0.0080000000
0.0066000000
0.0072000000
0.0064000000
0.0059000000
0.0051000000
0.0047000000
0.0047000000
0.0041000000
0.1674000000
