0.0000000000
0.0051000000
0.0098000000
0.0140000000
0.0182000000
0.0217000000
0.0261000000
0.0315000000
0.0350000000
0.0348000000
0.0372000000
0.0380000000
0.0383000000
0.0319000000
0.0326000000
0.0305000000
0.0299000000
0.0270000000
0.0241000000
0.0249000000
0.0217000000
0.0209000000
0.0212000000
0.0165000000
0.0158000000
0.0181000000
0.0161000000
0.0156000000
0.0150000000
0.0133000000
0.0120000000
0.0098000000
0.0116000000
0.0097000000
0.0095000000
0.0103000000
0.0094000000
0.0073000000
0.0071000000
0.0065000000
0.0071000000
0.0073000000
0.0069000000
0.0067000000
0.0047000000
0.0055000000
0.0053000000
0.0049000000
0.0038000000
0.0035000000
0.1663000000
