0.0000000000
0.0063000000
0.0098000000
0.0152000000
0.0185000000
0.0205000000
0.0243000000
0.0289000000
0.0323000000
0.0337000000
0.0389000000
0.0408000000
0.0344000000
0.0319000000
0.0322000000
0.0316000000
0.0252000000
0.0280000000
0.0241000000
0.0235000000
0.0218000000
0.0223000000
0.0223000000
0.0166000000
0.0200000000
0.0167000000
0.0164000000
0.0154000000
0.0148000000
0.0129000000
0.0137000000
0.0104000000
0.0125000000
0.0105000000
0.0095000000
0.0093000000
0.0074000000
0.0091000000
0.0073000000
0.0072000000
0.0066000000
0.0071000000
0.0062000000
0.0050000000
0.0059000000
0.0050000000
0.0041000000
0.0043000000
0.0051000000
0.0052000000
0.0041000000
0.1652000000
