0.0000000000
0.0074000000
0.0148000000
0.0221000000
0.0316000000
0.0356000000
0.0383000000
0.0470000000
0.0505000000
0.0466000000
0.0386000000
0.0387000000
0.0379000000
0.0342000000
0.0343000000
0.0318000000
0.0275000000
0.0249000000
0.0251000000
0.0204000000
0.0200000000
0.0193000000
0.0200000000
0.0156000000
0.0150000000
0.0165000000
0.0124000000
0.0130000000
0.0107000000
0.0114000000
0.0103000000
0.0095000000
0.0072000000
0.0082000000
0.0072000000
0.0062000000
0.0067000000
0.0067000000
0.0047000000
0.0050000000
0.1671000000
