0.2488000000
0.0485000000
0.0465000000
0.0433000000
0.0373000000
0.0349000000
0.0311000000
0.0296000000
0.0319000000
0.0234000000
0.0236000000
0.0234000000
0.0228000000
0.0202000000
0.0158000000
0.0139000000
0.0152000000
0.0154000000
0.0121000000
0.0132000000
0.0113000000
0.0092000000
0.0102000000
0.0083000000
0.0087000000
0.0066000000
0.0073000000
0.0076000000
0.0072000000
0.0053000000
0.0049000000
0.0047000000
0.0049000000
0.0042000000
0.0032000000
0.0038000000
0.0029000000
0.0025000000
0.0027000000
0.0022000000
0.0021000000
0.0026000000
0.0024000000
0.0016000000
0.0129000000
0.0178000000
0.0165000000
0.0146000000
0.0153000000
0.0149000000
0.0140000000
0.0167000000
