0.2545000000
0.0551000000
0.0488000000
0.0470000000
0.0409000000
0.0366000000
0.0339000000
0.0323000000
0.0289000000
0.0281000000
0.0256000000
0.0209000000
0.0235000000
0.0191000000
0.0159000000
0.0163000000
0.0138000000
0.0146000000
0.0118000000
0.0122000000
0.0102000000
0.0087000000
0.0077000000
0.0078000000
0.0067000000
0.0063000000
0.0064000000
0.0057000000
0.0049000000
0.0056000000
0.0047000000
0.0028000000
0.0034000000
0.0028000000
0.0030000000
0.0037000000
0.0029000000
0.0023000000
0.0025000000
0.0166000000
0.0191000000
0.0159000000
0.0155000000
0.0197000000
0.0188000000
0.0165000000
