0.0736000000
0.0000000000
0.1296000000
0.0000000000
0.1093000000
0.0000000000
0.0921000000
0.0000000000
0.0777000000
0.0000000000
0.0655000000
0.0000000000
0.0552000000
0.0000000000
0.0466000000
0.0000000000
0.0393000000
0.0000000000
0.0331000000
0.0000000000
0.0280000000
0.0000000000
0.0236000000
0.0000000000
0.0198000000
0.0000000000
0.0167000000
0.0000000000
0.0142000000
0.0000000000
0.0119000000
0.0000000000
0.0100000000
0.0000000000
0.0084000000
0.0000000000
0.0071000000
0.0000000000
0.0060000000
0.0000000000
0.0050000000
0.0000000000
0.0042000000
0.0000000000
0.0036000000
0.0000000000
0.1195000000
