0.0304000000
0.0273000000
0.0341000000
0.0360000000
0.0341000000
0.0297000000
0.0311000000
0.0294000000
0.0283000000
0.0254000000
0.0247000000
0.0241000000
0.0218000000
0.0233000000
0.0210000000
0.0243000000
0.0185000000
0.0183000000
0.0175000000
0.0173000000
0.0148000000
0.0172000000
0.0152000000
0.0161000000
0.0141000000
0.0125000000
0.0121000000
0.0121000000
0.0100000000
0.0113000000
0.0115000000
0.0093000000
0.0103000000
0.0083000000
0.0103000000
0.0075000000
0.0084000000
0.0070000000
0.0077000000
0.0076000000
0.0072000000
0.0070000000
0.0063000000
0.0187000000
0.0542000000
0.1667000000
