0.0307000000
0.0245000000
0.0256000000
0.0331000000
0.0270000000
0.0282000000
0.0249000000
0.0277000000
0.0288000000
0.0278000000
0.0238000000
0.0215000000
0.0227000000
0.0211000000
0.0199000000
0.0225000000
0.0172000000
0.0187000000
0.0168000000
0.0163000000
0.0160000000
0.0146000000
0.0140000000
0.0155000000
0.0128000000
0.0118000000
0.0151000000
0.0118000000
0.0115000000
0.0102000000
0.0118000000
0.0101000000
0.0106000000
0.0091000000
0.0110000000
0.0090000000
0.0083000000
0.0084000000
0.0094000000
0.0064000000
0.0081000000
0.0075000000
0.0063000000
0.0064000000
0.0056000000
0.0062000000
0.0057000000
0.0070000000
0.0048000000
0.0300000000
0.0457000000
0.1605000000
