0.0342000000
0.0299000000
0.0412000000
0.0383000000
0.0362000000
0.0367000000
0.0344000000
0.0328000000
0.0302000000
0.0264000000
0.0280000000
0.0258000000
0.0247000000
0.0246000000
0.0235000000
0.0199000000
0.0221000000
0.0193000000
0.0195000000
0.0147000000
0.0179000000
0.0153000000
0.0145000000
0.0142000000
0.0119000000
0.0143000000
0.0108000000
0.0131000000
0.0107000000
0.0106000000
0.0097000000
0.0106000000
0.0092000000
0.0091000000
0.0076000000
0.0071000000
0.0079000000
0.0079000000
0.0587000000
0.1765000000
