0.1711000000
0.0134000000
0.0140000000
0.0124000000
0.0149000000
0.0145000000
0.0134000000
0.0136000000
0.0161000000
0.0142000000
0.0127000000
0.0171000000
0.0125000000
0.0153000000
0.0162000000
0.0169000000
0.0157000000
0.0151000000
0.0151000000
0.0154000000
0.0185000000
0.0147000000
0.0153000000
0.0225000000
0.0206000000
0.0188000000
0.0199000000
0.0179000000
0.0201000000
0.0186000000
0.0173000000
0.0177000000
0.0160000000
0.0165000000
0.0144000000
0.0126000000
0.0137000000
0.0120000000
0.0123000000
0.0102000000
0.0122000000
0.0105000000
0.0108000000
0.0101000000
0.0099000000
0.1673000000
