0.1737000000
0.0120000000
0.0119000000
0.0156000000
0.0126000000
0.0132000000
0.0124000000
0.0156000000
0.0155000000
0.0131000000
0.0123000000
0.0132000000
0.0155000000
0.0146000000
0.0150000000
0.0141000000
0.0151000000
0.0153000000
0.0148000000
0.0172000000
0.0170000000
0.0157000000
0.0169000000
0.0165000000
0.0214000000
0.0195000000
0.0196000000
0.0196000000
0.0182000000
0.0188000000
0.0165000000
0.0177000000
0.0144000000
0.0154000000
0.0153000000
0.0141000000
0.0136000000
0.0147000000
0.0118000000
0.0106000000
0.0113000000
0.0129000000
0.0105000000
0.0125000000
0.0095000000
0.0093000000
0.1640000000
