0.1681000000
0.0128000000
0.0128000000
0.0106000000
0.0121000000
0.0103000000
0.0128000000
0.0112000000
0.0124000000
0.0130000000
0.0120000000
0.0120000000
0.0154000000
0.0136000000
0.0143000000
0.0130000000
0.0117000000
0.0156000000
0.0143000000
0.0138000000
0.0148000000
0.0163000000
0.0151000000
0.0156000000
0.0149000000
0.0154000000
0.0174000000
0.0192000000
0.0184000000
0.0178000000
0.0182000000
0.0171000000
0.0159000000
0.0137000000
0.0125000000
0.0137000000
0.0152000000
0.0115000000
0.0128000000
0.0129000000
0.0113000000
0.0133000000
0.0126000000
0.0111000000
0.0107000000
0.0115000000
0.0095000000
0.0087000000
0.0081000000
0.0087000000
0.0086000000
0.1657000000
