0.1714000000
0.0178000000
0.0160000000
0.0148000000
0.0147000000
0.0185000000
0.0171000000
0.0208000000
0.0174000000
0.0167000000
0.0199000000
0.0184000000
0.0172000000
0.0204000000
0.0186000000
0.0215000000
0.0205000000
0.0202000000
0.0201000000
0.0205000000
0.0245000000
0.0222000000
0.0225000000
0.0233000000
0.0222000000
0.0218000000
0.0168000000
0.0159000000
0.0151000000
0.0171000000
0.0155000000
0.0152000000
0.0133000000
0.0141000000
0.0143000000
0.0124000000
0.0125000000
0.0120000000
0.1668000000
