0.3443000000
0.0254000000
0.0270000000
0.0232000000
0.0265000000
0.0242000000
0.0204000000
0.0201000000
0.0206000000
0.0169000000
0.0164000000
0.0161000000
0.0160000000
0.0145000000
0.0150000000
0.0137000000
0.0120000000
0.0130000000
0.0119000000
0.0103000000
0.0224000000
0.0192000000
0.0201000000
0.0168000000
0.0190000000
0.0176000000
0.0169000000
0.0157000000
0.0166000000
0.0151000000
0.0162000000
0.0145000000
0.0130000000
0.0143000000
0.0128000000
0.0118000000
0.0134000000
0.0137000000
0.0120000000
0.0114000000
