0.3392000000
0.0271000000
0.0272000000
0.0258000000
0.0265000000
0.0267000000
0.0237000000
0.0199000000
0.0176000000
0.0171000000
0.0186000000
0.0157000000
0.0159000000
0.0133000000
0.0140000000
0.0139000000
0.0132000000
0.0124000000
0.0136000000
0.0092000000
0.0201000000
0.0195000000
0.0212000000
0.0171000000
0.0168000000
0.0184000000
0.0173000000
0.0173000000
0.0165000000
0.0158000000
0.0160000000
0.0150000000
0.0131000000
0.0139000000
0.0123000000
0.0114000000
0.0114000000
0.0126000000
0.0117000000
0.0120000000
