0.3455000000
0.0168000000
0.0169000000
0.0151000000
0.0162000000
0.0171000000
0.0169000000
0.0172000000
0.0145000000
0.0154000000
0.0162000000
0.0135000000
0.0127000000
0.0130000000
0.0112000000
0.0120000000
0.0107000000
0.0110000000
0.0096000000
0.0123000000
0.0084000000
0.0096000000
0.0089000000
0.0086000000
0.0086000000
0.0083000000
0.0088000000
0.0072000000
0.0068000000
0.0142000000
0.0153000000
0.0141000000
0.0130000000
0.0162000000
0.0108000000
0.0138000000
0.0120000000
0.0143000000
0.0120000000
0.0111000000
0.0115000000
0.0118000000
0.0110000000
0.0096000000
0.0107000000
0.0087000000
0.0100000000
0.0089000000
0.0086000000
0.0091000000
0.0073000000
0.0095000000
0.0099000000
0.0080000000
0.0086000000
0.0077000000
0.0067000000
0.0066000000
