0.3471000000
0.0227000000
0.0240000000
0.0233000000
0.0193000000
0.0203000000
0.0196000000
0.0174000000
0.0160000000
0.0163000000
0.0167000000
0.0147000000
0.0150000000
0.0127000000
0.0131000000
0.0116000000
0.0125000000
0.0124000000
0.0115000000
0.0109000000
0.0099000000
0.0103000000
0.0103000000
0.0148000000
0.0180000000
0.0161000000
0.0156000000
0.0182000000
0.0175000000
0.0164000000
0.0145000000
0.0144000000
0.0127000000
0.0158000000
0.0136000000
0.0155000000
0.0122000000
0.0142000000
0.0103000000
0.0102000000
0.0109000000
0.0106000000
0.0107000000
0.0116000000
0.0101000000
0.0085000000
