0.3417000000
0.0213000000
0.0178000000
0.0198000000
0.0182000000
0.0165000000
0.0179000000
0.0189000000
0.0182000000
0.0149000000
0.0136000000
0.0115000000
0.0143000000
0.0137000000
0.0123000000
0.0104000000
0.0116000000
0.0104000000
0.0131000000
0.0122000000
0.0091000000
0.0090000000
0.0098000000
0.0084000000
0.0104000000
0.0085000000
0.0081000000
0.0109000000
0.0154000000
0.0149000000
0.0161000000
0.0149000000
0.0129000000
0.0140000000
0.0137000000
0.0118000000
0.0111000000
0.0136000000
0.0111000000
0.0117000000
0.0105000000
0.0120000000
0.0119000000
0.0099000000
0.0102000000
0.0130000000
0.0093000000
0.0111000000
0.0084000000
0.0092000000
0.0084000000
0.0083000000
0.0070000000
0.0071000000
