0.3426000000
0.0294000000
0.0270000000
0.0221000000
0.0237000000
0.0219000000
0.0199000000
0.0198000000
0.0194000000
0.0205000000
0.0166000000
0.0177000000
0.0154000000
0.0149000000
0.0145000000
0.0136000000
0.0136000000
0.0107000000
0.0103000000
0.0117000000
0.0193000000
0.0197000000
0.0228000000
0.0202000000
0.0188000000
0.0203000000
0.0173000000
0.0169000000
0.0142000000
0.0164000000
0.0166000000
0.0150000000
0.0139000000
0.0142000000
0.0114000000
0.0109000000
0.0117000000
0.0128000000
0.0106000000
0.0117000000
