0.0000000000
0.0009000000
0.0038000000
0.0044000000
0.0067000000
0.0084000000
0.0092000000
0.0120000000
0.0123000000
0.0130000000
0.0143000000
0.0157000000
0.0154000000
0.0179000000
0.0173000000
0.0201000000
0.0213000000
0.0219000000
0.0225000000
0.0240000000
0.0225000000
0.0217000000
0.0230000000
0.0229000000
0.0225000000
0.0207000000
0.0172000000
0.0197000000
0.0188000000
0.0174000000
0.0184000000
0.0141000000
0.0145000000
0.0172000000
0.0135000000
0.0121000000
0.0115000000
0.0134000000
0.0133000000
0.0102000000
0.0123000000
0.0109000000
0.0120000000
0.0108000000
0.0088000000
0.0083000000
0.0094000000
0.0082000000
0.0082000000
0.0081000000
0.0070000000
0.2903000000
