0.0000000000
0.0015000000
0.0020000000
0.0040000000
0.0052000000
0.0064000000
0.0064000000
0.0078000000
0.0101000000
0.0106000000
0.0099000000
0.0109000000
0.0122000000
0.0144000000
0.0157000000
0.0153000000
0.0149000000
0.0185000000
0.0170000000
0.0197000000
0.0205000000
0.0194000000
0.0200000000
0.0200000000
0.0197000000
0.0201000000
0.0221000000
0.0182000000
0.0191000000
0.0166000000
0.0173000000
0.0149000000
0.0155000000
0.0164000000
0.0164000000
0.0136000000
0.0133000000
0.0134000000
0.0136000000
0.0104000000
0.0112000000
0.0125000000
0.0105000000
0.0107000000
0.0104000000
0.0108000000
0.0091000000
0.0092000000
0.0104000000
0.0087000000
0.0084000000
0.0087000000
0.0073000000
0.0075000000
0.0077000000
0.0078000000
0.0076000000
0.0057000000
0.2928000000
