0.0000000000
0.0011000000
0.0031000000
0.0048000000
0.0066000000
0.0069000000
0.0072000000
0.0100000000
0.0108000000
0.0112000000
0.0121000000
0.0137000000
0.0138000000
0.0167000000
0.0182000000
0.0160000000
0.0175000000
0.0188000000
0.0215000000
0.0218000000
0.0218000000
0.0197000000
0.0218000000
0.0214000000
0.0242000000
0.0213000000
0.0198000000
0.0186000000
0.0171000000
0.0171000000
0.0166000000
0.0170000000
0.0148000000
0.0160000000
0.0138000000
0.0162000000
0.0126000000
0.0122000000
0.0119000000
0.0129000000
0.0122000000
0.0124000000
0.0112000000
0.0105000000
0.0101000000
0.0084000000
0.0082000000
0.0090000000
0.0108000000
0.0093000000
0.0066000000
0.0064000000
0.0073000000
0.0071000000
0.2919000000
