0.0000000000
0.0019000000
0.0047000000
0.0078000000
0.0106000000
0.0110000000
0.0115000000
0.0154000000
0.0170000000
0.0180000000
0.0194000000
0.0210000000
0.0248000000
0.0258000000
0.0278000000
0.0297000000
0.0290000000
0.0322000000
0.0277000000
0.0294000000
0.0231000000
0.0251000000
0.0212000000
0.0221000000
0.0206000000
0.0185000000
0.0206000000
0.0182000000
0.0178000000
0.0167000000
0.0164000000
0.0124000000
0.0154000000
0.0138000000
0.0114000000
0.0139000000
0.0114000000
0.0119000000
0.0098000000
0.0101000000
0.0090000000
0.2959000000
