0.0000000000
0.0026000000
0.0049000000
0.0068000000
0.0108000000
0.0128000000
0.0164000000
0.0184000000
0.0216000000
0.0207000000
0.0204000000
0.0231000000
0.0254000000
0.0252000000
0.0318000000
0.0289000000
0.0308000000
0.0334000000
0.0269000000
0.0260000000
0.0249000000
0.0247000000
0.0228000000
0.0237000000
0.0208000000
0.0209000000
0.0153000000
0.0164000000
0.0160000000
0.0157000000
0.0157000000
0.0121000000
0.0141000000
0.0123000000
0.0125000000
0.0105000000
0.0128000000
0.0120000000
0.0108000000
0.2991000000
