0.0000000000
0.0012000000
0.0023000000
0.0032000000
0.0057000000
0.0056000000
0.0071000000
0.0083000000
0.0077000000
0.0074000000
0.0133000000
0.0110000000
0.0137000000
0.0128000000
0.0145000000
0.0170000000
0.0164000000
0.0175000000
0.0174000000
0.0201000000
0.0188000000
0.0194000000
0.0186000000
0.0209000000
0.0224000000
0.0182000000
0.0194000000
0.0178000000
0.0179000000
0.0180000000
0.0164000000
0.0173000000
0.0145000000
0.0158000000
0.0154000000
0.0123000000
0.0150000000
0.0126000000
0.0117000000
0.0144000000
0.0119000000
0.0122000000
0.0108000000
0.0107000000
0.0104000000
0.0104000000
0.0103000000
0.0087000000
0.0105000000
0.0094000000
0.0085000000
0.0082000000
0.0086000000
0.0086000000
0.0083000000
0.0066000000
0.0073000000
0.0065000000
0.2931000000
