0.0000000000
0.0015000000
0.0046000000
0.0059000000
0.0085000000
0.0099000000
0.0111000000
0.0141000000
0.0134000000
0.0153000000
0.0185000000
0.0191000000
0.0203000000
0.0199000000
0.0224000000
0.0234000000
0.0234000000
0.0233000000
0.0256000000
0.0294000000
0.0264000000
0.0252000000
0.0212000000
0.0222000000
0.0207000000
0.0196000000
0.0187000000
0.0212000000
0.0172000000
0.0158000000
0.0149000000
0.0161000000
0.0141000000
0.0155000000
0.0147000000
0.0163000000
0.0104000000
0.0133000000
0.0102000000
0.0111000000
0.0111000000
0.0098000000
0.0092000000
0.0082000000
0.0086000000
0.2987000000
