0.0000000000
0.0027000000
0.0052000000
0.0075000000
0.0090000000
0.0118000000
0.0158000000
0.0178000000
0.0174000000
0.0210000000
0.0262000000
0.0247000000
0.0267000000
0.0259000000
0.0284000000
0.0310000000
0.0314000000
0.0299000000
0.0254000000
0.0216000000
0.0259000000
0.0241000000
0.0248000000
0.0232000000
0.0220000000
0.0176000000
0.0186000000
0.0188000000
0.0162000000
0.0171000000
0.0178000000
0.0140000000
0.0142000000
0.0126000000
0.0125000000
0.0112000000
0.0116000000
0.0096000000
0.0106000000
0.2982000000
