0.0000000000
0.0011000000
0.0038000000
0.0048000000
0.0056000000
0.0077000000
0.0081000000
0.0093000000
0.0131000000
0.0112000000
0.0129000000
0.0149000000
0.0155000000
0.0158000000
0.0167000000
0.0194000000
0.0211000000
0.0187000000
0.0219000000
0.0209000000
0.0235000000
0.0222000000
0.0194000000
0.0199000000
0.0206000000
0.0219000000
0.0172000000
0.0196000000
0.0192000000
0.0183000000
0.0168000000
0.0165000000
0.0145000000
0.0131000000
0.0139000000
0.0138000000
0.0154000000
0.0133000000
0.0113000000
0.0128000000
0.0142000000
0.0092000000
0.0116000000
0.0117000000
0.0097000000
0.0105000000
0.0089000000
0.0071000000
0.0087000000
0.0096000000
0.0077000000
0.0084000000
0.0071000000
0.2899000000
