0.1253000000
0.0268000000
0.0293000000
0.0319000000
0.0373000000
0.0344000000
0.0389000000
0.0389000000
0.0404000000
0.0388000000
0.0359000000
0.0308000000
0.0293000000
0.0269000000
0.0259000000
0.0219000000
0.0203000000
0.0199000000
0.0188000000
0.0147000000
0.0146000000
0.0180000000
0.0134000000
0.0131000000
0.0119000000
0.0103000000
0.0105000000
0.0085000000
0.0076000000
0.0071000000
0.0064000000
0.0079000000
0.0047000000
0.0072000000
0.0059000000
0.0044000000
0.0046000000
0.0038000000
0.0038000000
0.0041000000
0.0032000000
0.0039000000
0.0032000000
0.0034000000
0.0090000000
0.0110000000
0.0095000000
0.0094000000
0.0085000000
0.0093000000
0.0076000000
0.0678000000
