0.1270000000
0.0332000000
0.0296000000
0.0356000000
0.0366000000
0.0383000000
0.0369000000
0.0396000000
0.0398000000
0.0358000000
0.0342000000
0.0314000000
0.0292000000
0.0269000000
0.0245000000
0.0226000000
0.0219000000
0.0185000000
0.0204000000
0.0148000000
0.0186000000
0.0147000000
0.0127000000
0.0124000000
0.0094000000
0.0122000000
0.0098000000
0.0094000000
0.0069000000
0.0064000000
0.0080000000
0.0056000000
0.0066000000
0.0054000000
0.0044000000
0.0044000000
0.0042000000
0.0039000000
0.0033000000
0.0042000000
0.0025000000
0.0036000000
0.0034000000
0.0061000000
0.0075000000
0.0068000000
0.0088000000
0.0106000000
0.0091000000
0.0105000000
0.0718000000
