0.1311000000
0.0296000000
0.0365000000
0.0356000000
0.0394000000
0.0433000000
0.0444000000
0.0480000000
0.0419000000
0.0376000000
0.0323000000
0.0332000000
0.0268000000
0.0250000000
0.0242000000
0.0232000000
0.0209000000
0.0170000000
0.0196000000
0.0165000000
0.0151000000
0.0147000000
0.0126000000
0.0112000000
0.0095000000
0.0091000000
0.0093000000
0.0078000000
0.0074000000
0.0063000000
0.0057000000
0.0066000000
0.0051000000
0.0041000000
0.0035000000
0.0033000000
0.0031000000
0.0038000000
0.0020000000
0.0100000000
0.0108000000
0.0098000000
0.0084000000
0.0102000000
0.0087000000
0.0758000000
