0.1312000000
0.0356000000
0.0416000000
0.0459000000
0.0502000000
0.0509000000
0.0525000000
0.0452000000
0.0419000000
0.0384000000
0.0340000000
0.0303000000
0.0278000000
0.0266000000
0.0281000000
0.0208000000
0.0211000000
0.0182000000
0.0146000000
0.0143000000
0.0131000000
0.0099000000
0.0095000000
0.0086000000
0.0084000000
0.0084000000
0.0065000000
0.0052000000
0.0054000000
0.0055000000
0.0051000000
0.0046000000
0.0042000000
0.0027000000
0.0122000000
0.0116000000
0.0119000000
0.0130000000
0.0114000000
0.0736000000
