0.0347092481
0.0370415495
0.0389143987
0.0402648392
0.0410564884
0.0412814551
0.0409597200
0.0401361573
0.0388756581
0.0372570169
0.0353663306
0.0332906346
0.0311123797
0.0289051607
0.0267308939
0.0246384320
0.0226634382
0.0208292371
0.0191483132
0.0176241410
0.0162530833
0.0150261716
0.0139306630
0.0129513420
0.0120715891
0.0112742715
0.0105425213
0.0098604531
0.0092138546
0.0085908458
0.0079824781
0.0073832153
0.0067912309
0.0062084590
0.0056403540
0.0050953478
0.0045840272
0.0041180932
0.0037091897
0.0033677105
0.0031016929
0.0029158986
0.0028111638
0.0027840702
0.0028269627
0.0029283092
0.0030733711
0.0032451322
0.0034254105
0.0035960679
0.0037402194
0.0038433437
0.0038942015
0.0038854845
0.0038141404
0.0036813507
0.0034921741
0.1175406132
