0.0561032227
0.0579213263
0.0590963300
0.0595911260
0.0593924061
0.0585112070
0.0569820238
0.0548605824
0.0522204715
0.0491489176
0.0457420391
0.0420999381
0.0383219695
0.0345024872
0.0307272973
0.0270709696
0.0235950772
0.0203473513
0.0173616762
0.0146587967
0.0122475808
0.0101266654
0.0082863199
0.0067103743
0.0053780885
0.0042658649
0.0033487397
0.0026016178
0.0020002377
0.0015218775
0.0011458234
0.0008536343
0.0006292384
0.0004588998
0.0003310910
0.0002363032
0.0001668201
0.0001164790
0.0000804323
0.0000549240
0.0000370864
0.0000247614
0.0000163484
0.0000106773
0.0000069053
0.0000044350
0.0000028505
0.0000018687
0.0000013040
0.0000010428
0.0000010261
0.0000012399
0.0000017099
0.0000025021
0.0000037270
0.0000055471
0.0000081880
0.0000119523
0.0000172351
0.0000245405
0.0000344980
0.0000478761
0.0000655915
0.0000887110
0.0001184424
0.0001561118
0.0002031250
0.0002609094
0.0003308376
0.0004141319
0.0005117541
0.0006242848
0.0007518010
0.0008937619
0.0010489132
0.0012152231
0.0013898606
0.0015692250
0.0017490329
0.0019244626
0.0020903536
0.0022414487
0.0023726660
0.0024793804
0.0025576935
0.0026046693
0.0026185172
0.0025987054
0.0025459943
0.0024623885
0.0023510100
0.0406774435
