0.0351304410
0.0368275648
0.0381597327
0.0390865392
0.0395814747
0.0396333797
0.0392470004
0.0384426051
0.0372547001
0.0357299549
0.0339245051
0.0319008437
0.0297245325
0.0274609656
0.0251723949
0.0229153906
0.0207388638
0.0186827193
0.0167771569
0.0150425881
0.0134900945
0.0121223270
0.0109347259
0.0099169400
0.0090543253
0.0083294214
0.0077233194
0.0072168607
0.0067916254
0.0064306923
0.0061191688
0.0058445029
0.0055966007
0.0053677780
0.0051525782
0.0049474908
0.0047506028
0.0045612152
0.0043794537
0.0042059001
0.0040412685
0.0038861439
0.0037407970
0.0036050841
0.0034784297
0.0033598873
0.0032482626
0.0031422799
0.0030407669
0.0029428319
0.0028480091
0.0027563493
0.0026684432
0.0025853694
0.0025085716
0.0024396746
0.0023802614
0.0023316335
0.0022945849
0.0022692140
0.0022547980
0.0022497459
0.0022516373
0.0022573456
0.0022632361
0.0022654184
0.0022600307
0.0022435271
0.0022129418
0.0021661056
0.0021017957
0.0020198079
0.0019209473
0.0018069428
0.0016802971
0.0015440882
0.0014017449
0.0012568149
0.0011127462
0.0009726987
0.0008393961
0.0007150267
0.0006011918
0.0004989019
0.0004086107
0.0003302798
0.0002634635
0.0002074036
0.0001611249
0.0001235247
0.0000934514
0.0000697679
0.0000513997
0.0000373678
0.0000268082
0.0000189787
0.0000132586
0.0000091402
0.0000062178
0.0000041740
0.0000027650
0.0000018074
0.0000011659
0.0000007421
0.0000004662
0.0000002889
0.0000001767
0.0000001067
0.0000000635
0.0000000373
0.0000000217
0.0000000124
0.0000000070
0.0000000039
0.0000000021
0.0000000012
0.0000000006
0.0000000003
0.0000000002
0.0000000001
0.0000000000
0.0000000000
0.0000000000
0.0000000000
0.0000000000
0.0000000000
0.0000000000
0.0000000000
0.0000000000
0.0000000000
0.0000000000
0.0000000000
0.0000000000
0.0000000000
0.0000000000
0.0000000000
0.0000000000
0.0000000000
0.0000000000
0.0000000000
0.0000000000
0.0000000000
0.0000000000
0.0000000000
0.0000000000
0.0000000000
0.0000000000
0.0000000000
0.0000000000
0.0000000000
0.0000000000
0.0000000000
0.0000000000
0.0000000000
0.0000000000
0.0000000000
0.0000000000
0.0000000000
0.0000000000
0.0000000000
0.0000000000
0.0000000000
0.0000000000
0.0000000000
0.0000000000
0.0000000000
0.0000000000
0.0000000000
0.0000000000
0.0000000000
0.0000000000
0.0000000000
0.0000000000
0.0000000000
0.0000000000
0.0000000000
0.0000000000
0.0000000000
0.0000000000
0.0000000000
0.0000000000
0.0000000000
0.0000000000
0.0000000000
0.0000000000
0.0000000000
0.0000000000
0.0000000000
0.0000000000
0.0000000000
0.0000000000
0.0000000000
0.0000000000
0.0000000000
0.0000000000
0.0000000000
0.0000000000
0.0000000000
0.0000000000
0.0000000000
0.0000000000
0.0000000000
0.0000000000
0.0000000000
0.0000000000
0.0000000000
0.0000000000
0.0000000000
0.0000000000
0.0000000000
0.0000000000
0.0000000000
0.0000000000
0.0000000000
0.0000000000
0.0000000000
0.0000000000
0.0000000000
0.0000000000
0.0000000000
0.1333333333
