0.0131027321
0.0132745302
0.0134323417
0.0135756902
0.0137041513
0.0138173544
0.0139149849
0.0139967857
0.0140625583
0.0141121640
0.0141455240
0.0141626197
0.0141634924
0.0141482425
0.0141170287
0.0140700666
0.0140076269
0.0139300332
0.0138376603
0.0137309308
0.0136103130
0.0134763173
0.0133294931
0.0131704256
0.0129997318
0.0128180570
0.0126260713
0.0124244653
0.0122139466
0.0119952358
0.0117690628
0.0115361629
0.0112972736
0.0110531303
0.0108044637
0.0105519958
0.0102964374
0.0100384850
0.0097788178
0.0095180957
0.0092569565
0.0089960143
0.0087358573
0.0084770466
0.0082201143
0.0079655627
0.0077138635
0.0074654566
0.0072207503
0.0069801204
0.0067439105
0.0065124321
0.0062859647
0.0060647563
0.0058490243
0.0056389557
0.0054347088
0.0052364132
0.0050441718
0.0048580613
0.0046781341
0.0045044191
0.0043369232
0.0041756329
0.0040205156
0.0038715211
0.0037285830
0.0035916203
0.0034605385
0.0033352316
0.0032155829
0.0031014667
0.0029927494
0.0028892910
0.0027909460
0.0026975649
0.0026089950
0.0025250813
0.0024456680
0.0023705988
0.0022997180
0.0022328710
0.0021699053
0.0021106708
0.0020550206
0.0020028111
0.0019539026
0.0019081597
0.0018654513
0.0018256512
0.0017886376
0.0017542940
0.0017225086
0.0016931747
0.0016661903
0.0016414584
0.0016188867
0.0015983872
0.0015798766
0.0015632756
0.0015485091
0.0015355055
0.0015241969
0.0015145186
0.0015064089
0.0014998089
0.0014946621
0.0014909143
0.0014885133
0.0014874086
0.0014875509
0.0014888924
0.0014913862
0.0014949861
0.0014996464
0.0015053217
0.0015119666
0.0015195359
0.0015279837
0.0015372640
0.0015473299
0.0015581339
0.0015696273
0.0015817608
0.0015944835
0.0016077433
0.0016214870
0.0016356596
0.0016502047
0.0016650645
0.0016801792
0.0016954878
0.0017109274
0.0017264336
0.0017419404
0.0017573804
0.0017726848
0.0017877833
0.0018026046
0.0018170764
0.0018311255
0.0018446781
0.0018576600
0.0018699970
0.0018816147
0.0018924395
0.0019023982
0.0019114190
0.0019194312
0.0019263662
0.0019321573
0.0019367405
0.0019400547
0.0019420419
0.0019426481
0.0019418232
0.0019395214
0.0019357019
0.0019303288
0.0019233716
0.0019148058
0.0019046123
0.0018927786
0.0018792982
0.0018641714
0.0018474046
0.0018290113
0.0018090113
0.0017874312
0.0017643039
0.0017396688
0.0017135717
0.0016860642
0.0016572036
0.0016270529
0.0015956799
0.0015631575
0.0015295625
0.0014949760
0.0014594824
0.0014231689
0.0013861254
0.0013484437
0.0013102168
0.0012715389
0.0012325046
0.0011932080
0.0011537430
0.0011142022
0.0010746765
0.0010352549
0.0009960239
0.0009570671
0.0009184648
0.0008802939
0.0008426271
0.0008055332
0.0007690766
0.0007333171
0.0006983096
0.0006641043
0.0006307466
0.0005982767
0.0005667300
0.0005361369
0.0005065228
0.0004779084
0.0004503098
0.0004237385
0.0003982015
0.0003737018
0.0003502383
0.0003278063
0.0003063973
0.0002859998
0.0002665991
0.0002481778
0.0002307159
0.0002141912
0.0001985796
0.0001838552
0.0001699904
0.0001569566
0.0001447241
0.0001332624
0.0001225403
0.0001125265
0.0001031892
0.0000944968
0.0000864177
0.0000789206
0.0000719747
0.0000655497
0.0000596159
0.0000541445
0.0000491074
0.0769675543
