0.0405052935
0.0424171842
0.0438001292
0.0446101654
0.0448289432
0.0444646704
0.0435510813
0.0421445687
0.0403197942
0.0381642265
0.0357721354
0.0332385810
0.0306538904
0.0280990229
0.0256420965
0.0233362160
0.0212186070
0.0193109494
0.0176207180
0.0161432806
0.0148644874
0.0137634826
0.0128155037
0.0119944661
0.0112751880
0.0106351521
0.0100557538
0.0095230248
0.0090278549
0.0085657643
0.0081362975
0.0077421271
0.0073879662
0.0070793918
0.0068216849
0.0066187843
0.0064724429
0.0063816515
0.0063423739
0.0063476051
0.0063877334
0.0064511570
0.0065250820
0.0065964117
0.0066526325
0.0066826078
0.0066772091
0.0066297362
0.0065361072
0.0063948301
0.0062067872
0.0059748832
0.0057036153
0.0053986206
0.0050662480
0.0047131869
0.0043461696
0.0039717488
0.0035961394
0.0317965376
