0.0184421077
0.0188170262
0.0191133754
0.0193284687
0.0194609048
0.0195106071
0.0194788281
0.0193681201
0.0191822713
0.0189262112
0.0186058861
0.0182281096
0.0178003930
0.0173307606
0.0168275557
0.0162992434
0.0157542159
0.0152006066
0.0146461173
0.0140978643
0.0135622459
0.0130448361
0.0125503040
0.0120823623
0.0116437440
0.0112362060
0.0108605588
0.0105167193
0.0102037839
0.0099201189
0.0096634635
0.0094310424
0.0092196840
0.0090259397
0.0088462020
0.0086768169
0.0085141894
0.0083548777
0.0081956766
0.0080336870
0.0078663720
0.0076915977
0.0075076610
0.0073133029
0.0071077093
0.0068904995
0.0066617057
0.0064217420
0.0061713671
0.0059116414
0.0056438798
0.0053696022
0.0050904833
0.0048083028
0.0045248969
0.0042421139
0.0039617717
0.0036856216
0.0034153154
0.0031523792
0.0028981918
0.0026539692
0.0024207541
0.0021994105
0.0019906239
0.0017949047
0.0016125958
0.0014438837
0.0012888119
0.0011472956
0.0010191389
0.0009040512
0.0008016650
0.0007115520
0.0006332392
0.0005662230
0.0005099821
0.0004639878
0.0004277129
0.0004006379
0.0003822551
0.0003720709
0.0003696057
0.0003743919
0.0003859709
0.0004038886
0.0004276899
0.0004569130
0.0004910832
0.0005297076
0.0005722698
0.0006182259
0.0006670020
0.0007179926
0.0007705617
0.0008240450
0.0008777540
0.0009309829
0.0009830159
0.0010331370
0.0010806409
0.0011248445
0.0011650994
0.0012008041
0.0012314164
0.0012564643
0.0012755566
0.0012883909
0.0012947610
0.0012945605
0.0012877856
0.0012745343
0.0012550036
0.0012294843
0.0011983533
0.0011620643
0.0011211363
0.2677428083
