0.0388933280
0.0420928705
0.0448202487
0.0469804511
0.0485053978
0.0493569540
0.0495272045
0.0490362806
0.0479283310
0.0462663895
0.0441268996
0.0415945337
0.0387577352
0.0357051756
0.0325231108
0.0292934703
0.0260924492
0.0229893737
0.0200456695
0.0173138466
0.0148364961
0.0126453632
0.0107606009
0.0091903246
0.0079305777
0.0069657948
0.0062698173
0.0058074695
0.0055366601
0.0054109208
0.0053822418
0.0054040144
0.0054338577
0.0054360884
0.0053836117
0.0052590564
0.0050550563
0.0047736766
0.0044250867
0.0040256667
0.0035957943
0.0031575774
0.0027327717
0.0023410683
0.0019988518
0.0017184497
0.0015078195
0.0013705765
0.0013062469
0.0013106468
0.0013763179
0.0014929958
0.0016481211
0.0018274277
0.0020156405
0.0021972979
0.0023576782
0.0024837670
0.0025651729
0.0025948789
0.0025697238
0.0024905356
0.0023618868
0.0021914956
0.0019893502
0.0017666715
0.0372491340
