0.0450654633
0.0466362192
0.0474131658
0.0473796817
0.0465675960
0.0450536974
0.0429519534
0.0404024648
0.0375585697
0.0345736706
0.0315892743
0.0287254456
0.0260744390
0.0236977872
0.0216266567
0.0198649171
0.0183941386
0.0171796525
0.0161768547
0.0153370835
0.0146125993
0.0139604030
0.0133448203
0.0127389204
0.0121249317
0.0114938621
0.0108445381
0.0101822572
0.0095172190
0.0088628636
0.0082342191
0.0076463365
0.0071128783
0.0066449165
0.0062499923
0.0059314807
0.0056882915
0.0055149222
0.0054018533
0.0053362517
0.0053029226
0.0052854274
0.0052672715
0.0052330644
0.0051695553
0.0050664661
0.0049170623
0.0047184297
0.0044714466
0.0041804730
0.0038527955
0.0034978877
0.0031265595
0.1061983505
