0.0201733097
0.0216407254
0.0230279283
0.0243143721
0.0254820895
0.0265160875
0.0274045576
0.0281389081
0.0287136433
0.0291261270
0.0293762728
0.0294662049
0.0293999277
0.0291830336
0.0288224660
0.0283263413
0.0277038226
0.0269650282
0.0261209560
0.0251833981
0.0241648314
0.0230782694
0.0219370710
0.0207547135
0.0195445378
0.0183194865
0.0170918524
0.0158730576
0.0146734805
0.0135023401
0.0123676440
0.0112761985
0.0102336729
0.0092447056
0.0083130383
0.0074416611
0.0066329552
0.0058888177
0.0052107613
0.0045999805
0.0040573831
0.0035835843
0.0031788694
0.0028431263
0.0025757555
0.0023755642
0.0022406520
0.0021682982
0.0021548602
0.0021956941
0.0022851086
0.0024163643
0.0025817272
0.0027725845
0.0029796255
0.0031930878
0.0034030592
0.0035998250
0.0037742386
0.0039180950
0.0040244792
0.0040880645
0.0041053364
0.0040747238
0.0039966248
0.0038733247
0.0037088107
0.0035084981
0.0032788877
0.0030271826
0.0027608895
0.0024874348
0.0022138203
0.0019463357
0.0016903456
0.0014501526
0.0012289405
0.0010287875
0.0008507403
0.0006949345
0.0005607447
0.0004469513
0.0003519069
0.0002736951
0.0002102699
0.0001595721
0.0001196205
0.0000885772
0.0000647896
0.0000468116
0.0000334093
0.0000235529
0.0000164015
0.0000112820
0.0000076656
0.0000051448
0.0000034107
0.0000022335
0.0000014447
0.0000009230
0.0000005825
0.0000003631
0.0000002236
0.0000001360
0.0000000817
0.0000000485
0.0000000284
0.0000000165
0.0000000094
0.0000000053
0.0000000030
0.0000000016
0.0000000009
0.0000000005
0.0000000003
0.0000000001
0.0000000001
0.0000000000
0.0000000000
0.0000000000
0.0000000000
0.0000000000
0.0000000000
0.0000000000
0.0000000000
0.0000000000
0.0000000000
0.0000000000
0.0000000000
0.0000000000
0.0000000000
0.0000000000
0.0000000000
0.0000000000
0.0000000000
0.0800000000
