0.0336429060
0.0421054924
0.0486033095
0.0520488869
0.0521488369
0.0494648000
0.0451048866
0.0402324600
0.0356599867
0.0317039319
0.0283008139
0.0252499461
0.0224206164
0.0198252374
0.0175591608
0.0156856682
0.0141623157
0.0128564182
0.0116215196
0.0103650565
0.0090613443
0.0077221338
0.0063688651
0.0050316737
0.0037616264
0.0026290397
0.0017001960
0.0010093806
0.0005470547
0.0002696374
0.0001205658
0.0000488282
0.0000178929
0.0000059289
0.0000017758
0.0000004806
0.0000001175
0.0000000260
0.0000000052
0.0000000009
0.0000000002
0.0000000000
0.0000000000
0.0000000000
0.0000000000
0.0000000000
0.0000000000
0.0000000000
0.3529411765
