0.0404936701
0.0446368623
0.0474881653
0.0488336093
0.0486257637
0.0469807418
0.0441454301
0.0404461699
0.0362338763
0.0318389555
0.0275435630
0.0235714726
0.0200900623
0.0172166314
0.0150226625
0.0135334378
0.0127245378
0.0125193730
0.0127921274
0.0133785814
0.0140943132
0.0147570972
0.0152089326
0.0153333910
0.0150655059
0.0143934689
0.0133531584
0.0120175491
0.0104833006
0.0088565965
0.0072399271
0.0057211765
0.0043660534
0.0032144896
0.0022810434
0.0015586809
0.0010247530
0.0006477282
0.0003933598
0.0002293825
0.0001283775
0.0000689276
0.0000354910
0.0000175200
0.0000082896
0.0000037586
0.0000016328
0.0000006795
0.0000002709
0.0000001034
0.2413793482
