0.0449346611
0.0473230623
0.0490171727
0.0499631195
0.0501488888
0.0496040278
0.0483953988
0.0466196192
0.0443932255
0.0418418308
0.0390895808
0.0362500481
0.0334194041
0.0306723139
0.0280606036
0.0256143957
0.0233451574
0.0212499668
0.0193162851
0.0175265979
0.0158624338
0.0143074463
0.0128494211
0.0114812263
0.0102008362
0.0090106327
0.0079162137
0.0069249367
0.0060443977
0.0052810081
0.0046387922
0.0041184901
0.0037170205
0.0034273278
0.0032386151
0.0031369348
0.0031060841
0.0031287203
0.0031875848
0.0032667060
0.0033524435
0.0034342464
0.0035050308
0.0035611284
0.0036018178
0.0036285147
0.0036437491
0.0036500935
0.0036492142
0.0036411979
0.0036242541
0.0035948326
0.0035481199
0.0034788164
0.0033820490
0.0032542570
0.0030939035
0.0029018967
0.0026816661
0.0024388969
0.0021809800
0.0019162772
0.0016533193
0.0014000504
0.0011632140
0.0009479381
0.0007575440
0.0005935650
0.0004559354
0.0003432956
0.0002533546
0.0001832562
0.0001299084
0.0000902504
0.0000614444
0.0000409947
0.0000268027
0.0000171723
0.0000107814
0.0000066331
0.0000039989
0.0000023624
0.0000013676
0.0000007758
0.0000004313
0.0000002349
0.0000001254
0.0000000656
0.0000000336
0.0000000169
0.0000000083
0.0000000040
0.0000000019
0.0000000009
0.0384615389
