0.0324822708
0.0347503447
0.0365133812
0.0376963982
0.0382575761
0.0381918631
0.0375310296
0.0363401768
0.0347111690
0.0327538342
0.0305860206
0.0283236692
0.0260719746
0.0239184815
0.0219286546
0.0201441173
0.0185834280
0.0172449951
0.0161115418
0.0151554287
0.0143441298
0.0136452192
0.0130303511
0.0124778875
0.0119740246
0.0115124716
0.0110929180
0.0107186673
0.0103939014
0.0101210520
0.0098987022
0.0097203266
0.0095740255
0.0094432431
0.0093083070
0.0091485134
0.0089444191
0.0086799988
0.0083443718
0.0079328914
0.0074474942
0.0068963193
0.0062927009
0.0056537071
0.0049984348
0.0043462772
0.0037153525
0.0031212418
0.0025761249
0.0020883444
0.0016623745
0.0012991292
0.0009965177
0.0007501452
0.1605540599
