0.0372950282
0.0476933083
0.0574994123
0.0655103094
0.0706987199
0.0724338494
0.0706031575
0.0656056965
0.0582293343
0.0494574213
0.0402657184
0.0314642316
0.0236146043
0.0170228510
0.0117835869
0.0078445651
0.0050677518
0.0032759926
0.0022837000
0.0019136740
0.0020032901
0.0024048251
0.0029858954
0.0036341358
0.0042649364
0.0048259928
0.0052924024
0.0056520479
0.0058886472
0.0059728505
0.0058675015
0.0055446187
0.0050046110
0.0042868885
0.0034656314
0.0026320446
0.0018708296
0.0012406869
0.0007657364
0.0004389258
0.0002332776
0.1861613116
