0.0515012368
0.0642629425
0.0740415664
0.0793434778
0.0796856496
0.0755698011
0.0681615933
0.0589140674
0.0492702317
0.0404315461
0.0331660674
0.0277208287
0.0239188365
0.0213953524
0.0198034789
0.0188549801
0.0182296431
0.0175108832
0.0162676026
0.0142484143
0.0115328326
0.0085057781
0.0056630028
0.0033830876
0.0018064540
0.0008599966
0.0003644267
0.0001373083
0.0000459665
0.0000136657
0.0000036068
0.0000008449
0.0000001756
0.0000000324
0.0000000053
0.0000000008
0.0000000001
0.0000000000
0.0000000000
0.0000000000
0.0000000000
0.0000000000
0.0000000000
0.0000000000
0.0000000000
0.0000000000
0.0000000000
0.0000000000
0.0000000000
0.0000000000
0.0000000000
0.0000000000
0.0000000000
0.0000000000
0.0000000000
0.0000000000
0.0000000000
0.0000000000
0.0000000000
0.1153846154
