0.0242307379
0.0253463587
0.0262535765
0.0269338879
0.0273763254
0.0275778632
0.0275433782
0.0272851823
0.0268221741
0.0261786851
0.0253831127
0.0244664423
0.0234607581
0.0223978341
0.0213078794
0.0202184911
0.0191538505
0.0181341719
0.0171754003
0.0162891398
0.0154827817
0.0147598015
0.0141201858
0.0135609545
0.0130767433
0.0126604140
0.0123036623
0.0119975968
0.0117332641
0.0115020983
0.0112962813
0.0111089987
0.0109345902
0.0107685943
0.0106076960
0.0104495942
0.0102928085
0.0101364478
0.0099799675
0.0098229371
0.0096648393
0.0095049152
0.0093420653
0.0091748099
0.0090013061
0.0088194143
0.0086268048
0.0084210915
0.0081999805
0.0079614225
0.0077037573
0.0074258429
0.0071271611
0.0068078949
0.0064689740
0.0061120849
0.0057396457
0.0053547439
0.0049610415
0.1434515371
