0.0364946847
0.0385895954
0.0402347112
0.0413727961
0.0419679404
0.0420076441
0.0415031323
0.0404879068
0.0390147200
0.0371513175
0.0349754096
0.0325693788
0.0300152170
0.0273901149
0.0247630089
0.0221922524
0.0197244379
0.0173942684
0.0152252887
0.0132312271
0.0114176886
0.0097839570
0.0083247130
0.0070315321
0.0058940900
0.0049010592
0.0040407223
0.0033013559
0.0026714482
0.0021398139
0.0016956584
0.0013286265
0.0010288585
0.0007870580
0.0005945696
0.0004434568
0.0003265709
0.0002376009
0.0001711007
0.0001224899
0.0000880339
0.0000648046
0.0000506303
0.0000440395
0.0000442032
0.0000508777
0.0000643481
0.0000853682
0.0001150924
0.0001549927
0.0002067528
0.0002721350
0.0003528175
0.0004502028
0.0005652063
0.0006980378
0.0008479963
0.0010133012
0.0011909866
0.0013768803
0.0015656885
0.0017511923
0.0019265549
0.0020847208
0.0022188776
0.0023229383
0.0023919985
0.0024227188
0.0024135929
0.0023650694
0.0022795160
0.0021610275
0.0020151010
0.0018482138
0.0016673490
0.0014795160
0.0012913136
0.0011085688
0.0009360789
0.0007774656
0.0006351390
0.0005103583
0.0004033672
0.0003135774
0.0002397772
0.0001803391
0.0001334107
0.0000970757
0.0000694783
0.0000489110
0.0000338675
0.2500230663
