0.0288543240
0.0316494897
0.0334363982
0.0340933799
0.0336357461
0.0322018941
0.0300160713
0.0273402213
0.0244286704
0.0214959169
0.0187016600
0.0161512567
0.0139060879
0.0119974006
0.0104383713
0.0092312702
0.0083688302
0.0078308500
0.0075785718
0.0075502634
0.0076613703
0.0078113216
0.0078967849
0.0078285871
0.0075477132
0.0070356047
0.0063155908
0.0054450967
0.0045011412
0.0035634646
0.0026998092
0.0019565613
0.0013558587
0.0008982625
0.0005688494
0.0003443128
0.0001991774
0.0001101121
0.0000581729
0.0000293685
0.0000141680
0.0000065311
0.0000028768
0.5172425901
