0.0205364627
0.0209773484
0.0213606331
0.0216835895
0.0219440794
0.0221405782
0.0222721901
0.0223386515
0.0223403246
0.0222781803
0.0221537725
0.0219692022
0.0217270762
0.0214304571
0.0210828102
0.0206879450
0.0202499555
0.0197731583
0.0192620317
0.0187211555
0.0181551536
0.0175686390
0.0169661638
0.0163521729
0.0157309629
0.0151066462
0.0144831201
0.0138640419
0.0132528078
0.0126525375
0.0120660636
0.0114959237
0.0109443578
0.0104133078
0.0099044207
0.0094190532
0.0089582795
0.0085229002
0.0081134524
0.0077302221
0.0073732560
0.0070423760
0.0067371929
0.0064571214
0.0062013965
0.0059690887
0.0057591219
0.0055702897
0.0054012742
0.0052506637
0.0051169715
0.0049986548
0.0048941339
0.0048018111
0.0047200898
0.0046473927
0.0045821802
0.0045229672
0.0044683396
0.0044169689
0.0043676258
0.0043191917
0.0042706690
0.0042211885
0.0041700149
0.0041165507
0.0040603365
0.0040010500
0.0039385023
0.0038726320
0.0038034968
0.0037312641
0.0036561988
0.0035786509
0.0034990403
0.0034178426
0.0033355731
0.0032527707
0.0031699831
0.0030877512
0.0030065949
0.0029270003
0.0028494080
0.0027742032
0.0027017073
0.0026321720
0.0025657754
0.0025026194
0.0024427305
0.0023860614
0.0023324955
0.0022818519
0.0022338933
0.0021883343
0.0021448504
0.0021030893
0.0020626804
0.0020232464
0.0019844137
0.0019458227
0.0019071373
0.0018680535
0.0018283074
0.0017876812
0.0017460082
0.0017031766
0.0016591315
0.0016138752
0.0015674669
0.0015200202
0.0014716996
0.0014227160
0.0013733210
0.0013238007
0.0012744684
0.0012256570
0.0011777115
0.0011309806
0.0010858092
0.0010425308
0.0010014598
0.0009628852
0.0009270647
0.0008942185
0.0008645259
0.0008381209
0.0008150897
0.0007954694
0.0007792468
0.0007663586
0.0007566930
0.0007500915
0.0007463518
0.0007452317
0.0007464530
0.0007497070
0.0007546599
0.0007609584
0.0007682361
0.0007761198
0.0007842355
0.0007922154
0.0007997032
0.0008063605
0.0008118714
0.0008159482
0.0008183348
0.0008188107
0.0008171935
0.0008133411
0.0008071527
0.0007985693
0.0007875733
0.0007741872
0.0007584715
0.0007405227
0.0007204695
0.0006984695
0.0006747052
0.0006493794
0.0006227112
0.0005949306
0.0005662750
0.0005369838
0.0005072948
0.0004774402
0.0004476429
0.0004181134
0.0003890475
0.0003606234
0.0241425248
