0.0587584334
0.0638127617
0.0670817539
0.0683473975
0.0676029046
0.0650452877
0.0610326348
0.0560173019
0.0504711217
0.0448188559
0.0393919460
0.0344079426
0.0299740979
0.0261084651
0.0227695074
0.0198856881
0.0173789901
0.0151796178
0.0132321662
0.0114955552
0.0099397627
0.0085420234
0.0072841237
0.0061512571
0.0051320049
0.0042186164
0.0034068511
0.0026950493
0.0020825576
0.0015679586
0.0011476289
0.0008150068
0.0005606858
0.0003731903
0.0002401322
0.0001494111
0.0000902019
0.0000536028
0.0000329425
0.0000238376
0.0000241189
0.0000337297
0.0000546412
0.0000907604
0.0001477335
0.0002325027
0.0003524702
0.0005141860
0.0007216086
0.0009741690
0.0012650544
0.0015802437
0.0018987956
0.0021946816
0.0024400790
0.0026096083
0.0026846387
0.0026566565
0.0025288557
0.0023155371
0.0020394755
0.0017279228
0.0014082158
0.0821850406
