0.0169194208
0.0175063027
0.0180400988
0.0185157324
0.0189288350
0.0192758259
0.0195539730
0.0197614338
0.0198972756
0.0199614743
0.0199548925
0.0198792384
0.0197370062
0.0195314017
0.0192662545
0.0189459216
0.0185751839
0.0181591400
0.0177031008
0.0172124868
0.0166927324
0.0161491975
0.0155870903
0.0150114008
0.0144268467
0.0138378322
0.0132484173
0.0126623002
0.0120828086
0.0115129001
0.0109551707
0.0104118673
0.0098849065
0.0093758938
0.0088861461
0.0084167131
0.0079683981
0.0075417785
0.0071372236
0.0067549110
0.0063948418
0.0060568541
0.0057406349
0.0054457331
0.0051715707
0.0049174555
0.0046825941
0.0044661061
0.0042670390
0.0040843852
0.0039170986
0.0037641128
0.0036243598
0.0034967874
0.0033803771
0.0032741599
0.0031772309
0.0030887610
0.0030080064
0.0029343150
0.0028671291
0.0028059859
0.0027505133
0.0027004242
0.0026555070
0.0026156142
0.0025806493
0.0025505522
0.0025252838
0.0025048108
0.0024890906
0.0024780573
0.0024716094
0.0024695982
0.0024718199
0.0024780086
0.0024878323
0.0025008920
0.0025167219
0.0025347932
0.0025545192
0.0025752631
0.0025963469
0.0026170617
0.0026366800
0.0026544672
0.0026696953
0.0026816553
0.0026896703
0.0026931081
0.0026913924
0.0026840138
0.0026705395
0.0026506210
0.0026240010
0.0025905179
0.0025501090
0.0025028118
0.0024487626
0.0023881942
0.0023214314
0.0022488841
0.0021710401
0.0020884551
0.0020017424
0.0019115612
0.0018186048
0.0017235873
0.0016272317
0.0015302570
0.0014333665
0.0013372365
0.0012425062
0.0011497693
0.0010595657
0.0009723763
0.0008886182
0.0008086418
0.0007327299
0.0006610978
0.0005938947
0.0005312070
0.0004730617
0.0004194316
0.0003702407
0.0003253700
0.0002846639
0.0002479365
0.0002149778
0.0001855601
0.0001594431
0.0001363800
0.0001161215
0.0000984205
0.0000830354
0.0000697333
0.0000582923
0.0000485033
0.1714687427
