0.0125353959
0.0129607230
0.0133493789
0.0136981095
0.0140041877
0.0142654700
0.0144804395
0.0146482356
0.0147686675
0.0148422126
0.0148699989
0.0148537724
0.0147958504
0.0146990618
0.0145666766
0.0144023269
0.0142099213
0.0139935560
0.0137574236
0.0135057250
0.0132425830
0.0129719633
0.0126976031
0.0124229475
0.0121510988
0.0118847743
0.0116262777
0.0113774808
0.0111398163
0.0109142813
0.0107014501
0.0105014949
0.0103142138
0.0101390643
0.0099752015
0.0098215188
0.0096766911
0.0095392187
0.0094074706
0.0092797282
0.0091542263
0.0090291927
0.0089028857
0.0087736288
0.0086398420
0.0085000710
0.0083530127
0.0081975375
0.0080327080
0.0078577944
0.0076722859
0.0074758986
0.0072685788
0.0070505034
0.0068220749
0.0065839133
0.0063368441
0.0060818821
0.0058202123
0.0055531677
0.0052822046
0.0050088759
0.0047348033
0.0044616488
0.0041910856
0.0039247710
0.0036643189
0.0034112757
0.0031670974
0.0029331297
0.0027105919
0.0025005625
0.0023039692
0.0021215817
0.0019540076
0.0018016909
0.0016649134
0.0015437980
0.0014383144
0.0013482856
0.0012733960
0.0012132005
0.0011671342
0.0011345217
0.0011145878
0.0011064676
0.0011092170
0.0011218226
0.0011432128
0.0011722680
0.0012078318
0.0012487218
0.0012937411
0.0013416902
0.0013913792
0.0014416399
0.0014913388
0.0015393893
0.0015847644
0.0016265092
0.0016637514
0.0016957130
0.0017217189
0.0017412050
0.0017537248
0.0017589531
0.0017566888
0.0017468545
0.0017294944
0.0017047697
0.0016729520
0.0016344148
0.2384317281
