0.0202871333
0.0211656477
0.0218719911
0.0223922863
0.0227187767
0.0228501231
0.0227913441
0.0225534129
0.0221525462
0.0216092496
0.0209471962
0.0201920253
0.0193701493
0.0185076501
0.0176293280
0.0167579529
0.0159137393
0.0151140484
0.0143732967
0.0137030374
0.0131121640
0.0126071860
0.0121925205
0.0118707552
0.0116428444
0.0115082155
0.0114647798
0.0115088557
0.0116350261
0.0118359670
0.0121022874
0.0124224262
0.0127826492
0.0131671794
0.0135584868
0.0139377431
0.0142854349
0.0145821066
0.0148091927
0.0149498848
0.0149899699
0.0149185779
0.0147287768
0.0144179671
0.0139880406
0.0134452886
0.0128000626
0.0120662140
0.0112603523
0.0104009785
0.0095075549
0.2085995768
