0.0208139485
0.0222739191
0.0236052564
0.0247764807
0.0257597859
0.0265322441
0.0270767859
0.0273828971
0.0274469911
0.0272724395
0.0268692697
0.0262535604
0.0254465833
0.0244737577
0.0233634900
0.0221459728
0.0208520153
0.0195119645
0.0181547662
0.0168071965
0.0154932786
0.0142338849
0.0130465108
0.0119451957
0.0109405615
0.0100399376
0.0092475425
0.0085646959
0.0079900448
0.0075197920
0.0071479274
0.0068664644
0.0066656919
0.0065344539
0.0064604657
0.0064306746
0.0064316652
0.0064501026
0.0064731994
0.0064891849
0.0064877495
0.0064604348
0.0064009411
0.0063053260
0.0061720766
0.0060020460
0.0057982546
0.0055655698
0.0053102849
0.0050396289
0.0047612425
0.0044826580
0.0042108201
0.0039516800
0.0037098876
0.0034885986
0.0032894020
0.0031123662
0.0029561890
0.0028184334
0.0026958242
0.0025845763
0.0024807284
0.0023804559
0.0022803406
0.0021775820
0.0020701393
0.0019568019
0.0018371899
0.0017116932
0.0015813611
0.0014477569
0.0013127927
0.0011785605
0.0010471714
0.2231428371
