0.0256051136
0.0271421550
0.0283597259
0.0292146014
0.0296789519
0.0297420687
0.0294108687
0.0287091671
0.0276758266
0.0263619928
0.0248276905
0.0231380950
0.0213597860
0.0195572603
0.0177899247
0.0161097208
0.0145594619
0.0131718945
0.0119694398
0.0109645264
0.0101603970
0.0095522576
0.0091286378
0.0088728371
0.0087643527
0.0087802063
0.0088961128
0.0090874611
0.0093301025
0.0096009607
0.0098784935
0.0101430417
0.0103771019
0.0105655498
0.0106958318
0.0107581251
0.0107454569
0.0106537625
0.0104818611
0.0102313314
0.0099062809
0.0095130141
0.0090596211
0.0085555168
0.0080109678
0.0074366417
0.0068432074
0.0062410035
0.0056397796
0.0050485048
0.0044752296
0.0039269869
0.0034097175
0.0029282134
0.0024860772
0.0020857023
0.0017282808
0.0014138493
0.0011413752
0.0009088865
0.0007136372
0.0005523003
0.0004211720
0.0003163732
0.0002340337
0.0001704473
0.0001221916
0.0000862084
0.0000598468
0.0000408744
0.2444719060
