0.0522073624
0.0592084297
0.0640595184
0.0662490457
0.0656524294
0.0625429110
0.0575059417
0.0512878893
0.0446282218
0.0381236322
0.0321554618
0.0268869879
0.0223147204
0.0183450467
0.0148667291
0.0117986774
0.0091060022
0.0067899336
0.0048645554
0.0033340176
0.0021793771
0.0013576382
0.0008101365
0.0004749100
0.0002980980
0.0002413851
0.0002845613
0.0004235087
0.0006643509
0.0010146724
0.0014732185
0.0020204218
0.0026129381
0.0031852432
0.0036596090
0.0039627169
0.0040440316
0.0038895408
0.0035256908
0.0030119805
0.0024250579
0.0018401537
0.0013159764
0.0008869602
0.0005634069
0.0003372890
0.2415696128
