0.0324751344
0.0350250610
0.0369649274
0.0382128101
0.0387395527
0.0385704028
0.0377796330
0.0364791736
0.0348032798
0.0328918222
0.0308748208
0.0288603818
0.0269273709
0.0251231932
0.0234661383
0.0219510822
0.0205570001
0.0192547498
0.0180138786
0.0168076682
0.0156161388
0.0144271740
0.0132362171
0.0120451095
0.0108605968
0.0096928826
0.0085544233
0.0074589893
0.0064209175
0.0054544467
0.0045730587
0.0037888018
0.0031116281
0.0025488012
0.0021044235
0.0017791058
0.0015697676
0.0014695412
0.0014677632
0.0015500722
0.0016986731
0.0018928589
0.0021098771
0.0023261784
0.0025190037
0.0026681637
0.0027577758
0.0027776845
0.0027243061
0.0026007238
0.0024159909
0.0021837445
0.0019203561
0.0016429232
0.0013674085
0.0011071824
0.0008721211
0.0006682968
0.0004981911
0.2417406004
