0.0370961445
0.0401083434
0.0425521778
0.0443074764
0.0452903902
0.0454610784
0.0448272637
0.0434431647
0.0414039225
0.0388362282
0.0358863503
0.0327070532
0.0294449754
0.0262298695
0.0231667596
0.0203315940
0.0177704595
0.0155019546
0.0135219635
0.0118098698
0.0103352098
0.0090638730
0.0079631746
0.0070053954
0.0061696707
0.0054423521
0.0048161508
0.0042884742
0.0038593883
0.0035296020
0.0032987741
0.0031643316
0.0031208652
0.0031600642
0.0032710708
0.0034410931
0.0036561075
0.0039015079
0.0041626120
0.0044249971
0.0046746986
0.0048983491
0.0050833529
0.0052181780
0.0052928058
0.0052993261
0.0052326004
0.0050908789
0.0048762331
0.0045946863
0.0042559643
0.0038728565
0.0034602469
0.0030339309
0.0026093723
0.0022005595
0.0018190946
0.0014736072
0.0011695257
0.0009091849
0.1771627941
