0.0306727006
0.0346224685
0.0381611346
0.0411157428
0.0433416669
0.0447293280
0.0452082296
0.0447497987
0.0433700105
0.0411316305
0.0381447392
0.0345636175
0.0305784297
0.0264013441
0.0222483440
0.0183193660
0.0147800597
0.0117481919
0.0092866812
0.0074038453
0.0060601263
0.0051796335
0.0046644128
0.0044093236
0.0043156137
0.0043016122
0.0043093644
0.0043065672
0.0042838458
0.0042482056
0.0042142412
0.0041951689
0.0041957705
0.0042088354
0.0042157450
0.0041907301
0.0041073694
0.0039453730
0.0036957624
0.0033631564
0.0029647911
0.0025268292
0.0020791618
0.0016501285
0.0012623624
0.0009304619
0.0006605946
0.0004516572
0.0002973474
0.2801884791
