0.0369909646
0.0400886804
0.0425720694
0.0443053484
0.0451923573
0.0451853739
0.0442893825
0.0425613227
0.0401045184
0.0370591093
0.0335897803
0.0298723354
0.0260806728
0.0223754949
0.0188956985
0.0157529062
0.0130291132
0.0107770085
0.0090222545
0.0077668907
0.0069930801
0.0066666008
0.0067397566
0.0071536683
0.0078401606
0.0087236105
0.0097231589
0.0107555931
0.0117390126
0.0125971461
0.0132639492
0.0136879396
0.0138356626
0.0136937454
0.0132691787
0.0125877194
0.0116905944
0.0106299319
0.0094635143
0.1934346950
