0.0214661767
0.0220791448
0.0225976702
0.0230148900
0.0233253843
0.0235253078
0.0236124849
0.0235864640
0.0234485307
0.0232016780
0.0228505369
0.0224012682
0.0218614188
0.0212397499
0.0205460391
0.0197908651
0.0189853810
0.0181410817
0.0172695731
0.0163823488
0.0154905797
0.0146049212
0.0137353423
0.0128909803
0.0120800212
0.0113096095
0.0105857861
0.0099134538
0.0092963706
0.0087371658
0.0082373804
0.0077975252
0.0074171555
0.0070949595
0.0068288546
0.0066160920
0.0064533629
0.0063369058
0.0062626125
0.0062261282
0.0062229473
0.0062485005
0.0062982341
0.0063676800
0.0064525156
0.0065486145
0.0066520880
0.0067593162
0.0068669722
0.0069720365
0.0070718057
0.0071638940
0.0072462292
0.0073170443
0.0073748644
0.0074184918
0.0074469871
0.0074596499
0.0074559983
0.0074357477
0.0073987900
0.0073451740
0.0072750867
0.0071888360
0.0070868360
0.0069695935
0.0068376975
0.0066918105
0.0065326617
0.0063610428
0.0061778040
0.0059838521
0.0057801493
0.0055677114
0.0053476060
0.0051209501
0.0048889062
0.0046526767
0.0044134965
0.0041726244
0.0039313310
0.0036908868
0.1145636584
