0.0270856658
0.0290878530
0.0307283061
0.0319469086
0.0327057039
0.0329914215
0.0328157308
0.0322132891
0.0312379327
0.0299575772
0.0284485003
0.0267896779
0.0250577305
0.0233228579
0.0216459298
0.0200767035
0.0186529978
0.0174005779
0.0163335060
0.0154547688
0.0147570833
0.0142238729
0.0138304738
0.0135456562
0.0133335249
0.0131558006
0.0129743995
0.0127541400
0.0124653407
0.0120860424
0.0116036037
0.0110154805
0.0103290924
0.0095607926
0.0087340653
0.0078771636
0.0070204551
0.0061937585
0.0054239291
0.0047329011
0.0041363212
0.0036428333
0.0032540047
0.0029648262
0.0027646816
0.0026386589
0.0025690656
0.0025370124
0.0025239408
0.0025129798
0.0024900395
0.0024445747
0.0023699779
0.0022635981
0.0021264162
0.0019624380
0.0017778922
0.0015803344
0.0013777596
0.0011778118
0.0009871596
0.0008110761
0.0006532322
0.0005156850
0.0003990234
0.0003026215
0.0002249482
0.0001638862
0.0001170244
0.0000818998
0.0000561772
0.0000377665
0.0000248842
0.0000160698
0.0000101710
0.0000063094
0.0000038360
0.0000022858
0.0000013350
0.0000007641
0.0000004287
0.0000002357
0.0000001270
0.0000000671
0.0000000347
0.2068965693
