0.0368833652
0.0415330702
0.0451924610
0.0476248913
0.0487400774
0.0485990266
0.0473891068
0.0453780227
0.0428601230
0.0401083074
0.0373406322
0.0347047707
0.0322782437
0.0300793974
0.0280837138
0.0262413518
0.0244935717
0.0227869334
0.0210845696
0.0193736739
0.0176681667
0.0160057573
0.0144394913
0.0130251645
0.0118072674
0.0108068659
0.0100146410
0.0093911140
0.0088741826
0.0083920658
0.0078782831
0.0072848351
0.0065904333
0.0058021691
0.0049508706
0.0040819957
0.0032448009
0.0024825433
0.0018257397
0.0012893592
0.0008736681
0.0005676260
0.0003534056
0.0002107500
0.0001203266
0.0000657502
0.0000343745
0.0000171894
0.0000082198
0.0000037580
0.0000016423
0.0000006860
0.0000002738
0.0000001044
0.0000000381
0.0000000132
0.0000000044
0.0000000014
0.0000000004
0.0000000001
0.0000000000
0.0000000000
0.0000000000
0.0000000000
0.0000000000
0.0000000000
0.0000000000
0.0000000000
0.0000000000
0.0000000000
0.0000000000
0.0000000000
0.0000000000
0.0000000000
0.0000000000
0.0000000000
0.0000000000
0.0000000000
0.0000000000
0.0000000000
0.0000000000
0.0000000000
0.0000000000
0.0000000000
0.0000000000
0.0000000000
0.0000000000
0.0000000000
0.0000000000
0.0000000000
0.0000000000
0.0000000000
0.0000000000
0.0000000000
0.0000000000
0.1111111111
