0.0440798491
0.0472821756
0.0495137255
0.0506803292
0.0507775575
0.0498879038
0.0481659086
0.0458141839
0.0430548226
0.0401011968
0.0371346191
0.0342889959
0.0316448208
0.0292320736
0.0270401431
0.0250320109
0.0231596653
0.0213779987
0.0196551208
0.0179779262
0.0163526971
0.0148013744
0.0133547777
0.0120444327
0.0108947439
0.0099170347
0.0091065182
0.0084426318
0.0078924988
0.0074166779
0.0069759608
0.0065378403
0.0060814199
0.0055999257
0.0051005047
0.0046015384
0.0041281430
0.0037067958
0.0033600880
0.0031024837
0.0029377076
0.0028580633
0.0028456488
0.0028751500
0.0029176678
0.0029449100
0.0029330587
0.0028657154
0.0027355093
0.0025442150
0.0023014934
0.0020226085
0.0017256235
0.0014286103
0.0011473339
0.0008937075
0.0006751199
0.0004945556
0.0003513002
0.0002419683
0.0001616023
0.0001046503
0.0000657105
0.0000400062
0.0000236167
0.0000135178
0.0000075022
0.0000040371
0.0000021064
0.0000010657
0.0000005227
0.0000002486
0.0000001147
0.0000000513
0.0000000222
0.0000000093
0.0000000038
0.0645161305
