0.0365405181
0.0393259891
0.0416378700
0.0433874312
0.0445126109
0.0449818189
0.0447950447
0.0439822950
0.0425997149
0.0407240079
0.0384459013
0.0358634192
0.0330756200
0.0301772729
0.0272547398
0.0243831270
0.0216246195
0.0190278221
0.0166279013
0.0144473378
0.0124971374
0.0107783834
0.0092840367
0.0080008888
0.0069115622
0.0059964286
0.0052353116
0.0046088461
0.0040994000
0.0036915188
0.0033719154
0.0031290925
0.0029527360
0.0028330406
0.0027601309
0.0027237091
0.0027130099
0.0027170802
0.0027253377
0.0027283102
0.0027184213
0.0026906800
0.0026431452
0.0025770696
0.0024966782
0.0024085902
0.0023209463
0.0022423441
0.0021807119
0.0021422594
0.0021306320
0.0021463714
0.0021867435
0.0022459542
0.0023157207
0.0023861286
0.0024466677
0.0024873227
0.0024995878
0.0024772901
0.1690837974
