0.0176569245
0.0184873030
0.0192352446
0.0198903108
0.0204437137
0.0208884969
0.0212196491
0.0214341517
0.0215309616
0.0215109391
0.0213767267
0.0211325928
0.0207842485
0.0203386517
0.0198038055
0.0191885612
0.0185024297
0.0177554068
0.0169578123
0.0161201430
0.0152529371
0.0143666484
0.0134715263
0.0125774999
0.0116940641
0.0108301674
0.0099941025
0.0091934011
0.0084347363
0.0077238367
0.0070654152
0.0064631171
0.0059194915
0.0054359865
0.0050129713
0.0046497841
0.0043448042
0.0040955457
0.0038987692
0.0037506051
0.0036466855
0.0035822774
0.0035524122
0.0035520083
0.0035759807
0.0036193375
0.0036772585
0.0037451589
0.0038187360
0.0038940018
0.0039673037
0.0040353350
0.0040951402
0.0041441146
0.0041800046
0.0042009062
0.0042052668
0.0041918875
0.0041599273
0.0041089081
0.0040387174
0.0039496094
0.0038422001
0.0037174567
0.0035766780
0.0034214669
0.0032536932
0.0030754481
0.0028889905
0.0026966886
0.0025009568
0.0023041929
0.0021087151
0.0019167057
0.0017301589
0.0015508396
0.0013802503
0.0012196104
0.0010698458
0.0009315900
0.0008051945
0.0006907485
0.0005881050
0.0004969126
0.0004166499
0.0003466619
0.0002861960
0.0002344358
0.0001905322
0.0001536313
0.0001228972
0.0000975302
0.0000767816
0.0000599629
0.0000464518
0.0000356949
0.0000272070
0.0000205691
0.0000154242
0.0000114718
0.0000084623
0.0000061912
0.0000044924
0.0000032329
0.3076946150
