0.0413997422
0.0483314512
0.0535591750
0.0565455384
0.0571298881
0.0555304038
0.0522443166
0.0478955711
0.0430887585
0.0383092727
0.0338796585
0.0299601791
0.0265757143
0.0236560433
0.0210821838
0.0187320631
0.0165163531
0.0143955024
0.0123749336
0.0104845794
0.0087554795
0.0072055551
0.0058394465
0.0046583823
0.0036710022
0.0028971311
0.0023617476
0.0020818745
0.0020520910
0.0022344629
0.0025570713
0.0029229387
0.0032281840
0.0033848983
0.0033416271
0.0030941873
0.0026827195
0.0021762946
0.0016513138
0.0011717833
0.0007775756
0.0004825064
0.0002799775
0.0001519149
0.2286485072
