0.0248072334
0.0266071326
0.0281789629
0.0294742994
0.0304544832
0.0310929739
0.0313769320
0.0313078903
0.0309014594
0.0301861027
0.0292011018
0.0279939067
0.0266171133
0.0251253333
0.0235722087
0.0220077914
0.0204764453
0.0190153634
0.0176537155
0.0164123837
0.0153041884
0.0143344866
0.0135020117
0.0127998432
0.0122164167
0.0117365205
0.0113422560
0.0110139625
0.0107311199
0.0104732437
0.0102207730
0.0099559367
0.0096635616
0.0093317731
0.0089525290
0.0085219355
0.0080403038
0.0075119343
0.0069446403
0.0063490515
0.0057377625
0.0051244039
0.0045227208
0.0039457338
0.0034050467
0.0029103371
0.0024690492
0.0020862780
0.0017648184
0.0015053401
0.0013066406
0.0011659342
0.0010791385
0.0010411346
0.0010459881
0.0010871310
0.0011575159
0.0012497578
0.0013562819
0.0014694930
0.0015819738
0.0016867139
0.0017773582
0.0018484599
0.0018957121
0.0019161361
0.0019082010
0.0018718597
0.0018084897
0.0017207443
0.0016123216
0.0014876747
0.0013516881
0.0012093490
0.0010654428
0.0009242931
0.0007895672
0.0006641519
0.0005501032
0.0004486617
0.0003603228
0.0002849457
0.0002218862
0.0001701359
0.0001284575
0.0000955037
0.0000699164
0.0000504005
0.0000357757
0.0000250057
0.0000172103
0.0000116636
0.0000077836
0.0000051147
0.0000033095
0.0000021086
0.0000013229
0.0000008173
0.0000004972
0.0000002978
0.0000001756
0.0000001020
0.0000000583
0.0000000329
0.0000000182
0.0000000099
0.0000000053
0.0000000028
0.0000000015
0.0000000008
0.0000000004
0.0000000002
0.0000000001
0.0000000000
0.0000000000
0.0000000000
0.0000000000
0.0000000000
0.0000000000
0.0000000000
0.0000000000
0.1935483871
