0.0082841352
0.0083771191
0.0084650239
0.0085476757
0.0086249108
0.0086965760
0.0087625297
0.0088226417
0.0088767942
0.0089248818
0.0089668124
0.0090025070
0.0090319002
0.0090549405
0.0090715905
0.0090818268
0.0090856404
0.0090830365
0.0090740345
0.0090586681
0.0090369851
0.0090090471
0.0089749294
0.0089347208
0.0088885230
0.0088364507
0.0087786306
0.0087152016
0.0086463137
0.0085721279
0.0084928155
0.0084085575
0.0083195440
0.0082259735
0.0081280523
0.0080259938
0.0079200176
0.0078103492
0.0076972189
0.0075808612
0.0074615139
0.0073394178
0.0072148153
0.0070879503
0.0069590670
0.0068284095
0.0066962209
0.0065627427
0.0064282141
0.0062928715
0.0061569477
0.0060206712
0.0058842661
0.0057479510
0.0056119390
0.0054764368
0.0053416447
0.0052077558
0.0050749557
0.0049434225
0.0048133262
0.0046848284
0.0045580824
0.0044332327
0.0043104151
0.0041897563
0.0040713742
0.0039553776
0.0038418662
0.0037309307
0.0036226530
0.0035171060
0.0034143540
0.0033144525
0.0032174490
0.0031233822
0.0030322834
0.0029441758
0.0028590752
0.0027769902
0.0026979226
0.0026218672
0.0025488130
0.0024787428
0.0024116336
0.0023474575
0.0022861813
0.0022277673
0.0021721737
0.0021193546
0.0020692607
0.0020218394
0.0019770352
0.0019347901
0.0018950440
0.0018577346
0.0018227983
0.0017901700
0.0017597836
0.0017315724
0.0017054691
0.0016814060
0.0016593157
0.0016391306
0.0016207839
0.0016042090
0.0015893404
0.0015761131
0.0015644634
0.0015543287
0.0015456477
0.0015383603
0.0015324079
0.0015277335
0.0015242816
0.0015219980
0.0015208305
0.0015207282
0.0015216420
0.0015235242
0.0015263287
0.0015300110
0.0015345282
0.0015398384
0.0015459015
0.0015526786
0.0015601318
0.0015682246
0.0015769215
0.0015861880
0.0015959904
0.0016062959
0.0016170725
0.0016282887
0.0016399136
0.0016519166
0.0016642678
0.0016769373
0.0016898956
0.0017031130
0.0017165603
0.0017302079
0.0017440264
0.0017579862
0.0017720574
0.0017862101
0.0018004138
0.0018146381
0.0018288521
0.0018430246
0.0018571241
0.0018711187
0.0018849763
0.0018986643
0.0019121501
0.0019254006
0.0019383827
0.0019510630
0.0019634079
0.0019753840
0.0019869578
0.0019980957
0.0020087644
0.0020189309
0.0020285625
0.0020376266
0.0020460914
0.0020539257
0.0020610987
0.0020675805
0.0020733422
0.0020783556
0.0020825938
0.0020860309
0.0020886421
0.0020904043
0.0020912956
0.0020912955
0.0020903853
0.0020885478
0.0020857677
0.0020820314
0.0020773271
0.0020716450
0.0020649775
0.0020573185
0.0020486645
0.0020390136
0.0020283665
0.0020167257
0.0020040958
0.0019904837
0.0019758983
0.0019603508
0.0019438543
0.0019264239
0.0019080769
0.0018888324
0.0018687117
0.0018477375
0.0018259347
0.0018033297
0.0017799507
0.0017558272
0.0017309905
0.0017054730
0.0016793085
0.0016525319
0.0016251792
0.0015972874
0.0015688943
0.0015400384
0.0015107589
0.0014810955
0.0014510881
0.0014207771
0.0013902030
0.0013594062
0.0013284271
0.0012973060
0.0012660828
0.0012347970
0.0012034877
0.0011721932
0.0011409514
0.0011097990
0.0010787722
0.0010479060
0.0010172344
0.0009867904
0.0009566058
0.0009267110
0.0008971352
0.0008679065
0.0008390511
0.0008105943
0.0007825596
0.0007549691
0.0007278436
0.0007012022
0.0006750624
0.0006494403
0.0006243507
0.0005998064
0.0005758190
0.0005523988
0.0005295542
0.0005072925
0.0004856195
0.0004645396
0.0004440559
0.0004241702
0.0004048832
0.0003861941
0.0003681013
0.0003506018
0.0003336917
0.0003173662
0.0003016195
0.0002864447
0.0002718344
0.0002577804
0.0002442735
0.0002313041
0.0002188621
0.0002069365
0.0001955163
0.0001845896
0.0001741444
0.0001641683
0.0001546487
0.0001455726
0.0001369271
0.0001286988
0.0001208746
0.0001134411
0.0001063849
0.0000996928
0.0000933514
0.0000873476
0.0000816683
0.0000763007
0.0000712321
0.0000664499
0.0000619418
0.0000576958
0.0000537000
0.0000499430
0.0000464136
0.0000431007
0.0000399938
0.0000370826
0.0000343570
0.0000318074
0.1666960911
