0.0567394532
0.0636208751
0.0681150898
0.0697978667
0.0686280760
0.0649195533
0.0592423324
0.0522925533
0.0447695106
0.0372841592
0.0303065006
0.0241475349
0.0189666754
0.0147952096
0.0115676679
0.0091546778
0.0073930652
0.0061113403
0.0051503538
0.0043790905
0.0037047267
0.0030755259
0.0024759718
0.0019155975
0.0014150357
0.0009935291
0.0006610704
0.0004161473
0.0002479646
0.0001409212
0.0000792253
0.0000503851
0.0000472643
0.0000689575
0.0001207971
0.0002134898
0.0003610182
0.0005768731
0.0008686165
0.0012317147
0.0016446345
0.0020677281
0.0024478206
0.0027285206
0.0028637577
0.0028301318
0.0026335308
0.0023074457
0.0019036448
0.0014787737
0.0010816303
0.0007449332
0.0004830779
0.0002949703
0.0001695902
0.0000918089
0.0000467983
0.0000224614
0.0000101509
0.0000043195
0.0000017307
0.0000006529
0.2380954700
