0.0135077521
0.0148356398
0.0160967727
0.0172615479
0.0183037215
0.0192016341
0.0199390650
0.0205056693
0.0208969970
0.0211141481
0.0211631482
0.0210541559
0.0208006111
0.0204184219
0.0199252518
0.0193399360
0.0186820123
0.0179713221
0.0172276221
0.0164701441
0.0157170604
0.0149848438
0.0142875491
0.0136360822
0.0130375508
0.0124948030
0.0120062536
0.0115660711
0.0111647554
0.0107900827
0.0104283428
0.0100657463
0.0096898524
0.0092908540
0.0088625740
0.0084030580
0.0079146973
0.0074038752
0.0068801875
0.0063553380
0.0058418471
0.0053517290
0.0048952902
0.0044801793
0.0041107829
0.0037880127
0.0035094826
0.0032700238
0.0030624547
0.0028784933
0.0027096970
0.0025483201
0.0023879996
0.0022242110
0.0020544709
0.0018782923
0.0016969338
0.0015129974
0.0013299439
0.0011515927
0.0009816652
0.0008234147
0.0006793694
0.0005511949
0.0004396683
0.0003447444
0.0002656866
0.0002012350
0.0001497854
0.0001095583
0.0000787434
0.0000556115
0.0000385910
0.0000263131
0.0000176286
0.0000116042
0.0000075053
0.0000047695
0.0000029780
0.0000018269
0.0000011012
0.0000006521
0.0000003795
0.0000002169
0.0000001219
0.0000000673
0.0000000365
0.0000000194
0.0000000102
0.0000000052
0.0000000026
0.0000000013
0.0000000006
0.0000000003
0.0000000001
0.0000000001
0.0000000000
0.0000000000
0.0000000000
0.0000000000
0.3448275862
