0.0167761941
0.0172747507
0.0177068556
0.0180684589
0.0183566039
0.0185694741
0.0187064096
0.0187678907
0.0187554903
0.0186717991
0.0185203254
0.0183053741
0.0180319118
0.0177054206
0.0173317490
0.0169169624
0.0164672011
0.0159885479
0.0154869105
0.0149679201
0.0144368493
0.0138985500
0.0133574100
0.0128173292
0.0122817131
0.0117534809
0.0112350870
0.0107285521
0.0102355016
0.0097572077
0.0092946346
0.0088484820
0.0084192266
0.0080071600
0.0076124215
0.0072350254
0.0068748830
0.0065318187
0.0062055817
0.0058958536
0.0056022525
0.0053243357
0.0050616005
0.0048134858
0.0045793739
0.0043585948
0.0041504319
0.0039541301
0.0037689073
0.0035939676
0.0034285166
0.0032717784
0.0031230134
0.0029815361
0.0028467317
0.0027180715
0.0025951254
0.0024775710
0.0023651993
0.0022579157
0.0021557364
0.0020587801
0.0019672560
0.0018814466
0.0018016881
0.0017283470
0.0016617958
0.0016023867
0.0015504266
0.0015061518
0.0014697062
0.0014411211
0.0014203000
0.0014070075
0.0014008626
0.0014013383
0.0014077659
0.0014193450
0.0014351581
0.0014541905
0.0014753531
0.0014975089
0.0015195016
0.0015401848
0.0015584519
0.0015732644
0.0015836789
0.0015888703
0.0015881519
0.0015809911
0.0015670199
0.0015460402
0.0015180247
0.0014831115
0.0014415950
0.0013939119
0.0013406234
0.0012823957
0.0012199765
0.0011541723
0.0010858240
0.0010157834
0.0009448917
0.0008739585
0.0008037448
0.0007349477
0.0006681889
0.0006040063
0.0005428485
0.0004850734
0.0004309479
0.0003806523
0.0003342846
0.0002918683
0.0002533604
0.0002186607
0.0001876213
0.0001600560
0.0001357500
0.0001144683
0.0000959638
0.0000799847
0.0000662799
0.0000546052
0.3077370338
