0.0187854770
0.0195757912
0.0202675885
0.0208515890
0.0213209943
0.0216716974
0.0219023835
0.0220145162
0.0220122106
0.0219019988
0.0216925011
0.0213940209
0.0210180854
0.0205769559
0.0200831350
0.0195488937
0.0189858437
0.0184045736
0.0178143630
0.0172229868
0.0166366114
0.0160597817
0.0154954929
0.0149453347
0.0144096922
0.0138879890
0.0133789505
0.0128808739
0.0123918846
0.0119101681
0.0114341654
0.0109627250
0.0104952082
0.0100315476
0.0095722609
0.0091184267
0.0086716278
0.0082338704
0.0078074860
0.0073950243
0.0069991429
0.0066224984
0.0062676432
0.0059369294
0.0056324233
0.0053558280
0.0051084167
0.0048909770
0.0047037640
0.0045464667
0.0044181859
0.0043174269
0.0042421085
0.0041895903
0.0041567191
0.0041398963
0.0041351649
0.0041383152
0.0041450061
0.0041508981
0.0041517924
0.0041437696
0.0041233218
0.0040874711
0.0040338676
0.0039608633
0.2346367864
