0.0237766398
0.0268731452
0.0296042103
0.0318075471
0.0333587495
0.0341875570
0.0342866970
0.0337112877
0.0325686331
0.0310002739
0.0291598228
0.0271909824
0.0252099632
0.0232953345
0.0214865000
0.0197899809
0.0181910543
0.0166674113
0.0152015048
0.0137890325
0.0124422289
0.0111879570
0.0100616740
0.0090990242
0.0083270485
0.0077568559
0.0073791902
0.0071637307
0.0070622730
0.0070152314
0.0069602746
0.0068414826
0.0066172998
0.0062658128
0.0057864650
0.0051981000
0.0045340006
0.0038351619
0.0031432702
0.0024947215
0.0019165886
0.0014248793
0.0010248963
0.0007131283
0.0004799431
0.0003123954
0.0001966425
0.0001196954
0.0000704495
0.0000400916
0.0000220587
0.0000117337
0.3333393672
