0.0000000000
0.0025000000
0.0029000000
0.0040000000
0.0062000000
0.0079000000
0.0074000000
0.0109000000
0.0110000000
0.0117000000
0.0142000000
0.0143000000
0.0170000000
0.0162000000
0.0155000000
0.0163000000
0.0216000000
0.0184000000
0.0173000000
0.0209000000
0.0200000000
0.0263000000
0.0229000000
0.0240000000
0.0215000000
0.0219000000
0.0231000000
0.0175000000
0.0188000000
0.0179000000
0.0178000000
0.0168000000
0.0158000000
0.0144000000
0.0146000000
0.0161000000
0.0137000000
0.0119000000
0.0129000000
0.0090000000
0.0123000000
0.0112000000
0.0119000000
0.0104000000
0.0116000000
0.0079000000
0.0101000000
0.0102000000
0.0072000000
0.0071000000
0.3070000000
