0.0000000000
0.0015000000
0.0030000000
0.0035000000
0.0054000000
0.0072000000
0.0099000000
0.0096000000
0.0110000000
0.0107000000
0.0125000000
0.0131000000
0.0145000000
0.0138000000
0.0152000000
0.0185000000
0.0172000000
0.0208000000
0.0209000000
0.0221000000
0.0182000000
0.0216000000
0.0242000000
0.0236000000
0.0238000000
0.0204000000
0.0198000000
0.0183000000
0.0212000000
0.0185000000
0.0173000000
0.0162000000
0.0157000000
0.0162000000
0.0154000000
0.0163000000
0.0117000000
0.0143000000
0.0127000000
0.0147000000
0.0111000000
0.0118000000
0.0106000000
0.0110000000
0.0113000000
0.0091000000
0.0105000000
0.0097000000
0.0083000000
0.0089000000
0.3072000000
