0.0000000000
0.0011000000
0.0029000000
0.0022000000
0.0040000000
0.0039000000
0.0062000000
0.0071000000
0.0089000000
0.0088000000
0.0087000000
0.0133000000
0.0112000000
0.0136000000
0.0144000000
0.0138000000
0.0163000000
0.0146000000
0.0143000000
0.0184000000
0.0177000000
0.0175000000
0.0188000000
0.0196000000
0.0193000000
0.0239000000
0.0194000000
0.0177000000
0.0169000000
0.0184000000
0.0166000000
0.0165000000
0.0168000000
0.0189000000
0.0160000000
0.0160000000
0.0147000000
0.0120000000
0.0150000000
0.0136000000
0.0116000000
0.0106000000
0.0121000000
0.0118000000
0.0105000000
0.0100000000
0.0105000000
0.0095000000
0.0096000000
0.0113000000
0.0093000000
0.0089000000
0.0089000000
0.0087000000
0.0067000000
0.0075000000
0.0076000000
0.3059000000
