0.0000000000
0.0021000000
0.0038000000
0.0050000000
0.0066000000
0.0085000000
0.0095000000
0.0112000000
0.0139000000
0.0155000000
0.0163000000
0.0172000000
0.0164000000
0.0210000000
0.0208000000
0.0204000000
0.0230000000
0.0220000000
0.0210000000
0.0244000000
0.0249000000
0.0255000000
0.0263000000
0.0242000000
0.0223000000
0.0220000000
0.0195000000
0.0202000000
0.0179000000
0.0185000000
0.0162000000
0.0165000000
0.0139000000
0.0159000000
0.0152000000
0.0121000000
0.0149000000
0.0141000000
0.0127000000
0.0119000000
0.0119000000
0.0108000000
0.0107000000
0.0089000000
0.0093000000
0.3051000000
