0.0000000000
0.0013000000
0.0020000000
0.0034000000
0.0058000000
0.0044000000
0.0058000000
0.0082000000
0.0075000000
0.0105000000
0.0086000000
0.0098000000
0.0115000000
0.0110000000
0.0105000000
0.0160000000
0.0134000000
0.0157000000
0.0160000000
0.0180000000
0.0164000000
0.0168000000
0.0169000000
0.0189000000
0.0197000000
0.0213000000
0.0169000000
0.0213000000
0.0206000000
0.0196000000
0.0161000000
0.0185000000
0.0165000000
0.0150000000
0.0156000000
0.0141000000
0.0145000000
0.0130000000
0.0136000000
0.0140000000
0.0142000000
0.0145000000
0.0095000000
0.0116000000
0.0094000000
0.0114000000
0.0083000000
0.0093000000
0.0118000000
0.0105000000
0.0084000000
0.0084000000
0.0082000000
0.0064000000
0.0079000000
0.0080000000
0.0086000000
0.0072000000
0.3077000000
