0.0000000000
0.0078000000
0.0135000000
0.0206000000
0.0237000000
0.0317000000
0.0344000000
0.0324000000
0.0421000000
0.0396000000
0.0380000000
0.0386000000
0.0333000000
0.0311000000
0.0269000000
0.0256000000
0.0257000000
0.0263000000
0.0253000000
0.0200000000
0.0217000000
0.0207000000
0.0198000000
0.0161000000
0.0163000000
0.0146000000
0.0146000000
0.0143000000
0.0133000000
0.0100000000
0.0136000000
0.0105000000
0.0098000000
0.0092000000
0.0090000000
0.0080000000
0.0081000000
0.0074000000
0.0080000000
0.0061000000
0.0065000000
0.0075000000
0.0054000000
0.0044000000
0.0039000000
0.0048000000
0.0044000000
0.0044000000
0.0047000000
0.0038000000
0.0035000000
0.1590000000
