0.0000000000
0.0046000000
0.0105000000
0.0165000000
0.0169000000
0.0230000000
0.0284000000
0.0332000000
0.0377000000
0.0381000000
0.0341000000
0.0334000000
0.0299000000
0.0311000000
0.0278000000
0.0265000000
0.0256000000
0.0248000000
0.0230000000
0.0210000000
0.0185000000
0.0220000000
0.0216000000
0.0167000000
0.0159000000
0.0161000000
0.0152000000
0.0161000000
0.0141000000
0.0118000000
0.0125000000
0.0137000000
0.0099000000
0.0093000000
0.0099000000
0.0098000000
0.0108000000
0.0073000000
0.0086000000
0.0072000000
0.0073000000
0.0066000000
0.0069000000
0.0076000000
0.0059000000
0.0057000000
0.0052000000
0.0051000000
0.0052000000
0.0049000000
0.0038000000
0.0043000000
0.0048000000
0.0045000000
0.0034000000
0.0022000000
0.0027000000
0.1608000000
