0.0000000000
0.0076000000
0.0164000000
0.0242000000
0.0300000000
0.0419000000
0.0433000000
0.0465000000
0.0428000000
0.0430000000
0.0383000000
0.0354000000
0.0308000000
0.0310000000
0.0307000000
0.0308000000
0.0291000000
0.0253000000
0.0221000000
0.0199000000
0.0200000000
0.0185000000
0.0189000000
0.0161000000
0.0150000000
0.0156000000
0.0132000000
0.0127000000
0.0113000000
0.0105000000
0.0105000000
0.0081000000
0.0100000000
0.0078000000
0.0075000000
0.0076000000
0.0063000000
0.0060000000
0.0059000000
0.0063000000
0.0056000000
0.0049000000
0.0054000000
0.0051000000
0.0037000000
0.1584000000
