0.0000000000
0.0104000000
0.0220000000
0.0309000000
0.0384000000
0.0465000000
0.0546000000
0.0544000000
0.0462000000
0.0432000000
0.0388000000
0.0384000000
0.0367000000
0.0316000000
0.0275000000
0.0285000000
0.0258000000
0.0247000000
0.0219000000
0.0199000000
0.0192000000
0.0167000000
0.0145000000
0.0156000000
0.0156000000
0.0139000000
0.0108000000
0.0100000000
0.0108000000
0.0100000000
0.0093000000
0.0089000000
0.0075000000
0.0074000000
0.0072000000
0.0056000000
0.0057000000
0.0049000000
0.0047000000
0.1613000000
