0.0463000000
0.0330000000
0.0399000000
0.0444000000
0.0410000000
0.0408000000
0.0370000000
0.0331000000
0.0373000000
0.0317000000
0.0300000000
0.0263000000
0.0269000000
0.0229000000
0.0241000000
0.0220000000
0.0229000000
0.0176000000
0.0178000000
0.0174000000
0.0165000000
0.0164000000
0.0147000000
0.0130000000
0.0151000000
0.0118000000
0.0098000000
0.0115000000
0.0109000000
0.0090000000
0.0103000000
0.0072000000
0.0063000000
0.0081000000
0.0072000000
0.0073000000
0.0049000000
0.0076000000
0.0063000000
0.0052000000
0.0047000000
0.0047000000
0.0050000000
0.0042000000
0.0036000000
0.0030000000
0.0044000000
0.0032000000
0.0028000000
0.0179000000
0.0310000000
0.1040000000
