0.0446000000
0.0330000000
0.0453000000
0.0466000000
0.0401000000
0.0404000000
0.0415000000
0.0316000000
0.0349000000
0.0322000000
0.0299000000
0.0267000000
0.0249000000
0.0271000000
0.0236000000
0.0220000000
0.0214000000
0.0189000000
0.0179000000
0.0171000000
0.0152000000
0.0169000000
0.0150000000
0.0128000000
0.0131000000
0.0111000000
0.0106000000
0.0108000000
0.0117000000
0.0092000000
0.0104000000
0.0080000000
0.0068000000
0.0062000000
0.0074000000
0.0066000000
0.0059000000
0.0070000000
0.0058000000
0.0044000000
0.0051000000
0.0051000000
0.0051000000
0.0038000000
0.0036000000
0.0033000000
0.0038000000
0.0036000000
0.0184000000
0.0312000000
0.1024000000
