0.0448000000
0.0398000000
0.0505000000
0.0450000000
0.0450000000
0.0437000000
0.0396000000
0.0374000000
0.0381000000
0.0310000000
0.0297000000
0.0280000000
0.0280000000
0.0270000000
0.0219000000
0.0209000000
0.0219000000
0.0209000000
0.0184000000
0.0163000000
0.0162000000
0.0122000000
0.0146000000
0.0139000000
0.0125000000
0.0113000000
0.0105000000
0.0103000000
0.0076000000
0.0099000000
0.0089000000
0.0097000000
0.0072000000
0.0065000000
0.0062000000
0.0063000000
0.0046000000
0.0057000000
0.0045000000
0.0050000000
0.0041000000
0.0044000000
0.0036000000
0.0140000000
0.0366000000
0.1058000000
