0.0435000000
0.0299000000
0.0345000000
0.0390000000
0.0384000000
0.0403000000
0.0360000000
0.0324000000
0.0319000000
0.0306000000
0.0277000000
0.0269000000
0.0253000000
0.0231000000
0.0208000000
0.0212000000
0.0209000000
0.0195000000
0.0195000000
0.0152000000
0.0178000000
0.0176000000
0.0142000000
0.0137000000
0.0145000000
0.0113000000
0.0136000000
0.0111000000
0.0100000000
0.0103000000
0.0103000000
0.0086000000
0.0092000000
0.0087000000
0.0079000000
0.0069000000
0.0079000000
0.0061000000
0.0065000000
0.0070000000
0.0050000000
0.0052000000
0.0052000000
0.0041000000
0.0051000000
0.0046000000
0.0048000000
0.0046000000
0.0026000000
0.0039000000
0.0026000000
0.0032000000
0.0032000000
0.0027000000
0.0242000000
0.0290000000
0.1002000000
