0.0407000000
0.0303000000
0.0359000000
0.0376000000
0.0384000000
0.0371000000
0.0352000000
0.0340000000
0.0331000000
0.0274000000
0.0258000000
0.0272000000
0.0276000000
0.0237000000
0.0220000000
0.0184000000
0.0220000000
0.0207000000
0.0194000000
0.0175000000
0.0147000000
0.0152000000
0.0139000000
0.0138000000
0.0148000000
0.0123000000
0.0119000000
0.0101000000
0.0115000000
0.0104000000
0.0114000000
0.0112000000
0.0090000000
0.0091000000
0.0062000000
0.0076000000
0.0065000000
0.0074000000
0.0071000000
0.0068000000
0.0064000000
0.0048000000
0.0039000000
0.0057000000
0.0054000000
0.0043000000
0.0041000000
0.0045000000
0.0031000000
0.0030000000
0.0032000000
0.0040000000
0.0034000000
0.0029000000
0.0032000000
0.0247000000
0.0270000000
0.1015000000
