0.0451000000
0.0395000000
0.0470000000
0.0477000000
0.0474000000
0.0452000000
0.0399000000
0.0373000000
0.0338000000
0.0335000000
0.0305000000
0.0271000000
0.0272000000
0.0274000000
0.0219000000
0.0234000000
0.0199000000
0.0204000000
0.0195000000
0.0143000000
0.0162000000
0.0161000000
0.0137000000
0.0136000000
0.0113000000
0.0118000000
0.0107000000
0.0099000000
0.0093000000
0.0084000000
0.0074000000
0.0089000000
0.0072000000
0.0067000000
0.0068000000
0.0058000000
0.0052000000
0.0046000000
0.0059000000
0.0049000000
0.0044000000
0.0038000000
0.0039000000
0.0145000000
0.0330000000
0.1080000000
