0.0502000000
0.0475000000
0.0630000000
0.0525000000
0.0519000000
0.0463000000
0.0459000000
0.0404000000
0.0365000000
0.0363000000
0.0348000000
0.0298000000
0.0256000000
0.0241000000
0.0248000000
0.0234000000
0.0181000000
0.0195000000
0.0179000000
0.0174000000
0.0131000000
0.0129000000
0.0124000000
0.0123000000
0.0118000000
0.0097000000
0.0089000000
0.0092000000
0.0073000000
0.0083000000
0.0069000000
0.0061000000
0.0048000000
0.0052000000
0.0046000000
0.0053000000
0.0040000000
0.0380000000
0.1133000000
