0.1620000000
0.0170000000
0.0215000000
0.0225000000
0.0227000000
0.0252000000
0.0237000000
0.0251000000
0.0250000000
0.0257000000
0.0257000000
0.0243000000
0.0242000000
0.0281000000
0.0287000000
0.0265000000
0.0223000000
0.0211000000
0.0203000000
0.0206000000
0.0179000000
0.0165000000
0.0179000000
0.0154000000
0.0133000000
0.0131000000
0.0107000000
0.0097000000
0.0117000000
0.0104000000
0.0104000000
0.0088000000
0.0120000000
0.0135000000
0.0115000000
0.0098000000
0.0103000000
0.0117000000
0.0099000000
0.0099000000
0.0108000000
0.0093000000
0.0072000000
0.0092000000
0.0079000000
0.0990000000
