0.1609000000
0.0204000000
0.0168000000
0.0239000000
0.0232000000
0.0220000000
0.0222000000
0.0280000000
0.0266000000
0.0235000000
0.0253000000
0.0258000000
0.0247000000
0.0252000000
0.0268000000
0.0245000000
0.0237000000
0.0212000000
0.0195000000
0.0196000000
0.0183000000
0.0190000000
0.0159000000
0.0164000000
0.0147000000
0.0132000000
0.0103000000
0.0113000000
0.0118000000
0.0099000000
0.0109000000
0.0086000000
0.0083000000
0.0135000000
0.0124000000
0.0099000000
0.0105000000
0.0086000000
0.0104000000
0.0093000000
0.0108000000
0.0086000000
0.0088000000
0.0083000000
0.0078000000
0.0090000000
0.0997000000
