0.1582000000
0.0157000000
0.0160000000
0.0160000000
0.0162000000
0.0173000000
0.0171000000
0.0212000000
0.0173000000
0.0193000000
0.0197000000
0.0213000000
0.0170000000
0.0185000000
0.0213000000
0.0207000000
0.0233000000
0.0205000000
0.0201000000
0.0197000000
0.0196000000
0.0198000000
0.0152000000
0.0160000000
0.0169000000
0.0123000000
0.0138000000
0.0132000000
0.0118000000
0.0130000000
0.0115000000
0.0112000000
0.0101000000
0.0118000000
0.0085000000
0.0090000000
0.0080000000
0.0088000000
0.0051000000
0.0066000000
0.0072000000
0.0100000000
0.0105000000
0.0095000000
0.0111000000
0.0101000000
0.0093000000
0.0085000000
0.0092000000
0.0085000000
0.0085000000
0.0078000000
0.0071000000
0.0062000000
0.0072000000
0.0069000000
0.0059000000
0.0058000000
0.0921000000
