0.1645000000
0.0211000000
0.0227000000
0.0257000000
0.0268000000
0.0259000000
0.0259000000
0.0294000000
0.0284000000
0.0240000000
0.0312000000
0.0319000000
0.0306000000
0.0304000000
0.0233000000
0.0243000000
0.0236000000
0.0235000000
0.0203000000
0.0203000000
0.0186000000
0.0156000000
0.0159000000
0.0147000000
0.0126000000
0.0129000000
0.0117000000
0.0112000000
0.0087000000
0.0162000000
0.0132000000
0.0131000000
0.0112000000
0.0123000000
0.0122000000
0.0122000000
0.0092000000
0.0093000000
0.0106000000
0.0092000000
0.0956000000
