0.0000000000
0.0040000000
0.0086000000
0.0105000000
0.0138000000
0.0183000000
0.0201000000
0.0188000000
0.0220000000
0.0233000000
0.0281000000
0.0269000000
0.0306000000
0.0319000000
0.0341000000
0.0348000000
0.0385000000
0.0362000000
0.0390000000
0.0351000000
0.0289000000
0.0285000000
0.0270000000
0.0259000000
0.0268000000
0.0217000000
0.0210000000
0.0181000000
0.0178000000
0.0151000000
0.0164000000
0.0128000000
0.0144000000
0.0108000000
0.0093000000
0.0104000000
0.0077000000
0.0081000000
0.0070000000
0.0080000000
0.0071000000
0.0060000000
0.0063000000
0.0060000000
0.0032000000
0.0053000000
0.0038000000
0.0047000000
0.0038000000
0.0029000000
0.0031000000
0.1375000000
