0.0000000000
0.0034000000
0.0064000000
0.0114000000
0.0120000000
0.0175000000
0.0175000000
0.0174000000
0.0195000000
0.0232000000
0.0264000000
0.0297000000
0.0308000000
0.0279000000
0.0328000000
0.0342000000
0.0338000000
0.0352000000
0.0377000000
0.0346000000
0.0338000000
0.0298000000
0.0268000000
0.0265000000
0.0244000000
0.0227000000
0.0199000000
0.0211000000
0.0182000000
0.0165000000
0.0165000000
0.0148000000
0.0146000000
0.0098000000
0.0129000000
0.0092000000
0.0094000000
0.0108000000
0.0082000000
0.0055000000
0.0068000000
0.0059000000
0.0065000000
0.0047000000
0.0044000000
0.0062000000
0.0060000000
0.0027000000
0.0042000000
0.0032000000
0.0035000000
0.0036000000
0.1395000000
