0.0000000000
0.0068000000
0.0108000000
0.0163000000
0.0217000000
0.0280000000
0.0315000000
0.0324000000
0.0348000000
0.0390000000
0.0434000000
0.0440000000
0.0473000000
0.0480000000
0.0482000000
0.0396000000
0.0389000000
0.0342000000
0.0333000000
0.0278000000
0.0286000000
0.0201000000
0.0225000000
0.0180000000
0.0180000000
0.0171000000
0.0143000000
0.0113000000
0.0107000000
0.0114000000
0.0084000000
0.0094000000
0.0085000000
0.0097000000
0.0061000000
0.0063000000
0.0050000000
0.0045000000
0.0039000000
0.1402000000
