0.0000000000
0.0048000000
0.0090000000
0.0144000000
0.0160000000
0.0218000000
0.0223000000
0.0250000000
0.0249000000
0.0316000000
0.0329000000
0.0336000000
0.0360000000
0.0384000000
0.0429000000
0.0420000000
0.0428000000
0.0386000000
0.0328000000
0.0330000000
0.0296000000
0.0269000000
0.0257000000
0.0239000000
0.0211000000
0.0212000000
0.0193000000
0.0156000000
0.0135000000
0.0131000000
0.0129000000
0.0118000000
0.0093000000
0.0095000000
0.0082000000
0.0080000000
0.0076000000
0.0076000000
0.0063000000
0.0050000000
0.0059000000
0.0036000000
0.0047000000
0.0046000000
0.0037000000
0.1386000000
