0.0000000000
0.0035000000
0.0082000000
0.0092000000
0.0114000000
0.0167000000
0.0192000000
0.0190000000
0.0204000000
0.0268000000
0.0250000000
0.0278000000
0.0293000000
0.0285000000
0.0284000000
0.0310000000
0.0330000000
0.0338000000
0.0343000000
0.0351000000
0.0348000000
0.0320000000
0.0303000000
0.0248000000
0.0229000000
0.0248000000
0.0199000000
0.0194000000
0.0168000000
0.0163000000
0.0166000000
0.0137000000
0.0141000000
0.0112000000
0.0099000000
0.0131000000
0.0106000000
0.0091000000
0.0074000000
0.0094000000
0.0082000000
0.0072000000
0.0068000000
0.0050000000
0.0053000000
0.0051000000
0.0048000000
0.0045000000
0.0036000000
0.0035000000
0.0036000000
0.0029000000
0.0033000000
0.1385000000
