0.0017241379
0.0017241379
0.0117800039
0.0318917357
0.0545174340
0.0394336351
0.0394336351
0.0469755346
0.0268638027
0.0494895011
0.0419476016
0.0469755346
0.0318917357
0.0268638027
0.0218358698
0.0318917357
0.0293777692
0.0318917357
0.0168079368
0.0193219033
0.0268638027
0.0218358698
0.0092660374
0.0193219033
0.0142939703
0.0117800039
0.0168079368
0.0117800039
0.0017241379
0.0017241379
0.0117800039
0.0168079368
0.0042381044
0.0092660374
0.0067520709
0.0142939703
0.0092660374
0.0042381044
0.0017241379
0.0042381044
0.0042381044
0.0092660374
0.0142939703
0.0092660374
0.0042381044
0.0092660374
0.0042381044
0.0017241379
0.0067520709
0.0017241379
0.0067520709
0.0042381044
0.0017241379
0.0017241379
0.0067520709
0.0042381044
0.0092660374
0.0796570988
