0.0005952381
0.0005952381
0.0330276705
0.0816763192
0.0573519949
0.0330276705
0.0492438867
0.0330276705
0.0654601030
0.0411357786
0.0735682111
0.0735682111
0.0087033462
0.0249195624
0.0330276705
0.0249195624
0.0005952381
0.0005952381
0.0087033462
0.0005952381
0.0168114543
0.0249195624
0.0168114543
0.0005952381
0.0005952381
0.0005952381
0.0249195624
0.0168114543
0.0005952381
0.0168114543
0.0087033462
0.0249195624
0.0087033462
0.0005952381
0.0005952381
0.0005952381
0.0005952381
0.0005952381
0.0005952381
0.0005952381
0.0005952381
0.0005952381
0.0005952381
0.0005952381
0.0005952381
0.0087033462
0.0005952381
0.0005952381
0.0087033462
0.0005952381
0.0005952381
0.0005952381
0.0005952381
0.0087033462
0.0087033462
0.0087033462
0.0087033462
0.0005952381
0.0005952381
0.0005952381
0.0005952381
0.0005952381
0.0005952381
0.0005952381
0.0005952381
0.0087033462
0.0005952381
0.0005952381
0.0005952381
0.0087033462
0.0005952381
0.0005952381
0.0005952381
0.0005952381
0.0005952381
0.0005952381
0.0005952381
0.0005952381
0.0005952381
0.0005952381
0.0005952381
0.0005952381
0.0005952381
0.0005952381
0.0005952381
0.0005952381
0.0005952381
0.0087033462
0.0005952381
0.0005952381
0.0005952381
0.0005952381
0.0005952381
0.0005952381
0.0005952381
0.0005952381
0.0005952381
0.0005952381
0.0005952381
0.0005952381
0.0005952381
0.0005952381
0.0005952381
0.0005952381
0.0005952381
0.0005952381
0.0005952381
0.0087033462
0.0005952381
0.0005952381
0.0005952381
0.0005952381
0.0005952381
0.0005952381
0.0005952381
0.0005952381
0.0005952381
0.0005952381
0.0005952381
0.0005952381
0.0005952381
0.0005952381
0.0005952381
0.0005952381
0.0005952381
0.0005952381
0.0005952381
0.0005952381
0.0087033462
0.0005952381
0.0005952381
0.0005952381
0.0005952381
0.0005952381
0.0005952381
0.0005952381
0.0005952381
0.0005952381
0.0005952381
0.0005952381
0.0005952381
0.0005952381
0.0005952381
0.0005952381
0.0005952381
0.0005952381
0.0005952381
0.0005952381
0.0005952381
0.0005952381
0.0005952381
0.0005952381
0.0005952381
0.0005952381
0.0005952381
0.0005952381
0.0005952381
0.0005952381
0.0005952381
0.0005952381
0.0005952381
0.0087033462
0.0005952381
0.0005952381
0.0005952381
0.0005952381
0.0005952381
0.0168114543
