0.0005555556
0.0005555556
0.0248798799
0.0735285285
0.0573123123
0.0248798799
0.0654204204
0.0248798799
0.0654204204
0.0329879880
0.0492042042
0.0735285285
0.0573123123
0.0005555556
0.0248798799
0.0329879880
0.0167717718
0.0086636637
0.0005555556
0.0086636637
0.0005555556
0.0005555556
0.0167717718
0.0329879880
0.0086636637
0.0005555556
0.0005555556
0.0086636637
0.0167717718
0.0167717718
0.0005555556
0.0167717718
0.0086636637
0.0167717718
0.0167717718
0.0005555556
0.0005555556
0.0005555556
0.0005555556
0.0005555556
0.0005555556
0.0005555556
0.0005555556
0.0005555556
0.0005555556
0.0005555556
0.0005555556
0.0005555556
0.0086636637
0.0005555556
0.0005555556
0.0005555556
0.0086636637
0.0005555556
0.0005555556
0.0005555556
0.0005555556
0.0086636637
0.0086636637
0.0086636637
0.0086636637
0.0005555556
0.0005555556
0.0005555556
0.0005555556
0.0005555556
0.0005555556
0.0005555556
0.0005555556
0.0005555556
0.0086636637
0.0005555556
0.0005555556
0.0005555556
0.0086636637
0.0005555556
0.0005555556
0.0005555556
0.0005555556
0.0005555556
0.0005555556
0.0005555556
0.0005555556
0.0005555556
0.0005555556
0.0005555556
0.0005555556
0.0005555556
0.0005555556
0.0005555556
0.0005555556
0.0005555556
0.0005555556
0.0086636637
0.0005555556
0.0005555556
0.0005555556
0.0005555556
0.0005555556
0.0005555556
0.0005555556
0.0005555556
0.0005555556
0.0005555556
0.0005555556
0.0005555556
0.0005555556
0.0005555556
0.0005555556
0.0005555556
0.0005555556
0.0005555556
0.0005555556
0.0005555556
0.0086636637
0.0005555556
0.0005555556
0.0005555556
0.0005555556
0.0005555556
0.0005555556
0.0005555556
0.0005555556
0.0005555556
0.0005555556
0.0005555556
0.0005555556
0.0005555556
0.0005555556
0.0005555556
0.0005555556
0.0005555556
0.0005555556
0.0005555556
0.0005555556
0.0005555556
0.0005555556
0.0086636637
0.0005555556
0.0005555556
0.0005555556
0.0005555556
0.0005555556
0.0005555556
0.0005555556
0.0005555556
0.0005555556
0.0005555556
0.0005555556
0.0005555556
0.0005555556
0.0005555556
0.0005555556
0.0005555556
0.0005555556
0.0005555556
0.0005555556
0.0005555556
0.0005555556
0.0005555556
0.0005555556
0.0005555556
0.0005555556
0.0005555556
0.0005555556
0.0005555556
0.0005555556
0.0005555556
0.0005555556
0.0005555556
0.0005555556
0.0005555556
0.0005555556
0.0086636637
0.0005555556
0.0005555556
0.0005555556
0.0005555556
0.0005555556
0.0167717718
