0.0023255814
0.0073535144
0.0450630116
0.0676887099
0.0500909445
0.0576328440
0.0400350786
0.0651747434
0.0601468104
0.0450630116
0.0299792127
0.0450630116
0.0375211121
0.0299792127
0.0249512797
0.0299792127
0.0224373132
0.0249512797
0.0199233468
0.0174093803
0.0123814473
0.0023255814
0.0148954138
0.0148954138
0.0123814473
0.0073535144
0.0199233468
0.0073535144
0.0023255814
0.0048395479
0.0123814473
0.0148954138
0.0098674808
0.0123814473
0.0048395479
0.0073535144
0.0023255814
0.0098674808
0.0023255814
0.0048395479
0.0048395479
0.0098674808
0.0827725088
