0.0259636686
0.1556933983
0.1394771821
0.1719096145
0.0827204253
0.0583961010
0.0097474524
0.0502879929
0.0097474524
0.0421798848
0.0259636686
0.0340717767
0.0016393443
0.0016393443
0.0016393443
0.0016393443
0.0097474524
0.0097474524
0.0016393443
0.0259636686
0.0097474524
0.0016393443
0.0016393443
0.0097474524
0.0097474524
0.0016393443
0.0016393443
0.0016393443
0.0016393443
0.0016393443
0.0016393443
0.0097474524
0.0016393443
0.0016393443
0.0016393443
0.0016393443
0.0016393443
0.0016393443
0.0097474524
0.0016393443
0.0016393443
0.0016393443
0.0016393443
0.0016393443
0.0016393443
0.0016393443
0.0097474524
0.0016393443
0.0016393443
0.0016393443
0.0016393443
0.0016393443
0.0016393443
0.0016393443
0.0016393443
0.0016393443
0.0016393443
0.0016393443
0.0097474524
0.0016393443
0.0178555605
