0.0021276596
0.0071555925
0.0297812909
0.0624628551
0.0574349221
0.0498930227
0.0398371568
0.0549209557
0.0498930227
0.0498930227
0.0398371568
0.0297812909
0.0423511233
0.0373231903
0.0272673244
0.0222393914
0.0272673244
0.0222393914
0.0172114585
0.0247533579
0.0172114585
0.0197254249
0.0046416261
0.0021276596
0.0146974920
0.0146974920
0.0121835255
0.0071555925
0.0146974920
0.0096695590
0.0046416261
0.0046416261
0.0071555925
0.0172114585
0.0096695590
0.0071555925
0.0096695590
0.0046416261
0.0071555925
0.0021276596
0.0071555925
0.0046416261
0.0021276596
0.0071555925
0.0071555925
0.0146974920
0.0725187210
