0.0010526316
0.0821337127
0.0983499289
0.0821337127
0.0821337127
0.0983499289
0.1064580370
0.0334850640
0.0415931721
0.0091607397
0.0091607397
0.0172688478
0.0415931721
0.0010526316
0.0091607397
0.0334850640
0.0172688478
0.0253769559
0.0172688478
0.0010526316
0.0010526316
0.0010526316
0.0010526316
0.0010526316
0.0010526316
0.0091607397
0.0010526316
0.0091607397
0.0010526316
0.0010526316
0.0172688478
0.0172688478
0.0010526316
0.0010526316
0.0010526316
0.0010526316
0.0010526316
0.0091607397
0.0010526316
0.0091607397
0.0010526316
0.0010526316
0.0010526316
0.0010526316
0.0010526316
0.0010526316
0.0010526316
0.0010526316
0.0010526316
0.0091607397
0.0010526316
0.0010526316
0.0010526316
0.0010526316
0.0010526316
0.0010526316
0.0010526316
0.0010526316
0.0010526316
0.0010526316
0.0091607397
0.0010526316
0.0010526316
0.0010526316
0.0010526316
0.0010526316
0.0010526316
0.0010526316
0.0010526316
0.0010526316
0.0010526316
0.0010526316
0.0091607397
0.0010526316
0.0010526316
0.0010526316
0.0010526316
0.0010526316
0.0010526316
0.0010526316
0.0010526316
0.0010526316
0.0010526316
0.0010526316
0.0010526316
0.0010526316
0.0010526316
0.0010526316
0.0010526316
0.0010526316
0.0010526316
0.0091607397
0.0010526316
0.0010526316
0.0172688478
