0.0016949153
0.0016949153
0.0117507812
0.0318625130
0.0469463119
0.0394044125
0.0469463119
0.0368904460
0.0318625130
0.0494602784
0.0368904460
0.0469463119
0.0394044125
0.0268345801
0.0218066471
0.0293485465
0.0268345801
0.0368904460
0.0167787141
0.0167787141
0.0192926806
0.0243206136
0.0142647477
0.0142647477
0.0192926806
0.0167787141
0.0092368147
0.0167787141
0.0042088817
0.0016949153
0.0092368147
0.0117507812
0.0092368147
0.0092368147
0.0067228482
0.0092368147
0.0142647477
0.0042088817
0.0042088817
0.0042088817
0.0016949153
0.0067228482
0.0142647477
0.0092368147
0.0067228482
0.0067228482
0.0067228482
0.0042088817
0.0016949153
0.0067228482
0.0042088817
0.0042088817
0.0042088817
0.0016949153
0.0042088817
0.0042088817
0.0067228482
0.0117507812
0.0745999432
