0.0007246377
0.0169408539
0.0655895025
0.0899138269
0.0412651782
0.0574813944
0.0655895025
0.0412651782
0.0899138269
0.0818057188
0.0169408539
0.0412651782
0.0169408539
0.0088327458
0.0007246377
0.0088327458
0.0007246377
0.0250489620
0.0331570701
0.0007246377
0.0007246377
0.0169408539
0.0250489620
0.0007246377
0.0169408539
0.0250489620
0.0169408539
0.0007246377
0.0007246377
0.0007246377
0.0007246377
0.0007246377
0.0007246377
0.0007246377
0.0007246377
0.0007246377
0.0007246377
0.0088327458
0.0007246377
0.0007246377
0.0088327458
0.0007246377
0.0007246377
0.0007246377
0.0169408539
0.0088327458
0.0088327458
0.0007246377
0.0007246377
0.0007246377
0.0007246377
0.0007246377
0.0007246377
0.0007246377
0.0088327458
0.0007246377
0.0088327458
0.0007246377
0.0007246377
0.0007246377
0.0007246377
0.0007246377
0.0007246377
0.0007246377
0.0007246377
0.0007246377
0.0007246377
0.0007246377
0.0007246377
0.0007246377
0.0007246377
0.0088327458
0.0007246377
0.0007246377
0.0007246377
0.0007246377
0.0007246377
0.0007246377
0.0007246377
0.0007246377
0.0007246377
0.0007246377
0.0007246377
0.0007246377
0.0007246377
0.0007246377
0.0007246377
0.0007246377
0.0088327458
0.0007246377
0.0007246377
0.0007246377
0.0007246377
0.0007246377
0.0007246377
0.0007246377
0.0007246377
0.0007246377
0.0007246377
0.0007246377
0.0007246377
0.0007246377
0.0007246377
0.0007246377
0.0007246377
0.0088327458
0.0007246377
0.0007246377
0.0007246377
0.0007246377
0.0007246377
0.0007246377
0.0007246377
0.0007246377
0.0007246377
0.0007246377
0.0007246377
0.0007246377
0.0007246377
0.0007246377
0.0007246377
0.0007246377
0.0007246377
0.0007246377
0.0007246377
0.0007246377
0.0007246377
0.0007246377
0.0007246377
0.0007246377
0.0007246377
0.0007246377
0.0007246377
0.0088327458
0.0007246377
0.0007246377
0.0007246377
0.0169408539
