0.0021739130
0.0072018460
0.0298275443
0.0725649745
0.0474253097
0.0524532427
0.0373694438
0.0574811756
0.0599951421
0.0524532427
0.0323415108
0.0298275443
0.0373694438
0.0449113432
0.0247996114
0.0197716784
0.0298275443
0.0222856449
0.0222856449
0.0147437454
0.0172577119
0.0172577119
0.0046878795
0.0072018460
0.0147437454
0.0122297790
0.0097158125
0.0122297790
0.0172577119
0.0046878795
0.0046878795
0.0046878795
0.0097158125
0.0147437454
0.0097158125
0.0122297790
0.0046878795
0.0021739130
0.0072018460
0.0072018460
0.0046878795
0.0021739130
0.0072018460
0.0046878795
0.0147437454
0.0750789410
