0.0006849315
0.0087930396
0.0574416883
0.0898741207
0.0493335802
0.0493335802
0.0574416883
0.0493335802
0.0574416883
0.1060903369
0.0250092558
0.0250092558
0.0331173639
0.0250092558
0.0006849315
0.0087930396
0.0006849315
0.0006849315
0.0250092558
0.0331173639
0.0006849315
0.0006849315
0.0087930396
0.0331173639
0.0006849315
0.0169011477
0.0087930396
0.0250092558
0.0087930396
0.0006849315
0.0006849315
0.0006849315
0.0006849315
0.0006849315
0.0006849315
0.0006849315
0.0006849315
0.0006849315
0.0006849315
0.0087930396
0.0006849315
0.0006849315
0.0087930396
0.0006849315
0.0006849315
0.0006849315
0.0087930396
0.0087930396
0.0087930396
0.0087930396
0.0006849315
0.0006849315
0.0006849315
0.0006849315
0.0006849315
0.0006849315
0.0006849315
0.0087930396
0.0006849315
0.0006849315
0.0087930396
0.0006849315
0.0006849315
0.0006849315
0.0006849315
0.0006849315
0.0006849315
0.0006849315
0.0006849315
0.0006849315
0.0006849315
0.0006849315
0.0006849315
0.0006849315
0.0006849315
0.0087930396
0.0006849315
0.0006849315
0.0006849315
0.0006849315
0.0006849315
0.0006849315
0.0006849315
0.0006849315
0.0006849315
0.0006849315
0.0006849315
0.0006849315
0.0006849315
0.0006849315
0.0006849315
0.0006849315
0.0006849315
0.0087930396
0.0006849315
0.0006849315
0.0006849315
0.0006849315
0.0006849315
0.0006849315
0.0006849315
0.0006849315
0.0006849315
0.0006849315
0.0006849315
0.0006849315
0.0006849315
0.0006849315
0.0006849315
0.0006849315
0.0006849315
0.0087930396
0.0006849315
0.0006849315
0.0006849315
0.0006849315
0.0006849315
0.0006849315
0.0006849315
0.0006849315
0.0006849315
0.0006849315
0.0006849315
0.0006849315
0.0006849315
0.0006849315
0.0006849315
0.0006849315
0.0006849315
0.0006849315
0.0006849315
0.0006849315
0.0006849315
0.0006849315
0.0006849315
0.0006849315
0.0006849315
0.0006849315
0.0006849315
0.0006849315
0.0087930396
0.0006849315
0.0006849315
0.0006849315
0.0006849315
0.0169011477
