0.0005524862
0.0005524862
0.0248768105
0.0735254592
0.0573092429
0.0248768105
0.0573092429
0.0329849186
0.0492011348
0.0492011348
0.0492011348
0.0735254592
0.0573092429
0.0005524862
0.0248768105
0.0329849186
0.0167687024
0.0086605943
0.0005524862
0.0086605943
0.0005524862
0.0005524862
0.0167687024
0.0329849186
0.0086605943
0.0005524862
0.0005524862
0.0005524862
0.0167687024
0.0248768105
0.0005524862
0.0086605943
0.0167687024
0.0167687024
0.0086605943
0.0086605943
0.0005524862
0.0005524862
0.0005524862
0.0005524862
0.0005524862
0.0005524862
0.0005524862
0.0005524862
0.0005524862
0.0005524862
0.0005524862
0.0005524862
0.0005524862
0.0086605943
0.0005524862
0.0005524862
0.0086605943
0.0005524862
0.0005524862
0.0005524862
0.0005524862
0.0086605943
0.0086605943
0.0086605943
0.0086605943
0.0005524862
0.0005524862
0.0005524862
0.0005524862
0.0005524862
0.0005524862
0.0005524862
0.0005524862
0.0005524862
0.0005524862
0.0086605943
0.0005524862
0.0005524862
0.0086605943
0.0005524862
0.0005524862
0.0005524862
0.0005524862
0.0005524862
0.0005524862
0.0005524862
0.0005524862
0.0005524862
0.0005524862
0.0005524862
0.0005524862
0.0005524862
0.0005524862
0.0005524862
0.0005524862
0.0005524862
0.0005524862
0.0086605943
0.0005524862
0.0005524862
0.0005524862
0.0005524862
0.0005524862
0.0005524862
0.0005524862
0.0005524862
0.0005524862
0.0005524862
0.0005524862
0.0005524862
0.0005524862
0.0005524862
0.0005524862
0.0005524862
0.0005524862
0.0005524862
0.0005524862
0.0005524862
0.0005524862
0.0086605943
0.0005524862
0.0005524862
0.0005524862
0.0005524862
0.0005524862
0.0005524862
0.0005524862
0.0005524862
0.0005524862
0.0005524862
0.0005524862
0.0005524862
0.0005524862
0.0005524862
0.0005524862
0.0005524862
0.0005524862
0.0005524862
0.0005524862
0.0005524862
0.0005524862
0.0005524862
0.0086605943
0.0005524862
0.0005524862
0.0005524862
0.0005524862
0.0005524862
0.0005524862
0.0005524862
0.0005524862
0.0005524862
0.0005524862
0.0005524862
0.0005524862
0.0005524862
0.0005524862
0.0005524862
0.0005524862
0.0005524862
0.0005524862
0.0005524862
0.0005524862
0.0005524862
0.0005524862
0.0005524862
0.0005524862
0.0005524862
0.0005524862
0.0005524862
0.0005524862
0.0005524862
0.0005524862
0.0005524862
0.0005524862
0.0005524862
0.0005524862
0.0005524862
0.0086605943
0.0005524862
0.0005524862
0.0005524862
0.0005524862
0.0005524862
0.0167687024
