0.0020833333
0.0071112663
0.0196810987
0.0573905959
0.0548766294
0.0523626629
0.0523626629
0.0297369646
0.0599045624
0.0573905959
0.0322509311
0.0397928305
0.0322509311
0.0297369646
0.0448207635
0.0171671322
0.0196810987
0.0322509311
0.0196810987
0.0196810987
0.0171671322
0.0171671322
0.0171671322
0.0045972998
0.0045972998
0.0146531657
0.0121391993
0.0121391993
0.0071112663
0.0146531657
0.0096252328
0.0045972998
0.0045972998
0.0045972998
0.0146531657
0.0121391993
0.0071112663
0.0121391993
0.0045972998
0.0020833333
0.0071112663
0.0071112663
0.0045972998
0.0020833333
0.0045972998
0.0045972998
0.0096252328
0.0825302607
