0.0004385965
0.0004385965
0.0085467046
0.0247629208
0.0653034614
0.0490872451
0.0328710289
0.0247629208
0.0409791370
0.0247629208
0.0409791370
0.0328710289
0.0328710289
0.0409791370
0.0734115695
0.0409791370
0.0166548127
0.0166548127
0.0085467046
0.0328710289
0.0166548127
0.0085467046
0.0004385965
0.0004385965
0.0085467046
0.0004385965
0.0004385965
0.0004385965
0.0166548127
0.0247629208
0.0166548127
0.0004385965
0.0004385965
0.0004385965
0.0004385965
0.0085467046
0.0247629208
0.0085467046
0.0004385965
0.0004385965
0.0166548127
0.0085467046
0.0166548127
0.0085467046
0.0085467046
0.0004385965
0.0004385965
0.0004385965
0.0004385965
0.0004385965
0.0004385965
0.0004385965
0.0004385965
0.0004385965
0.0004385965
0.0004385965
0.0004385965
0.0004385965
0.0004385965
0.0004385965
0.0004385965
0.0085467046
0.0004385965
0.0004385965
0.0004385965
0.0004385965
0.0085467046
0.0004385965
0.0004385965
0.0004385965
0.0004385965
0.0004385965
0.0085467046
0.0085467046
0.0085467046
0.0004385965
0.0085467046
0.0004385965
0.0004385965
0.0004385965
0.0004385965
0.0004385965
0.0004385965
0.0004385965
0.0004385965
0.0004385965
0.0004385965
0.0004385965
0.0004385965
0.0085467046
0.0004385965
0.0004385965
0.0004385965
0.0085467046
0.0004385965
0.0004385965
0.0004385965
0.0004385965
0.0004385965
0.0004385965
0.0004385965
0.0004385965
0.0004385965
0.0004385965
0.0004385965
0.0004385965
0.0004385965
0.0004385965
0.0004385965
0.0004385965
0.0004385965
0.0004385965
0.0004385965
0.0004385965
0.0004385965
0.0004385965
0.0004385965
0.0004385965
0.0085467046
0.0004385965
0.0004385965
0.0004385965
0.0004385965
0.0004385965
0.0004385965
0.0004385965
0.0004385965
0.0004385965
0.0004385965
0.0004385965
0.0004385965
0.0004385965
0.0004385965
0.0004385965
0.0004385965
0.0004385965
0.0004385965
0.0004385965
0.0004385965
0.0004385965
0.0004385965
0.0004385965
0.0004385965
0.0004385965
0.0004385965
0.0085467046
0.0004385965
0.0004385965
0.0004385965
0.0004385965
0.0004385965
0.0004385965
0.0004385965
0.0004385965
0.0004385965
0.0004385965
0.0004385965
0.0004385965
0.0004385965
0.0004385965
0.0004385965
0.0004385965
0.0004385965
0.0004385965
0.0004385965
0.0004385965
0.0004385965
0.0004385965
0.0004385965
0.0004385965
0.0004385965
0.0004385965
0.0004385965
0.0004385965
0.0085467046
0.0004385965
0.0004385965
0.0004385965
0.0004385965
0.0004385965
0.0004385965
0.0004385965
0.0004385965
0.0004385965
0.0004385965
0.0004385965
0.0004385965
0.0004385965
0.0004385965
0.0004385965
0.0004385965
0.0004385965
0.0004385965
0.0004385965
0.0004385965
0.0004385965
0.0004385965
0.0004385965
0.0004385965
0.0004385965
0.0004385965
0.0004385965
0.0004385965
0.0004385965
0.0004385965
0.0004385965
0.0004385965
0.0004385965
0.0004385965
0.0004385965
0.0004385965
0.0004385965
0.0004385965
0.0004385965
0.0004385965
0.0004385965
0.0004385965
0.0004385965
0.0004385965
0.0085467046
0.0004385965
0.0004385965
0.0004385965
0.0004385965
0.0004385965
0.0004385965
0.0004385965
0.0166548127
