0.0023809524
0.0074088853
0.0451183825
0.0677440809
0.0551742485
0.0551742485
0.0426044161
0.0702580474
0.0526602820
0.0476323490
0.0275206172
0.0451183825
0.0451183825
0.0250066507
0.0250066507
0.0375764831
0.0124368183
0.0275206172
0.0174647513
0.0224926842
0.0048949189
0.0048949189
0.0174647513
0.0099228518
0.0124368183
0.0174647513
0.0124368183
0.0048949189
0.0048949189
0.0074088853
0.0174647513
0.0124368183
0.0074088853
0.0074088853
0.0048949189
0.0074088853
0.0074088853
0.0048949189
0.0023809524
0.0074088853
0.0074088853
0.0853418462
