0.0009174312
0.0495660798
0.1063228366
0.0576741879
0.0738904042
0.0819985123
0.0901066204
0.0901066204
0.0252417555
0.0495660798
0.0090255393
0.0090255393
0.0009174312
0.0171336474
0.0414579717
0.0009174312
0.0090255393
0.0333498636
0.0009174312
0.0252417555
0.0252417555
0.0090255393
0.0009174312
0.0009174312
0.0009174312
0.0009174312
0.0009174312
0.0009174312
0.0009174312
0.0090255393
0.0009174312
0.0090255393
0.0009174312
0.0009174312
0.0090255393
0.0171336474
0.0090255393
0.0009174312
0.0009174312
0.0009174312
0.0009174312
0.0009174312
0.0090255393
0.0009174312
0.0090255393
0.0009174312
0.0009174312
0.0009174312
0.0009174312
0.0009174312
0.0009174312
0.0009174312
0.0009174312
0.0009174312
0.0009174312
0.0009174312
0.0090255393
0.0009174312
0.0009174312
0.0009174312
0.0009174312
0.0009174312
0.0009174312
0.0009174312
0.0009174312
0.0009174312
0.0009174312
0.0009174312
0.0009174312
0.0090255393
0.0009174312
0.0009174312
0.0009174312
0.0009174312
0.0009174312
0.0009174312
0.0009174312
0.0009174312
0.0009174312
0.0009174312
0.0009174312
0.0009174312
0.0009174312
0.0090255393
0.0009174312
0.0009174312
0.0009174312
0.0009174312
0.0009174312
0.0009174312
0.0009174312
0.0009174312
0.0009174312
0.0009174312
0.0009174312
0.0009174312
0.0009174312
0.0009174312
0.0009174312
0.0009174312
0.0009174312
0.0009174312
0.0009174312
0.0009174312
0.0009174312
0.0090255393
0.0009174312
0.0009174312
0.0171336474
