0.0010000000
0.0658648649
0.1145135135
0.0658648649
0.0901891892
0.0577567568
0.1388378378
0.0334324324
0.0496486486
0.0172162162
0.0091081081
0.0010000000
0.0415405405
0.0172162162
0.0010000000
0.0253243243
0.0172162162
0.0172162162
0.0334324324
0.0091081081
0.0010000000
0.0010000000
0.0010000000
0.0010000000
0.0010000000
0.0010000000
0.0091081081
0.0010000000
0.0091081081
0.0010000000
0.0010000000
0.0091081081
0.0172162162
0.0091081081
0.0010000000
0.0010000000
0.0010000000
0.0010000000
0.0010000000
0.0091081081
0.0091081081
0.0010000000
0.0010000000
0.0010000000
0.0010000000
0.0010000000
0.0010000000
0.0010000000
0.0010000000
0.0010000000
0.0010000000
0.0091081081
0.0010000000
0.0010000000
0.0010000000
0.0010000000
0.0010000000
0.0010000000
0.0010000000
0.0010000000
0.0010000000
0.0010000000
0.0010000000
0.0091081081
0.0010000000
0.0010000000
0.0010000000
0.0010000000
0.0010000000
0.0010000000
0.0010000000
0.0010000000
0.0010000000
0.0010000000
0.0010000000
0.0010000000
0.0091081081
0.0010000000
0.0010000000
0.0010000000
0.0010000000
0.0010000000
0.0010000000
0.0010000000
0.0010000000
0.0010000000
0.0010000000
0.0010000000
0.0010000000
0.0010000000
0.0010000000
0.0010000000
0.0010000000
0.0010000000
0.0010000000
0.0091081081
0.0010000000
0.0010000000
0.0010000000
0.0172162162
