0.0024390244
0.0099809238
0.0451764546
0.0728300858
0.0552323205
0.0602602534
0.0552323205
0.0602602534
0.0577462870
0.0376345551
0.0401485216
0.0326066222
0.0426624881
0.0275786892
0.0300926557
0.0250647227
0.0250647227
0.0175228233
0.0225507562
0.0150088568
0.0024390244
0.0124948903
0.0175228233
0.0124948903
0.0099809238
0.0175228233
0.0074669574
0.0049529909
0.0049529909
0.0175228233
0.0124948903
0.0099809238
0.0074669574
0.0049529909
0.0074669574
0.0074669574
0.0049529909
0.0024390244
0.0074669574
0.0099809238
0.0828859518
