0.0176246669
0.1554625048
0.0905976399
0.1149219642
0.1635706129
0.0419489912
0.0500570994
0.0095165588
0.0176246669
0.0419489912
0.0095165588
0.0338408831
0.0257327750
0.0338408831
0.0014084507
0.0014084507
0.0014084507
0.0014084507
0.0014084507
0.0095165588
0.0095165588
0.0014084507
0.0176246669
0.0176246669
0.0014084507
0.0014084507
0.0014084507
0.0095165588
0.0095165588
0.0014084507
0.0014084507
0.0014084507
0.0014084507
0.0014084507
0.0014084507
0.0014084507
0.0095165588
0.0014084507
0.0014084507
0.0014084507
0.0014084507
0.0014084507
0.0014084507
0.0014084507
0.0095165588
0.0014084507
0.0014084507
0.0014084507
0.0014084507
0.0014084507
0.0014084507
0.0014084507
0.0014084507
0.0095165588
0.0014084507
0.0014084507
0.0014084507
0.0014084507
0.0014084507
0.0014084507
0.0014084507
0.0014084507
0.0014084507
0.0014084507
0.0014084507
0.0014084507
0.0014084507
0.0095165588
0.0014084507
0.0014084507
0.0176246669
