0.0009900990
0.0577468558
0.1145036125
0.0739630720
0.0739630720
0.0739630720
0.1388279368
0.0334225314
0.0415306396
0.0253144233
0.0090982071
0.0009900990
0.0172063152
0.0415306396
0.0009900990
0.0172063152
0.0253144233
0.0172063152
0.0253144233
0.0172063152
0.0009900990
0.0009900990
0.0009900990
0.0009900990
0.0009900990
0.0009900990
0.0009900990
0.0090982071
0.0009900990
0.0090982071
0.0009900990
0.0009900990
0.0172063152
0.0172063152
0.0009900990
0.0009900990
0.0009900990
0.0009900990
0.0009900990
0.0090982071
0.0009900990
0.0090982071
0.0009900990
0.0009900990
0.0009900990
0.0009900990
0.0009900990
0.0009900990
0.0009900990
0.0009900990
0.0009900990
0.0009900990
0.0090982071
0.0009900990
0.0009900990
0.0009900990
0.0009900990
0.0009900990
0.0009900990
0.0009900990
0.0009900990
0.0009900990
0.0009900990
0.0009900990
0.0090982071
0.0009900990
0.0009900990
0.0009900990
0.0009900990
0.0009900990
0.0009900990
0.0009900990
0.0009900990
0.0009900990
0.0009900990
0.0009900990
0.0009900990
0.0090982071
0.0009900990
0.0009900990
0.0009900990
0.0009900990
0.0009900990
0.0009900990
0.0009900990
0.0009900990
0.0009900990
0.0009900990
0.0009900990
0.0009900990
0.0009900990
0.0009900990
0.0009900990
0.0009900990
0.0009900990
0.0009900990
0.0009900990
0.0090982071
0.0009900990
0.0009900990
0.0172063152
