0.0006134969
0.0006134969
0.0492621456
0.0816945780
0.0492621456
0.0330459294
0.0573702537
0.0492621456
0.0492621456
0.0492621456
0.0898026861
0.0411540375
0.0168297131
0.0249378213
0.0330459294
0.0087216050
0.0006134969
0.0087216050
0.0006134969
0.0006134969
0.0168297131
0.0330459294
0.0087216050
0.0006134969
0.0006134969
0.0168297131
0.0249378213
0.0006134969
0.0168297131
0.0087216050
0.0249378213
0.0087216050
0.0006134969
0.0006134969
0.0006134969
0.0006134969
0.0006134969
0.0006134969
0.0006134969
0.0006134969
0.0006134969
0.0006134969
0.0006134969
0.0006134969
0.0087216050
0.0006134969
0.0006134969
0.0087216050
0.0006134969
0.0006134969
0.0006134969
0.0006134969
0.0168297131
0.0087216050
0.0087216050
0.0006134969
0.0006134969
0.0006134969
0.0006134969
0.0006134969
0.0006134969
0.0006134969
0.0006134969
0.0087216050
0.0006134969
0.0006134969
0.0087216050
0.0006134969
0.0006134969
0.0006134969
0.0006134969
0.0006134969
0.0006134969
0.0006134969
0.0006134969
0.0006134969
0.0006134969
0.0006134969
0.0006134969
0.0006134969
0.0006134969
0.0006134969
0.0006134969
0.0006134969
0.0087216050
0.0006134969
0.0006134969
0.0006134969
0.0006134969
0.0006134969
0.0006134969
0.0006134969
0.0006134969
0.0006134969
0.0006134969
0.0006134969
0.0006134969
0.0006134969
0.0006134969
0.0006134969
0.0006134969
0.0006134969
0.0006134969
0.0087216050
0.0006134969
0.0006134969
0.0006134969
0.0006134969
0.0006134969
0.0006134969
0.0006134969
0.0006134969
0.0006134969
0.0006134969
0.0006134969
0.0006134969
0.0006134969
0.0006134969
0.0006134969
0.0006134969
0.0006134969
0.0006134969
0.0006134969
0.0006134969
0.0087216050
0.0006134969
0.0006134969
0.0006134969
0.0006134969
0.0006134969
0.0006134969
0.0006134969
0.0006134969
0.0006134969
0.0006134969
0.0006134969
0.0006134969
0.0006134969
0.0006134969
0.0006134969
0.0006134969
0.0006134969
0.0006134969
0.0006134969
0.0006134969
0.0006134969
0.0006134969
0.0006134969
0.0006134969
0.0006134969
0.0006134969
0.0006134969
0.0006134969
0.0006134969
0.0006134969
0.0006134969
0.0087216050
0.0006134969
0.0006134969
0.0006134969
0.0006134969
0.0006134969
0.0168297131
