0.0094779711
0.1473158090
0.0986671603
0.1148833765
0.1554239171
0.0500185117
0.0581266198
0.0094779711
0.0013698630
0.0581266198
0.0013698630
0.0419104036
0.0175860792
0.0338022954
0.0094779711
0.0013698630
0.0013698630
0.0013698630
0.0013698630
0.0094779711
0.0013698630
0.0094779711
0.0013698630
0.0256941873
0.0094779711
0.0013698630
0.0013698630
0.0013698630
0.0094779711
0.0094779711
0.0013698630
0.0013698630
0.0013698630
0.0013698630
0.0013698630
0.0013698630
0.0013698630
0.0094779711
0.0013698630
0.0013698630
0.0013698630
0.0013698630
0.0013698630
0.0013698630
0.0013698630
0.0013698630
0.0094779711
0.0013698630
0.0013698630
0.0013698630
0.0013698630
0.0013698630
0.0013698630
0.0013698630
0.0013698630
0.0094779711
0.0013698630
0.0013698630
0.0013698630
0.0013698630
0.0013698630
0.0013698630
0.0013698630
0.0013698630
0.0013698630
0.0013698630
0.0013698630
0.0013698630
0.0013698630
0.0013698630
0.0094779711
0.0013698630
0.0175860792
