0.0019607843
0.0044747508
0.0195585497
0.0522401139
0.0522401139
0.0472121810
0.0497261474
0.0371563150
0.0522401139
0.0497261474
0.0396702815
0.0371563150
0.0271004491
0.0346423486
0.0321283821
0.0346423486
0.0220725162
0.0195585497
0.0321283821
0.0145306167
0.0195585497
0.0145306167
0.0195585497
0.0170445832
0.0044747508
0.0019607843
0.0120166502
0.0170445832
0.0044747508
0.0095026838
0.0120166502
0.0145306167
0.0069887173
0.0019607843
0.0044747508
0.0069887173
0.0145306167
0.0120166502
0.0044747508
0.0120166502
0.0044747508
0.0019607843
0.0069887173
0.0044747508
0.0069887173
0.0019607843
0.0019607843
0.0069887173
0.0069887173
0.0120166502
0.0748658122
