0.0176447876
0.1554826255
0.0906177606
0.1149420849
0.1635907336
0.0419691120
0.0500772201
0.0095366795
0.0176447876
0.0419691120
0.0095366795
0.0338610039
0.0338610039
0.0257528958
0.0014285714
0.0014285714
0.0014285714
0.0014285714
0.0014285714
0.0095366795
0.0095366795
0.0014285714
0.0176447876
0.0176447876
0.0014285714
0.0014285714
0.0014285714
0.0095366795
0.0095366795
0.0014285714
0.0014285714
0.0014285714
0.0014285714
0.0014285714
0.0014285714
0.0014285714
0.0095366795
0.0014285714
0.0014285714
0.0014285714
0.0014285714
0.0014285714
0.0014285714
0.0014285714
0.0095366795
0.0014285714
0.0014285714
0.0014285714
0.0014285714
0.0014285714
0.0014285714
0.0014285714
0.0014285714
0.0095366795
0.0014285714
0.0014285714
0.0014285714
0.0014285714
0.0014285714
0.0014285714
0.0014285714
0.0014285714
0.0014285714
0.0014285714
0.0014285714
0.0014285714
0.0014285714
0.0095366795
0.0014285714
0.0176447876
