0.0018518519
0.0043658183
0.0144216843
0.0420753155
0.0521311815
0.0496172150
0.0445892820
0.0395613491
0.0320194496
0.0496172150
0.0546451479
0.0370473826
0.0295054831
0.0219635837
0.0395613491
0.0295054831
0.0295054831
0.0219635837
0.0144216843
0.0269915167
0.0194496172
0.0144216843
0.0244775502
0.0119077178
0.0144216843
0.0144216843
0.0018518519
0.0043658183
0.0119077178
0.0144216843
0.0093937513
0.0068797848
0.0093937513
0.0144216843
0.0068797848
0.0018518519
0.0043658183
0.0043658183
0.0093937513
0.0144216843
0.0093937513
0.0068797848
0.0068797848
0.0043658183
0.0018518519
0.0068797848
0.0068797848
0.0043658183
0.0018518519
0.0018518519
0.0068797848
0.0043658183
0.0119077178
0.0772708463
