0.0008547009
0.0332871333
0.0981519982
0.0738276738
0.0576114576
0.0738276738
0.0576114576
0.1305844306
0.0251790252
0.0332871333
0.0413952414
0.0089628090
0.0089628090
0.0008547009
0.0170709171
0.0413952414
0.0008547009
0.0008547009
0.0332871333
0.0089628090
0.0170709171
0.0251790252
0.0170709171
0.0008547009
0.0008547009
0.0008547009
0.0008547009
0.0008547009
0.0008547009
0.0008547009
0.0008547009
0.0089628090
0.0008547009
0.0008547009
0.0089628090
0.0008547009
0.0008547009
0.0170709171
0.0089628090
0.0089628090
0.0008547009
0.0008547009
0.0008547009
0.0008547009
0.0008547009
0.0008547009
0.0089628090
0.0008547009
0.0089628090
0.0008547009
0.0008547009
0.0008547009
0.0008547009
0.0008547009
0.0008547009
0.0008547009
0.0008547009
0.0008547009
0.0008547009
0.0008547009
0.0089628090
0.0008547009
0.0008547009
0.0008547009
0.0008547009
0.0008547009
0.0008547009
0.0008547009
0.0008547009
0.0008547009
0.0008547009
0.0008547009
0.0008547009
0.0008547009
0.0089628090
0.0008547009
0.0008547009
0.0008547009
0.0008547009
0.0008547009
0.0008547009
0.0008547009
0.0008547009
0.0008547009
0.0008547009
0.0008547009
0.0008547009
0.0008547009
0.0008547009
0.0089628090
0.0008547009
0.0008547009
0.0008547009
0.0008547009
0.0008547009
0.0008547009
0.0008547009
0.0008547009
0.0008547009
0.0008547009
0.0008547009
0.0008547009
0.0008547009
0.0008547009
0.0008547009
0.0008547009
0.0008547009
0.0008547009
0.0008547009
0.0008547009
0.0008547009
0.0008547009
0.0008547009
0.0089628090
0.0008547009
0.0008547009
0.0170709171
