0.0012345679
0.1309642976
0.0904237571
0.0985318652
0.0985318652
0.1309642976
0.0579913247
0.0255588922
0.0093426760
0.0093426760
0.0498832165
0.0012345679
0.0336670003
0.0093426760
0.0417751084
0.0174507841
0.0012345679
0.0012345679
0.0012345679
0.0012345679
0.0012345679
0.0093426760
0.0012345679
0.0093426760
0.0012345679
0.0174507841
0.0174507841
0.0012345679
0.0012345679
0.0012345679
0.0012345679
0.0093426760
0.0012345679
0.0093426760
0.0012345679
0.0012345679
0.0012345679
0.0012345679
0.0012345679
0.0012345679
0.0012345679
0.0093426760
0.0012345679
0.0012345679
0.0012345679
0.0012345679
0.0012345679
0.0012345679
0.0012345679
0.0012345679
0.0012345679
0.0093426760
0.0012345679
0.0012345679
0.0012345679
0.0012345679
0.0012345679
0.0012345679
0.0012345679
0.0012345679
0.0012345679
0.0093426760
0.0012345679
0.0012345679
0.0012345679
0.0012345679
0.0012345679
0.0012345679
0.0012345679
0.0012345679
0.0012345679
0.0012345679
0.0012345679
0.0012345679
0.0012345679
0.0012345679
0.0012345679
0.0093426760
0.0012345679
0.0012345679
0.0174507841
