0.0571000000
0.0000000000
0.1035000000
0.0000000000
0.0908000000
0.0000000000
0.0796000000
0.0000000000
0.0699000000
0.0000000000
0.0612000000
0.0000000000
0.0538000000
0.0000000000
0.0472000000
0.0000000000
0.0414000000
0.0000000000
0.0363000000
0.0000000000
0.0318000000
0.0000000000
0.0279000000
0.0000000000
0.0244000000
0.0000000000
0.0215000000
0.0000000000
0.0188000000
0.0000000000
0.0165000000
0.0000000000
0.0145000000
0.0000000000
0.0128000000
0.0000000000
0.0112000000
0.0000000000
0.0098000000
0.0000000000
0.0086000000
0.0000000000
0.0075000000
0.0000000000
0.0066000000
0.1473000000
