0.0569000000
0.0000000000
0.1033000000
0.0000000000
0.0906000000
0.0000000000
0.0796000000
0.0000000000
0.0698000000
0.0000000000
0.0612000000
0.0000000000
0.0537000000
0.0000000000
0.0471000000
0.0000000000
0.0414000000
0.0000000000
0.0363000000
0.0000000000
0.0318000000
0.0000000000
0.0279000000
0.0000000000
0.0246000000
0.0000000000
0.0215000000
0.0000000000
0.0189000000
0.0000000000
0.0166000000
0.0000000000
0.0145000000
0.0000000000
0.0128000000
0.0000000000
0.0112000000
0.0000000000
0.0099000000
0.0000000000
0.0087000000
0.0000000000
0.0076000000
0.0000000000
0.0066000000
0.1475000000
