0.2594000000
0.0167000000
0.0173000000
0.0150000000
0.0158000000
0.0158000000
0.0177000000
0.0170000000
0.0168000000
0.0175000000
0.0158000000
0.0186000000
0.0179000000
0.0168000000
0.0182000000
0.0176000000
0.0180000000
0.0166000000
0.0163000000
0.0184000000
0.0163000000
0.0169000000
0.0166000000
0.0169000000
0.0175000000
0.0194000000
0.0162000000
0.0178000000
0.0173000000
0.0157000000
0.0141000000
0.0132000000
0.0135000000
0.0110000000
0.0128000000
0.0087000000
0.0080000000
0.0083000000
0.0077000000
0.0076000000
0.0067000000
0.0060000000
0.0049000000
0.0064000000
0.0058000000
0.0063000000
0.0055000000
0.0048000000
0.0053000000
0.0046000000
0.0032000000
0.0818000000
