0.2618000000
0.0154000000
0.0146000000
0.0165000000
0.0148000000
0.0132000000
0.0151000000
0.0141000000
0.0149000000
0.0182000000
0.0188000000
0.0149000000
0.0162000000
0.0156000000
0.0174000000
0.0164000000
0.0166000000
0.0160000000
0.0175000000
0.0174000000
0.0153000000
0.0173000000
0.0154000000
0.0171000000
0.0181000000
0.0167000000
0.0158000000
0.0211000000
0.0178000000
0.0173000000
0.0136000000
0.0129000000
0.0137000000
0.0119000000
0.0100000000
0.0105000000
0.0088000000
0.0091000000
0.0098000000
0.0084000000
0.0090000000
0.0070000000
0.0068000000
0.0064000000
0.0066000000
0.0052000000
0.0056000000
0.0040000000
0.0055000000
0.0055000000
0.0047000000
0.0052000000
0.0825000000
