0.2667000000
0.0199000000
0.0185000000
0.0172000000
0.0211000000
0.0197000000
0.0198000000
0.0218000000
0.0193000000
0.0224000000
0.0189000000
0.0209000000
0.0214000000
0.0217000000
0.0191000000
0.0197000000
0.0213000000
0.0224000000
0.0202000000
0.0224000000
0.0205000000
0.0226000000
0.0222000000
0.0180000000
0.0181000000
0.0168000000
0.0148000000
0.0145000000
0.0138000000
0.0131000000
0.0111000000
0.0106000000
0.0106000000
0.0077000000
0.0100000000
0.0085000000
0.0087000000
0.0054000000
0.0075000000
0.0061000000
0.0059000000
0.0791000000
