0.2661000000
0.0160000000
0.0185000000
0.0178000000
0.0184000000
0.0191000000
0.0175000000
0.0181000000
0.0180000000
0.0186000000
0.0184000000
0.0168000000
0.0204000000
0.0202000000
0.0206000000
0.0196000000
0.0208000000
0.0184000000
0.0193000000
0.0191000000
0.0187000000
0.0168000000
0.0176000000
0.0217000000
0.0194000000
0.0204000000
0.0166000000
0.0137000000
0.0163000000
0.0135000000
0.0129000000
0.0124000000
0.0118000000
0.0096000000
0.0093000000
0.0073000000
0.0088000000
0.0066000000
0.0074000000
0.0049000000
0.0064000000
0.0052000000
0.0067000000
0.0049000000
0.0058000000
0.0836000000
