0.2717000000
0.0167000000
0.0185000000
0.0208000000
0.0190000000
0.0205000000
0.0198000000
0.0227000000
0.0187000000
0.0222000000
0.0188000000
0.0205000000
0.0203000000
0.0204000000
0.0243000000
0.0201000000
0.0204000000
0.0226000000
0.0235000000
0.0245000000
0.0267000000
0.0231000000
0.0204000000
0.0211000000
0.0174000000
0.0166000000
0.0161000000
0.0120000000
0.0129000000
0.0106000000
0.0099000000
0.0107000000
0.0103000000
0.0088000000
0.0075000000
0.0081000000
0.0066000000
0.0075000000
0.0060000000
0.0817000000
