0.2713000000
0.0206000000
0.0202000000
0.0204000000
0.0194000000
0.0205000000
0.0237000000
0.0213000000
0.0190000000
0.0216000000
0.0192000000
0.0226000000
0.0202000000
0.0233000000
0.0207000000
0.0201000000
0.0212000000
0.0215000000
0.0273000000
0.0212000000
0.0221000000
0.0243000000
0.0213000000
0.0170000000
0.0151000000
0.0160000000
0.0166000000
0.0122000000
0.0144000000
0.0109000000
0.0101000000
0.0107000000
0.0092000000
0.0092000000
0.0092000000
0.0061000000
0.0071000000
0.0066000000
0.0060000000
0.0806000000
