0.2656000000
0.0157000000
0.0158000000
0.0137000000
0.0151000000
0.0160000000
0.0144000000
0.0146000000
0.0165000000
0.0139000000
0.0157000000
0.0172000000
0.0172000000
0.0196000000
0.0185000000
0.0147000000
0.0164000000
0.0161000000
0.0179000000
0.0164000000
0.0195000000
0.0157000000
0.0177000000
0.0171000000
0.0159000000
0.0154000000
0.0201000000
0.0152000000
0.0175000000
0.0163000000
0.0134000000
0.0140000000
0.0132000000
0.0121000000
0.0104000000
0.0107000000
0.0097000000
0.0084000000
0.0089000000
0.0085000000
0.0062000000
0.0092000000
0.0066000000
0.0086000000
0.0076000000
0.0065000000
0.0047000000
0.0057000000
0.0045000000
0.0051000000
0.0042000000
0.0804000000
