0.2626000000
0.0159000000
0.0148000000
0.0120000000
0.0141000000
0.0154000000
0.0159000000
0.0153000000
0.0156000000
0.0151000000
0.0159000000
0.0162000000
0.0159000000
0.0135000000
0.0174000000
0.0186000000
0.0172000000
0.0155000000
0.0141000000
0.0148000000
0.0143000000
0.0156000000
0.0162000000
0.0161000000
0.0192000000
0.0147000000
0.0164000000
0.0172000000
0.0157000000
0.0166000000
0.0145000000
0.0168000000
0.0126000000
0.0132000000
0.0107000000
0.0126000000
0.0090000000
0.0097000000
0.0104000000
0.0079000000
0.0081000000
0.0070000000
0.0076000000
0.0074000000
0.0064000000
0.0058000000
0.0070000000
0.0071000000
0.0069000000
0.0045000000
0.0034000000
0.0043000000
0.0057000000
0.0057000000
0.0779000000
