0.2714000000
0.0192000000
0.0200000000
0.0190000000
0.0198000000
0.0200000000
0.0200000000
0.0208000000
0.0219000000
0.0207000000
0.0206000000
0.0212000000
0.0208000000
0.0207000000
0.0216000000
0.0219000000
0.0206000000
0.0219000000
0.0230000000
0.0224000000
0.0213000000
0.0190000000
0.0214000000
0.0201000000
0.0193000000
0.0172000000
0.0161000000
0.0112000000
0.0125000000
0.0118000000
0.0113000000
0.0102000000
0.0088000000
0.0082000000
0.0081000000
0.0068000000
0.0083000000
0.0058000000
0.0056000000
0.0054000000
0.0841000000
