0.2686000000
0.0179000000
0.0195000000
0.0174000000
0.0179000000
0.0177000000
0.0179000000
0.0164000000
0.0212000000
0.0159000000
0.0183000000
0.0173000000
0.0170000000
0.0169000000
0.0183000000
0.0190000000
0.0207000000
0.0180000000
0.0193000000
0.0190000000
0.0167000000
0.0194000000
0.0194000000
0.0217000000
0.0182000000
0.0211000000
0.0175000000
0.0138000000
0.0151000000
0.0129000000
0.0150000000
0.0118000000
0.0119000000
0.0081000000
0.0102000000
0.0102000000
0.0074000000
0.0092000000
0.0072000000
0.0071000000
0.0075000000
0.0064000000
0.0061000000
0.0060000000
0.0048000000
0.0811000000
