0.2916000000
0.0232000000
0.0222000000
0.0177000000
0.0209000000
0.0187000000
0.0201000000
0.0171000000
0.0190000000
0.0170000000
0.0166000000
0.0163000000
0.0126000000
0.0160000000
0.0128000000
0.0146000000
0.0128000000
0.0117000000
0.0113000000
0.0111000000
0.0104000000
0.0113000000
0.0079000000
0.0109000000
0.0096000000
0.0087000000
0.0100000000
0.0079000000
0.0090000000
0.0071000000
0.0080000000
0.0092000000
0.0175000000
0.0162000000
0.0164000000
0.0153000000
0.0161000000
0.0163000000
0.0165000000
0.0153000000
0.0149000000
0.0148000000
0.0132000000
0.0130000000
0.0099000000
0.0119000000
0.0112000000
0.0124000000
0.0119000000
0.0116000000
0.0123000000
0.0100000000
0.0100000000
