0.2964000000
0.0282000000
0.0230000000
0.0243000000
0.0241000000
0.0238000000
0.0182000000
0.0180000000
0.0188000000
0.0179000000
0.0178000000
0.0186000000
0.0182000000
0.0163000000
0.0140000000
0.0139000000
0.0132000000
0.0117000000
0.0124000000
0.0125000000
0.0109000000
0.0096000000
0.0098000000
0.0112000000
0.0089000000
0.0091000000
0.0094000000
0.0104000000
0.0196000000
0.0182000000
0.0167000000
0.0204000000
0.0155000000
0.0166000000
0.0168000000
0.0176000000
0.0186000000
0.0154000000
0.0138000000
0.0117000000
0.0145000000
0.0131000000
0.0134000000
0.0135000000
0.0123000000
0.0117000000
