0.2915000000
0.0218000000
0.0203000000
0.0172000000
0.0175000000
0.0177000000
0.0176000000
0.0180000000
0.0162000000
0.0165000000
0.0140000000
0.0129000000
0.0119000000
0.0142000000
0.0118000000
0.0130000000
0.0129000000
0.0120000000
0.0118000000
0.0134000000
0.0108000000
0.0075000000
0.0099000000
0.0099000000
0.0095000000
0.0087000000
0.0083000000
0.0109000000
0.0085000000
0.0077000000
0.0070000000
0.0076000000
0.0078000000
0.0075000000
0.0062000000
0.0104000000
0.0152000000
0.0139000000
0.0145000000
0.0152000000
0.0114000000
0.0146000000
0.0149000000
0.0132000000
0.0121000000
0.0112000000
0.0130000000
0.0114000000
0.0121000000
0.0125000000
0.0115000000
0.0113000000
0.0101000000
0.0102000000
0.0111000000
0.0102000000
0.0123000000
0.0080000000
0.0097000000
