0.2944000000
0.0213000000
0.0164000000
0.0165000000
0.0185000000
0.0183000000
0.0165000000
0.0147000000
0.0170000000
0.0160000000
0.0144000000
0.0159000000
0.0129000000
0.0135000000
0.0126000000
0.0121000000
0.0141000000
0.0115000000
0.0120000000
0.0117000000
0.0107000000
0.0094000000
0.0096000000
0.0106000000
0.0098000000
0.0096000000
0.0085000000
0.0077000000
0.0079000000
0.0083000000
0.0075000000
0.0069000000
0.0076000000
0.0090000000
0.0065000000
0.0064000000
0.0118000000
0.0150000000
0.0155000000
0.0154000000
0.0158000000
0.0123000000
0.0140000000
0.0134000000
0.0135000000
0.0124000000
0.0110000000
0.0105000000
0.0123000000
0.0091000000
0.0117000000
0.0132000000
0.0100000000
0.0124000000
0.0077000000
0.0081000000
0.0091000000
0.0090000000
0.0099000000
0.0106000000
