0.2992000000
0.0272000000
0.0282000000
0.0231000000
0.0230000000
0.0249000000
0.0215000000
0.0236000000
0.0168000000
0.0190000000
0.0182000000
0.0166000000
0.0179000000
0.0149000000
0.0158000000
0.0159000000
0.0137000000
0.0141000000
0.0131000000
0.0116000000
0.0141000000
0.0104000000
0.0096000000
0.0091000000
0.0093000000
0.0150000000
0.0217000000
0.0225000000
0.0179000000
0.0201000000
0.0196000000
0.0184000000
0.0183000000
0.0163000000
0.0166000000
0.0159000000
0.0168000000
0.0150000000
0.0136000000
0.0145000000
0.0141000000
0.0129000000
