0.2964000000
0.0308000000
0.0288000000
0.0274000000
0.0267000000
0.0236000000
0.0235000000
0.0223000000
0.0188000000
0.0191000000
0.0193000000
0.0176000000
0.0193000000
0.0147000000
0.0154000000
0.0142000000
0.0133000000
0.0133000000
0.0138000000
0.0112000000
0.0127000000
0.0112000000
0.0089000000
0.0112000000
0.0188000000
0.0225000000
0.0242000000
0.0201000000
0.0185000000
0.0195000000
0.0201000000
0.0165000000
0.0176000000
0.0178000000
0.0149000000
0.0150000000
0.0175000000
0.0153000000
0.0140000000
0.0142000000
