0.2998000000
0.0309000000
0.0303000000
0.0295000000
0.0258000000
0.0239000000
0.0224000000
0.0229000000
0.0196000000
0.0203000000
0.0210000000
0.0165000000
0.0179000000
0.0158000000
0.0143000000
0.0121000000
0.0128000000
0.0145000000
0.0141000000
0.0123000000
0.0130000000
0.0106000000
0.0104000000
0.0139000000
0.0230000000
0.0218000000
0.0213000000
0.0233000000
0.0200000000
0.0214000000
0.0202000000
0.0156000000
0.0186000000
0.0176000000
0.0149000000
0.0146000000
0.0132000000
0.0155000000
0.0144000000
