0.0000000000
0.0177000000
0.0298000000
0.0421000000
0.0546000000
0.0673000000
0.0731000000
0.0728000000
0.0621000000
0.0552000000
0.0465000000
0.0446000000
0.0374000000
0.0328000000
0.0298000000
0.0268000000
0.0253000000
0.0203000000
0.0190000000
0.0150000000
0.0135000000
0.0132000000
0.0109000000
0.0108000000
0.0099000000
0.0072000000
0.0058000000
0.0080000000
0.0045000000
0.0048000000
0.0057000000
0.0030000000
0.0041000000
0.0029000000
0.0022000000
0.0021000000
0.0021000000
0.0028000000
0.0011000000
0.0021000000
0.0011000000
0.1100000000
