0.0000000000
0.0119000000
0.0250000000
0.0364000000
0.0415000000
0.0552000000
0.0583000000
0.0658000000
0.0630000000
0.0531000000
0.0503000000
0.0458000000
0.0408000000
0.0381000000
0.0306000000
0.0262000000
0.0266000000
0.0226000000
0.0216000000
0.0177000000
0.0166000000
0.0156000000
0.0125000000
0.0144000000
0.0118000000
0.0104000000
0.0097000000
0.0095000000
0.0063000000
0.0072000000
0.0050000000
0.0051000000
0.0046000000
0.0034000000
0.0049000000
0.0020000000
0.0037000000
0.0021000000
0.0022000000
0.0028000000
0.0022000000
0.0018000000
0.0011000000
0.0019000000
0.0007000000
0.0010000000
0.1110000000
