0.0000000000
0.0102000000
0.0209000000
0.0301000000
0.0369000000
0.0421000000
0.0494000000
0.0585000000
0.0619000000
0.0550000000
0.0544000000
0.0439000000
0.0412000000
0.0335000000
0.0321000000
0.0303000000
0.0280000000
0.0260000000
0.0229000000
0.0192000000
0.0204000000
0.0166000000
0.0142000000
0.0138000000
0.0148000000
0.0123000000
0.0105000000
0.0094000000
0.0088000000
0.0056000000
0.0069000000
0.0064000000
0.0061000000
0.0050000000
0.0055000000
0.0040000000
0.0041000000
0.0038000000
0.0036000000
0.0034000000
0.0027000000
0.0030000000
0.0020000000
0.0016000000
0.0017000000
0.0016000000
0.0017000000
0.0012000000
0.0009000000
0.0011000000
0.0008000000
0.1100000000
