0.0000000000
0.0129000000
0.0257000000
0.0355000000
0.0453000000
0.0549000000
0.0628000000
0.0700000000
0.0597000000
0.0573000000
0.0507000000
0.0417000000
0.0365000000
0.0365000000
0.0366000000
0.0302000000
0.0247000000
0.0217000000
0.0187000000
0.0197000000
0.0148000000
0.0147000000
0.0118000000
0.0112000000
0.0122000000
0.0081000000
0.0092000000
0.0086000000
0.0069000000
0.0070000000
0.0054000000
0.0055000000
0.0039000000
0.0040000000
0.0043000000
0.0037000000
0.0032000000
0.0027000000
0.0024000000
0.0011000000
0.0024000000
0.0016000000
0.0007000000
0.0015000000
0.0008000000
0.1112000000
