0.0000000000
0.0081000000
0.0166000000
0.0246000000
0.0306000000
0.0338000000
0.0416000000
0.0460000000
0.0520000000
0.0550000000
0.0476000000
0.0450000000
0.0420000000
0.0362000000
0.0343000000
0.0313000000
0.0282000000
0.0280000000
0.0271000000
0.0225000000
0.0206000000
0.0188000000
0.0195000000
0.0141000000
0.0148000000
0.0138000000
0.0129000000
0.0097000000
0.0110000000
0.0095000000
0.0091000000
0.0080000000
0.0080000000
0.0066000000
0.0067000000
0.0055000000
0.0050000000
0.0048000000
0.0042000000
0.0039000000
0.0034000000
0.0030000000
0.0033000000
0.0025000000
0.0022000000
0.0015000000
0.0029000000
0.0017000000
0.0022000000
0.0015000000
0.0013000000
0.0024000000
0.0008000000
0.0010000000
0.0010000000
0.0009000000
0.0008000000
0.1106000000
