0.0000000000
0.0131000000
0.0232000000
0.0350000000
0.0471000000
0.0545000000
0.0640000000
0.0695000000
0.0622000000
0.0555000000
0.0486000000
0.0465000000
0.0398000000
0.0361000000
0.0290000000
0.0296000000
0.0246000000
0.0250000000
0.0220000000
0.0176000000
0.0146000000
0.0147000000
0.0130000000
0.0115000000
0.0120000000
0.0079000000
0.0080000000
0.0082000000
0.0070000000
0.0062000000
0.0050000000
0.0054000000
0.0053000000
0.0042000000
0.0039000000
0.0024000000
0.0028000000
0.0031000000
0.0025000000
0.0017000000
0.0025000000
0.0016000000
0.0014000000
0.0007000000
0.0008000000
0.1107000000
