0.0000000000
0.0114000000
0.0201000000
0.0261000000
0.0344000000
0.0443000000
0.0488000000
0.0555000000
0.0580000000
0.0541000000
0.0516000000
0.0465000000
0.0407000000
0.0335000000
0.0328000000
0.0305000000
0.0290000000
0.0261000000
0.0200000000
0.0189000000
0.0210000000
0.0170000000
0.0179000000
0.0119000000
0.0132000000
0.0112000000
0.0129000000
0.0092000000
0.0093000000
0.0089000000
0.0094000000
0.0058000000
0.0067000000
0.0051000000
0.0050000000
0.0051000000
0.0044000000
0.0032000000
0.0031000000
0.0037000000
0.0039000000
0.0022000000
0.0020000000
0.0018000000
0.0022000000
0.0017000000
0.0018000000
0.0018000000
0.0020000000
0.0012000000
0.0006000000
0.0013000000
0.0011000000
0.1101000000
