0.0000000000
0.0036000000
0.0091000000
0.0124000000
0.0182000000
0.0191000000
0.0218000000
0.0300000000
0.0302000000
0.0350000000
0.0347000000
0.0341000000
0.0321000000
0.0311000000
0.0269000000
0.0309000000
0.0254000000
0.0254000000
0.0247000000
0.0234000000
0.0200000000
0.0207000000
0.0192000000
0.0189000000
0.0169000000
0.0142000000
0.0156000000
0.0137000000
0.0152000000
0.0141000000
0.0128000000
0.0135000000
0.0115000000
0.0106000000
0.0109000000
0.0104000000
0.0089000000
0.0091000000
0.0089000000
0.2668000000
