0.0000000000
0.0033000000
0.0068000000
0.0102000000
0.0119000000
0.0170000000
0.0181000000
0.0208000000
0.0221000000
0.0283000000
0.0272000000
0.0307000000
0.0296000000
0.0267000000
0.0249000000
0.0261000000
0.0269000000
0.0266000000
0.0224000000
0.0228000000
0.0186000000
0.0217000000
0.0199000000
0.0184000000
0.0168000000
0.0162000000
0.0172000000
0.0152000000
0.0153000000
0.0144000000
0.0137000000
0.0133000000
0.0139000000
0.0101000000
0.0108000000
0.0110000000
0.0104000000
0.0110000000
0.0100000000
0.0111000000
0.0075000000
0.0083000000
0.0084000000
0.0084000000
0.0073000000
0.2687000000
