0.0000000000
0.0039000000
0.0061000000
0.0103000000
0.0132000000
0.0160000000
0.0207000000
0.0193000000
0.0241000000
0.0263000000
0.0301000000
0.0308000000
0.0317000000
0.0263000000
0.0289000000
0.0251000000
0.0233000000
0.0238000000
0.0245000000
0.0221000000
0.0196000000
0.0189000000
0.0191000000
0.0190000000
0.0196000000
0.0169000000
0.0172000000
0.0171000000
0.0147000000
0.0143000000
0.0124000000
0.0148000000
0.0136000000
0.0123000000
0.0114000000
0.0115000000
0.0108000000
0.0095000000
0.0079000000
0.0098000000
0.0085000000
0.0085000000
0.0072000000
0.0085000000
0.0074000000
0.2630000000
