0.2838000000
0.0372000000
0.0333000000
0.0313000000
0.0293000000
0.0273000000
0.0265000000
0.0218000000
0.0231000000
0.0229000000
0.0199000000
0.0191000000
0.0181000000
0.0194000000
0.0173000000
0.0155000000
0.0132000000
0.0161000000
0.0142000000
0.0121000000
0.0098000000
0.0115000000
0.0104000000
0.0099000000
0.0078000000
0.0092000000
0.0064000000
0.0085000000
0.0065000000
0.0065000000
0.0060000000
0.0051000000
0.0075000000
0.0051000000
0.0052000000
0.0047000000
0.0042000000
0.0048000000
0.0045000000
0.0127000000
0.0132000000
0.0140000000
0.0133000000
0.0145000000
0.0133000000
0.0143000000
0.0144000000
0.0113000000
0.0116000000
0.0110000000
0.0109000000
0.0105000000
