0.2869000000
0.0414000000
0.0397000000
0.0301000000
0.0333000000
0.0290000000
0.0259000000
0.0270000000
0.0236000000
0.0228000000
0.0215000000
0.0193000000
0.0191000000
0.0165000000
0.0171000000
0.0161000000
0.0150000000
0.0153000000
0.0136000000
0.0115000000
0.0116000000
0.0095000000
0.0091000000
0.0099000000
0.0089000000
0.0086000000
0.0067000000
0.0065000000
0.0072000000
0.0061000000
0.0045000000
0.0059000000
0.0059000000
0.0053000000
0.0083000000
0.0153000000
0.0155000000
0.0178000000
0.0160000000
0.0144000000
0.0148000000
0.0141000000
0.0138000000
0.0146000000
0.0130000000
0.0120000000
