0.2924000000
0.0443000000
0.0432000000
0.0379000000
0.0338000000
0.0306000000
0.0320000000
0.0290000000
0.0245000000
0.0226000000
0.0218000000
0.0231000000
0.0177000000
0.0202000000
0.0165000000
0.0153000000
0.0154000000
0.0115000000
0.0121000000
0.0123000000
0.0107000000
0.0106000000
0.0090000000
0.0070000000
0.0062000000
0.0073000000
0.0063000000
0.0071000000
0.0051000000
0.0062000000
0.0184000000
0.0201000000
0.0180000000
0.0180000000
0.0185000000
0.0142000000
0.0164000000
0.0156000000
0.0142000000
0.0149000000
