0.2859000000
0.0348000000
0.0329000000
0.0307000000
0.0272000000
0.0258000000
0.0281000000
0.0266000000
0.0240000000
0.0203000000
0.0195000000
0.0200000000
0.0171000000
0.0171000000
0.0188000000
0.0161000000
0.0167000000
0.0132000000
0.0136000000
0.0101000000
0.0104000000
0.0124000000
0.0099000000
0.0089000000
0.0077000000
0.0093000000
0.0073000000
0.0072000000
0.0072000000
0.0068000000
0.0061000000
0.0061000000
0.0068000000
0.0063000000
0.0044000000
0.0038000000
0.0046000000
0.0047000000
0.0039000000
0.0137000000
0.0153000000
0.0134000000
0.0155000000
0.0132000000
0.0112000000
0.0131000000
0.0121000000
0.0141000000
0.0122000000
0.0113000000
0.0101000000
0.0125000000
