0.2803000000
0.0299000000
0.0283000000
0.0288000000
0.0270000000
0.0253000000
0.0222000000
0.0216000000
0.0222000000
0.0220000000
0.0185000000
0.0211000000
0.0172000000
0.0146000000
0.0150000000
0.0173000000
0.0135000000
0.0136000000
0.0152000000
0.0113000000
0.0110000000
0.0099000000
0.0099000000
0.0100000000
0.0100000000
0.0083000000
0.0090000000
0.0096000000
0.0091000000
0.0085000000
0.0061000000
0.0064000000
0.0065000000
0.0057000000
0.0055000000
0.0065000000
0.0055000000
0.0046000000
0.0041000000
0.0051000000
0.0051000000
0.0036000000
0.0033000000
0.0031000000
0.0099000000
0.0126000000
0.0121000000
0.0135000000
0.0123000000
0.0133000000
0.0104000000
0.0114000000
0.0101000000
0.0108000000
0.0105000000
0.0106000000
0.0107000000
0.0095000000
0.0110000000
