0.2858000000
0.0342000000
0.0322000000
0.0297000000
0.0303000000
0.0276000000
0.0245000000
0.0246000000
0.0243000000
0.0233000000
0.0205000000
0.0189000000
0.0167000000
0.0166000000
0.0163000000
0.0131000000
0.0168000000
0.0146000000
0.0122000000
0.0120000000
0.0115000000
0.0104000000
0.0100000000
0.0111000000
0.0079000000
0.0095000000
0.0086000000
0.0070000000
0.0082000000
0.0065000000
0.0058000000
0.0065000000
0.0063000000
0.0057000000
0.0054000000
0.0044000000
0.0041000000
0.0038000000
0.0039000000
0.0158000000
0.0138000000
0.0142000000
0.0150000000
0.0143000000
0.0132000000
0.0127000000
0.0130000000
0.0117000000
0.0126000000
0.0123000000
0.0108000000
0.0098000000
