0.0000000000
0.0012000000
0.0015000000
0.0030000000
0.0040000000
0.0050000000
0.0057000000
0.0057000000
0.0074000000
0.0075000000
0.0092000000
0.0098000000
0.0104000000
0.0103000000
0.0124000000
0.0133000000
0.0134000000
0.0150000000
0.0120000000
0.0136000000
0.0141000000
0.0170000000
0.0170000000
0.0168000000
0.0184000000
0.0186000000
0.0196000000
0.0171000000
0.0182000000
0.0195000000
0.0170000000
0.0176000000
0.0180000000
0.0156000000
0.0164000000
0.0150000000
0.0139000000
0.0124000000
0.0134000000
0.0157000000
0.0158000000
0.0138000000
0.0139000000
0.0124000000
0.0127000000
0.0117000000
0.0127000000
0.0096000000
0.0104000000
0.0102000000
0.0082000000
0.0096000000
0.0094000000
0.0079000000
0.0069000000
0.0084000000
0.0071000000
0.0065000000
0.3211000000
