0.0000000000
0.0011000000
0.0039000000
0.0053000000
0.0057000000
0.0054000000
0.0090000000
0.0100000000
0.0123000000
0.0118000000
0.0141000000
0.0156000000
0.0172000000
0.0192000000
0.0184000000
0.0193000000
0.0209000000
0.0254000000
0.0199000000
0.0212000000
0.0211000000
0.0244000000
0.0244000000
0.0242000000
0.0250000000
0.0210000000
0.0214000000
0.0200000000
0.0184000000
0.0195000000
0.0179000000
0.0168000000
0.0181000000
0.0176000000
0.0139000000
0.0145000000
0.0140000000
0.0149000000
0.0132000000
0.0116000000
0.0121000000
0.0112000000
0.0104000000
0.0094000000
0.0091000000
0.3202000000
