0.0000000000
0.0017000000
0.0026000000
0.0036000000
0.0055000000
0.0063000000
0.0078000000
0.0074000000
0.0089000000
0.0114000000
0.0103000000
0.0093000000
0.0125000000
0.0135000000
0.0129000000
0.0152000000
0.0149000000
0.0199000000
0.0173000000
0.0184000000
0.0196000000
0.0187000000
0.0195000000
0.0209000000
0.0223000000
0.0230000000
0.0205000000
0.0228000000
0.0211000000
0.0216000000
0.0173000000
0.0199000000
0.0193000000
0.0161000000
0.0170000000
0.0176000000
0.0132000000
0.0163000000
0.0142000000
0.0134000000
0.0116000000
0.0119000000
0.0109000000
0.0107000000
0.0099000000
0.0111000000
0.0092000000
0.0079000000
0.0064000000
0.0086000000
0.0098000000
0.3183000000
