0.0000000000
0.0015000000
0.0046000000
0.0052000000
0.0071000000
0.0070000000
0.0101000000
0.0102000000
0.0134000000
0.0130000000
0.0139000000
0.0161000000
0.0157000000
0.0171000000
0.0193000000
0.0196000000
0.0190000000
0.0209000000
0.0216000000
0.0207000000
0.0227000000
0.0244000000
0.0265000000
0.0240000000
0.0228000000
0.0219000000
0.0213000000
0.0225000000
0.0176000000
0.0190000000
0.0170000000
0.0180000000
0.0155000000
0.0163000000
0.0168000000
0.0139000000
0.0144000000
0.0131000000
0.0144000000
0.0123000000
0.0114000000
0.0115000000
0.0119000000
0.0090000000
0.0110000000
0.3148000000
