0.0000000000
0.0018000000
0.0034000000
0.0049000000
0.0066000000
0.0062000000
0.0098000000
0.0105000000
0.0129000000
0.0137000000
0.0111000000
0.0154000000
0.0163000000
0.0154000000
0.0187000000
0.0197000000
0.0219000000
0.0226000000
0.0223000000
0.0219000000
0.0238000000
0.0230000000
0.0236000000
0.0231000000
0.0250000000
0.0236000000
0.0223000000
0.0219000000
0.0198000000
0.0174000000
0.0178000000
0.0184000000
0.0171000000
0.0157000000
0.0166000000
0.0123000000
0.0135000000
0.0131000000
0.0144000000
0.0117000000
0.0094000000
0.0117000000
0.0113000000
0.0102000000
0.0091000000
0.3191000000
