0.1306000000
0.0128000000
0.0144000000
0.0135000000
0.0145000000
0.0138000000
0.0141000000
0.0146000000
0.0166000000
0.0154000000
0.0154000000
0.0166000000
0.0159000000
0.0174000000
0.0141000000
0.0191000000
0.0194000000
0.0192000000
0.0178000000
0.0187000000
0.0162000000
0.0166000000
0.0156000000
0.0164000000
0.0138000000
0.0151000000
0.0166000000
0.0122000000
0.0127000000
0.0126000000
0.0119000000
0.0110000000
0.0112000000
0.0105000000
0.0131000000
0.0170000000
0.0149000000
0.0152000000
0.0135000000
0.0136000000
0.0141000000
0.0123000000
0.0136000000
0.0115000000
0.0147000000
0.0121000000
0.0111000000
0.0116000000
0.0100000000
0.0098000000
0.0101000000
0.0105000000
0.1450000000
