0.1318000000
0.0144000000
0.0159000000
0.0187000000
0.0200000000
0.0205000000
0.0195000000
0.0196000000
0.0194000000
0.0228000000
0.0186000000
0.0234000000
0.0228000000
0.0232000000
0.0249000000
0.0213000000
0.0215000000
0.0201000000
0.0210000000
0.0186000000
0.0168000000
0.0188000000
0.0169000000
0.0158000000
0.0168000000
0.0151000000
0.0140000000
0.0141000000
0.0169000000
0.0185000000
0.0155000000
0.0167000000
0.0187000000
0.0191000000
0.0146000000
0.0158000000
0.0140000000
0.0138000000
0.0135000000
0.0135000000
0.0129000000
0.1502000000
