0.1353000000
0.0135000000
0.0168000000
0.0158000000
0.0138000000
0.0169000000
0.0159000000
0.0172000000
0.0179000000
0.0197000000
0.0187000000
0.0186000000
0.0181000000
0.0194000000
0.0181000000
0.0211000000
0.0210000000
0.0223000000
0.0183000000
0.0186000000
0.0191000000
0.0180000000
0.0171000000
0.0169000000
0.0122000000
0.0132000000
0.0132000000
0.0132000000
0.0122000000
0.0128000000
0.0135000000
0.0172000000
0.0177000000
0.0174000000
0.0142000000
0.0164000000
0.0133000000
0.0138000000
0.0154000000
0.0125000000
0.0140000000
0.0120000000
0.0129000000
0.0121000000
0.0134000000
0.0107000000
0.1486000000
