0.1335000000
0.0114000000
0.0112000000
0.0114000000
0.0112000000
0.0115000000
0.0131000000
0.0101000000
0.0137000000
0.0156000000
0.0133000000
0.0158000000
0.0142000000
0.0157000000
0.0175000000
0.0185000000
0.0160000000
0.0163000000
0.0152000000
0.0153000000
0.0163000000
0.0152000000
0.0177000000
0.0137000000
0.0157000000
0.0136000000
0.0121000000
0.0127000000
0.0118000000
0.0119000000
0.0121000000
0.0135000000
0.0125000000
0.0115000000
0.0102000000
0.0104000000
0.0094000000
0.0082000000
0.0113000000
0.0134000000
0.0145000000
0.0129000000
0.0137000000
0.0124000000
0.0106000000
0.0102000000
0.0129000000
0.0120000000
0.0109000000
0.0108000000
0.0098000000
0.0098000000
0.0102000000
0.0095000000
0.0109000000
0.0092000000
0.0072000000
0.0091000000
0.1497000000
