0.1362000000
0.0180000000
0.0183000000
0.0158000000
0.0187000000
0.0220000000
0.0196000000
0.0215000000
0.0216000000
0.0249000000
0.0208000000
0.0214000000
0.0239000000
0.0249000000
0.0253000000
0.0250000000
0.0215000000
0.0215000000
0.0203000000
0.0191000000
0.0182000000
0.0148000000
0.0151000000
0.0133000000
0.0145000000
0.0132000000
0.0196000000
0.0204000000
0.0205000000
0.0177000000
0.0169000000
0.0173000000
0.0159000000
0.0187000000
0.0130000000
0.0132000000
0.0159000000
0.0148000000
0.0143000000
0.1524000000
