0.1465000000
0.0280000000
0.0297000000
0.0319000000
0.0326000000
0.0350000000
0.0328000000
0.0376000000
0.0400000000
0.0372000000
0.0377000000
0.0341000000
0.0303000000
0.0282000000
0.0280000000
0.0232000000
0.0212000000
0.0195000000
0.0169000000
0.0168000000
0.0163000000
0.0131000000
0.0120000000
0.0111000000
0.0124000000
0.0094000000
0.0113000000
0.0100000000
0.0087000000
0.0071000000
0.0070000000
0.0058000000
0.0058000000
0.0067000000
0.0058000000
0.0031000000
0.0035000000
0.0065000000
0.0085000000
0.0110000000
0.0071000000
0.0072000000
0.0073000000
0.0092000000
0.0092000000
0.0076000000
0.0701000000
