0.1498000000
0.0259000000
0.0291000000
0.0271000000
0.0307000000
0.0312000000
0.0318000000
0.0346000000
0.0320000000
0.0362000000
0.0331000000
0.0311000000
0.0320000000
0.0275000000
0.0254000000
0.0240000000
0.0206000000
0.0214000000
0.0219000000
0.0176000000
0.0152000000
0.0150000000
0.0130000000
0.0136000000
0.0116000000
0.0107000000
0.0105000000
0.0101000000
0.0083000000
0.0090000000
0.0070000000
0.0061000000
0.0062000000
0.0064000000
0.0052000000
0.0062000000
0.0043000000
0.0053000000
0.0033000000
0.0039000000
0.0038000000
0.0044000000
0.0086000000
0.0089000000
0.0076000000
0.0078000000
0.0073000000
0.0073000000
0.0063000000
0.0065000000
0.0090000000
0.0686000000
