0.1541000000
0.0346000000
0.0382000000
0.0359000000
0.0384000000
0.0399000000
0.0461000000
0.0423000000
0.0506000000
0.0384000000
0.0389000000
0.0296000000
0.0291000000
0.0294000000
0.0249000000
0.0229000000
0.0206000000
0.0154000000
0.0148000000
0.0156000000
0.0143000000
0.0124000000
0.0101000000
0.0110000000
0.0089000000
0.0069000000
0.0071000000
0.0062000000
0.0058000000
0.0063000000
0.0049000000
0.0048000000
0.0108000000
0.0087000000
0.0100000000
0.0097000000
0.0103000000
0.0103000000
0.0101000000
0.0717000000
