0.1546000000
0.0225000000
0.0274000000
0.0285000000
0.0286000000
0.0293000000
0.0292000000
0.0328000000
0.0345000000
0.0354000000
0.0344000000
0.0331000000
0.0304000000
0.0275000000
0.0267000000
0.0228000000
0.0196000000
0.0222000000
0.0193000000
0.0188000000
0.0157000000
0.0188000000
0.0143000000
0.0145000000
0.0130000000
0.0110000000
0.0110000000
0.0089000000
0.0107000000
0.0070000000
0.0063000000
0.0068000000
0.0064000000
0.0044000000
0.0053000000
0.0044000000
0.0057000000
0.0037000000
0.0055000000
0.0041000000
0.0037000000
0.0074000000
0.0087000000
0.0074000000
0.0079000000
0.0086000000
0.0079000000
0.0075000000
0.0064000000
0.0072000000
0.0722000000
