0.1499000000
0.0212000000
0.0239000000
0.0259000000
0.0236000000
0.0252000000
0.0260000000
0.0296000000
0.0288000000
0.0259000000
0.0275000000
0.0308000000
0.0295000000
0.0291000000
0.0271000000
0.0268000000
0.0246000000
0.0226000000
0.0213000000
0.0173000000
0.0175000000
0.0173000000
0.0145000000
0.0138000000
0.0143000000
0.0111000000
0.0103000000
0.0105000000
0.0114000000
0.0104000000
0.0092000000
0.0072000000
0.0077000000
0.0058000000
0.0069000000
0.0069000000
0.0062000000
0.0038000000
0.0049000000
0.0045000000
0.0038000000
0.0049000000
0.0040000000
0.0033000000
0.0026000000
0.0031000000
0.0027000000
0.0029000000
0.0069000000
0.0083000000
0.0057000000
0.0069000000
0.0089000000
0.0060000000
0.0070000000
0.0051000000
0.0058000000
0.0063000000
0.0055000000
0.0695000000
