0.1565000000
0.0324000000
0.0347000000
0.0384000000
0.0390000000
0.0412000000
0.0441000000
0.0450000000
0.0439000000
0.0409000000
0.0402000000
0.0352000000
0.0303000000
0.0269000000
0.0238000000
0.0230000000
0.0191000000
0.0156000000
0.0173000000
0.0152000000
0.0142000000
0.0113000000
0.0103000000
0.0085000000
0.0085000000
0.0079000000
0.0058000000
0.0075000000
0.0060000000
0.0051000000
0.0050000000
0.0044000000
0.0105000000
0.0106000000
0.0111000000
0.0109000000
0.0107000000
0.0088000000
0.0080000000
0.0722000000
