0.1559000000
0.0315000000
0.0314000000
0.0336000000
0.0320000000
0.0313000000
0.0372000000
0.0362000000
0.0385000000
0.0376000000
0.0375000000
0.0320000000
0.0334000000
0.0297000000
0.0259000000
0.0248000000
0.0215000000
0.0191000000
0.0169000000
0.0153000000
0.0163000000
0.0127000000
0.0132000000
0.0118000000
0.0109000000
0.0085000000
0.0077000000
0.0098000000
0.0062000000
0.0075000000
0.0062000000
0.0060000000
0.0052000000
0.0037000000
0.0041000000
0.0047000000
0.0044000000
0.0089000000
0.0103000000
0.0102000000
0.0079000000
0.0077000000
0.0099000000
0.0065000000
0.0063000000
0.0721000000
