0.0929000000
0.0000000000
0.1580000000
0.0000000000
0.1271000000
0.0000000000
0.1022000000
0.0000000000
0.0822000000
0.0000000000
0.0661000000
0.0000000000
0.0531000000
0.0000000000
0.0427000000
0.0000000000
0.0344000000
0.0000000000
0.0277000000
0.0000000000
0.0222000000
0.0000000000
0.0179000000
0.0000000000
0.0144000000
0.0000000000
0.0116000000
0.0000000000
0.0093000000
0.0000000000
0.0074000000
0.0000000000
0.0060000000
0.0000000000
0.0049000000
0.0000000000
0.0039000000
0.0000000000
0.0032000000
0.0000000000
0.0025000000
0.0000000000
0.0021000000
0.0000000000
0.0017000000
0.1065000000
