0.0855000000
0.0000000000
0.1474000000
0.0000000000
0.1207000000
0.0000000000
0.0989000000
0.0000000000
0.0810000000
0.0000000000
0.0663000000
0.0000000000
0.0543000000
0.0000000000
0.0445000000
0.0000000000
0.0364000000
0.0000000000
0.0299000000
0.0000000000
0.0244000000
0.0000000000
0.0200000000
0.0000000000
0.0164000000
0.0000000000
0.0135000000
0.0000000000
0.0110000000
0.0000000000
0.0090000000
0.0000000000
0.0074000000
0.0000000000
0.0061000000
0.0000000000
0.0050000000
0.0000000000
0.0040000000
0.0000000000
0.0033000000
0.0000000000
0.0027000000
0.0000000000
0.0023000000
0.0000000000
0.0019000000
0.0000000000
0.0015000000
0.0000000000
0.1066000000
