0.0000000000
0.0056000000
0.0106000000
0.0133000000
0.0161000000
0.0187000000
0.0260000000
0.0280000000
0.0315000000
0.0320000000
0.0369000000
0.0379000000
0.0356000000
0.0417000000
0.0438000000
0.0413000000
0.0374000000
0.0346000000
0.0343000000
0.0295000000
0.0292000000
0.0244000000
0.0273000000
0.0214000000
0.0199000000
0.0170000000
0.0169000000
0.0167000000
0.0153000000
0.0122000000
0.0122000000
0.0116000000
0.0097000000
0.0088000000
0.0077000000
0.0075000000
0.0061000000
0.0061000000
0.0058000000
0.0061000000
0.0062000000
0.0054000000
0.0033000000
0.0038000000
0.0027000000
0.0036000000
0.0033000000
0.0046000000
0.0019000000
0.0029000000
0.0019000000
0.0020000000
0.0014000000
0.0018000000
0.0016000000
0.0011000000
0.0014000000
0.0014000000
0.1130000000
