0.0000000000
0.0045000000
0.0133000000
0.0183000000
0.0213000000
0.0279000000
0.0290000000
0.0362000000
0.0382000000
0.0402000000
0.0479000000
0.0465000000
0.0486000000
0.0453000000
0.0445000000
0.0410000000
0.0341000000
0.0326000000
0.0305000000
0.0290000000
0.0280000000
0.0209000000
0.0198000000
0.0190000000
0.0159000000
0.0159000000
0.0151000000
0.0115000000
0.0108000000
0.0105000000
0.0091000000
0.0088000000
0.0073000000
0.0077000000
0.0080000000
0.0053000000
0.0053000000
0.0042000000
0.0049000000
0.0044000000
0.0029000000
0.0033000000
0.0032000000
0.0030000000
0.0025000000
0.0021000000
0.0017000000
0.0023000000
0.0018000000
0.0012000000
0.0014000000
0.1133000000
