0.0000000000
0.0050000000
0.0082000000
0.0152000000
0.0196000000
0.0206000000
0.0235000000
0.0291000000
0.0332000000
0.0361000000
0.0391000000
0.0342000000
0.0398000000
0.0414000000
0.0474000000
0.0416000000
0.0387000000
0.0365000000
0.0300000000
0.0289000000
0.0282000000
0.0225000000
0.0249000000
0.0204000000
0.0210000000
0.0198000000
0.0160000000
0.0134000000
0.0118000000
0.0116000000
0.0114000000
0.0128000000
0.0111000000
0.0085000000
0.0090000000
0.0075000000
0.0075000000
0.0052000000
0.0058000000
0.0057000000
0.0060000000
0.0042000000
0.0028000000
0.0034000000
0.0034000000
0.0031000000
0.0036000000
0.0022000000
0.0020000000
0.0023000000
0.0026000000
0.0024000000
0.0013000000
0.0015000000
0.0011000000
0.0012000000
0.0015000000
0.1132000000
