0.0000000000
0.0114000000
0.0216000000
0.0281000000
0.0375000000
0.0496000000
0.0546000000
0.0596000000
0.0627000000
0.0601000000
0.0633000000
0.0523000000
0.0505000000
0.0405000000
0.0391000000
0.0325000000
0.0306000000
0.0255000000
0.0205000000
0.0216000000
0.0144000000
0.0155000000
0.0132000000
0.0124000000
0.0106000000
0.0096000000
0.0073000000
0.0065000000
0.0050000000
0.0057000000
0.0046000000
0.0052000000
0.0040000000
0.0033000000
0.0027000000
0.0024000000
0.0016000000
0.0017000000
0.1127000000
