0.0719000000
0.0272000000
0.0273000000
0.0328000000
0.0372000000
0.0393000000
0.0380000000
0.0338000000
0.0347000000
0.0321000000
0.0303000000
0.0288000000
0.0248000000
0.0265000000
0.0231000000
0.0211000000
0.0205000000
0.0195000000
0.0164000000
0.0170000000
0.0151000000
0.0192000000
0.0162000000
0.0122000000
0.0131000000
0.0114000000
0.0123000000
0.0111000000
0.0103000000
0.0095000000
0.0077000000
0.0105000000
0.0092000000
0.0073000000
0.0087000000
0.0069000000
0.0077000000
0.0064000000
0.0052000000
0.0047000000
0.0042000000
0.0046000000
0.0041000000
0.0056000000
0.0042000000
0.0039000000
0.0080000000
0.0172000000
0.0175000000
0.0168000000
0.0156000000
0.0913000000
