0.0763000000
0.0229000000
0.0272000000
0.0306000000
0.0369000000
0.0406000000
0.0382000000
0.0337000000
0.0356000000
0.0332000000
0.0298000000
0.0283000000
0.0269000000
0.0239000000
0.0223000000
0.0206000000
0.0222000000
0.0195000000
0.0193000000
0.0170000000
0.0161000000
0.0181000000
0.0141000000
0.0129000000
0.0138000000
0.0112000000
0.0128000000
0.0112000000
0.0118000000
0.0102000000
0.0095000000
0.0079000000
0.0085000000
0.0078000000
0.0070000000
0.0076000000
0.0071000000
0.0051000000
0.0049000000
0.0060000000
0.0053000000
0.0049000000
0.0038000000
0.0038000000
0.0044000000
0.0049000000
0.0064000000
0.0180000000
0.0150000000
0.0203000000
0.0161000000
0.0885000000
