0.1843000000
0.0553000000
0.0533000000
0.0470000000
0.0418000000
0.0417000000
0.0347000000
0.0330000000
0.0339000000
0.0307000000
0.0243000000
0.0244000000
0.0209000000
0.0210000000
0.0206000000
0.0191000000
0.0163000000
0.0151000000
0.0155000000
0.0119000000
0.0109000000
0.0119000000
0.0103000000
0.0101000000
0.0080000000
0.0087000000
0.0074000000
0.0065000000
0.0050000000
0.0068000000
0.0052000000
0.0043000000
0.0050000000
0.0046000000
0.0041000000
0.0039000000
0.0026000000
0.0034000000
0.0032000000
0.0019000000
0.0026000000
0.0022000000
0.0018000000
0.0018000000
0.0019000000
0.0026000000
0.0233000000
0.0245000000
0.0236000000
0.0235000000
0.0236000000
