0.1844000000
0.0477000000
0.0410000000
0.0400000000
0.0408000000
0.0353000000
0.0313000000
0.0324000000
0.0320000000
0.0287000000
0.0250000000
0.0230000000
0.0205000000
0.0223000000
0.0186000000
0.0166000000
0.0182000000
0.0147000000
0.0170000000
0.0129000000
0.0127000000
0.0127000000
0.0111000000
0.0113000000
0.0088000000
0.0100000000
0.0082000000
0.0089000000
0.0074000000
0.0065000000
0.0067000000
0.0063000000
0.0055000000
0.0051000000
0.0057000000
0.0040000000
0.0057000000
0.0046000000
0.0039000000
0.0027000000
0.0027000000
0.0033000000
0.0028000000
0.0032000000
0.0028000000
0.0027000000
0.0015000000
0.0017000000
0.0023000000
0.0020000000
0.0020000000
0.0016000000
0.0014000000
0.0156000000
0.0236000000
0.0226000000
0.0207000000
0.0191000000
0.0182000000
