0.1852000000
0.0545000000
0.0517000000
0.0438000000
0.0457000000
0.0393000000
0.0364000000
0.0333000000
0.0280000000
0.0283000000
0.0273000000
0.0241000000
0.0242000000
0.0206000000
0.0191000000
0.0164000000
0.0179000000
0.0150000000
0.0143000000
0.0112000000
0.0127000000
0.0107000000
0.0113000000
0.0104000000
0.0090000000
0.0081000000
0.0065000000
0.0061000000
0.0064000000
0.0080000000
0.0054000000
0.0043000000
0.0051000000
0.0043000000
0.0045000000
0.0047000000
0.0031000000
0.0032000000
0.0032000000
0.0032000000
0.0026000000
0.0022000000
0.0012000000
0.0020000000
0.0027000000
0.0016000000
0.0039000000
0.0243000000
0.0239000000
0.0212000000
0.0239000000
0.0240000000
