0.1943000000
0.0604000000
0.0531000000
0.0506000000
0.0451000000
0.0426000000
0.0388000000
0.0344000000
0.0291000000
0.0318000000
0.0244000000
0.0278000000
0.0224000000
0.0209000000
0.0177000000
0.0179000000
0.0172000000
0.0153000000
0.0119000000
0.0114000000
0.0109000000
0.0102000000
0.0101000000
0.0095000000
0.0073000000
0.0080000000
0.0065000000
0.0053000000
0.0060000000
0.0048000000
0.0048000000
0.0042000000
0.0031000000
0.0039000000
0.0038000000
0.0032000000
0.0023000000
0.0024000000
0.0025000000
0.0019000000
0.0019000000
0.0164000000
0.0255000000
0.0254000000
0.0261000000
0.0269000000
