0.1966000000
0.0696000000
0.0577000000
0.0564000000
0.0506000000
0.0443000000
0.0415000000
0.0388000000
0.0304000000
0.0319000000
0.0292000000
0.0233000000
0.0220000000
0.0197000000
0.0190000000
0.0168000000
0.0133000000
0.0117000000
0.0125000000
0.0128000000
0.0087000000
0.0094000000
0.0086000000
0.0075000000
0.0052000000
0.0061000000
0.0050000000
0.0053000000
0.0056000000
0.0028000000
0.0037000000
0.0037000000
0.0025000000
0.0025000000
0.0027000000
0.0024000000
0.0320000000
0.0302000000
0.0301000000
0.0279000000
