0.1968000000
0.0637000000
0.0575000000
0.0492000000
0.0536000000
0.0460000000
0.0410000000
0.0334000000
0.0342000000
0.0291000000
0.0250000000
0.0259000000
0.0231000000
0.0212000000
0.0180000000
0.0160000000
0.0159000000
0.0145000000
0.0119000000
0.0107000000
0.0104000000
0.0100000000
0.0098000000
0.0073000000
0.0070000000
0.0060000000
0.0057000000
0.0053000000
0.0046000000
0.0041000000
0.0042000000
0.0032000000
0.0033000000
0.0031000000
0.0025000000
0.0027000000
0.0023000000
0.0051000000
0.0308000000
0.0313000000
0.0274000000
0.0272000000
