0.1862000000
0.0524000000
0.0470000000
0.0416000000
0.0402000000
0.0380000000
0.0366000000
0.0343000000
0.0283000000
0.0286000000
0.0268000000
0.0258000000
0.0206000000
0.0178000000
0.0218000000
0.0177000000
0.0170000000
0.0168000000
0.0115000000
0.0141000000
0.0139000000
0.0108000000
0.0108000000
0.0103000000
0.0087000000
0.0089000000
0.0078000000
0.0089000000
0.0060000000
0.0074000000
0.0070000000
0.0051000000
0.0049000000
0.0043000000
0.0037000000
0.0041000000
0.0044000000
0.0037000000
0.0042000000
0.0026000000
0.0027000000
0.0021000000
0.0031000000
0.0021000000
0.0019000000
0.0020000000
0.0016000000
0.0014000000
0.0020000000
0.0114000000
0.0200000000
0.0253000000
0.0190000000
0.0219000000
0.0229000000
