0.1942000000
0.0557000000
0.0543000000
0.0486000000
0.0481000000
0.0430000000
0.0363000000
0.0352000000
0.0352000000
0.0308000000
0.0256000000
0.0255000000
0.0233000000
0.0192000000
0.0184000000
0.0179000000
0.0173000000
0.0146000000
0.0114000000
0.0119000000
0.0109000000
0.0115000000
0.0085000000
0.0088000000
0.0076000000
0.0078000000
0.0061000000
0.0065000000
0.0056000000
0.0051000000
0.0045000000
0.0045000000
0.0039000000
0.0036000000
0.0026000000
0.0026000000
0.0034000000
0.0028000000
0.0020000000
0.0016000000
0.0025000000
0.0161000000
0.0283000000
0.0257000000
0.0267000000
0.0243000000
