0.1853000000
0.0460000000
0.0431000000
0.0427000000
0.0354000000
0.0350000000
0.0350000000
0.0281000000
0.0300000000
0.0287000000
0.0260000000
0.0240000000
0.0239000000
0.0200000000
0.0190000000
0.0167000000
0.0186000000
0.0176000000
0.0143000000
0.0135000000
0.0139000000
0.0123000000
0.0114000000
0.0094000000
0.0098000000
0.0076000000
0.0078000000
0.0098000000
0.0075000000
0.0072000000
0.0085000000
0.0057000000
0.0060000000
0.0051000000
0.0049000000
0.0041000000
0.0045000000
0.0030000000
0.0034000000
0.0041000000
0.0037000000
0.0028000000
0.0027000000
0.0030000000
0.0030000000
0.0027000000
0.0020000000
0.0019000000
0.0012000000
0.0021000000
0.0022000000
0.0012000000
0.0013000000
0.0188000000
0.0216000000
0.0229000000
0.0197000000
0.0207000000
0.0176000000
