0.1999000000
0.0666000000
0.0576000000
0.0534000000
0.0517000000
0.0451000000
0.0401000000
0.0362000000
0.0340000000
0.0283000000
0.0274000000
0.0259000000
0.0232000000
0.0205000000
0.0179000000
0.0168000000
0.0144000000
0.0137000000
0.0125000000
0.0109000000
0.0099000000
0.0077000000
0.0095000000
0.0073000000
0.0064000000
0.0061000000
0.0053000000
0.0058000000
0.0042000000
0.0034000000
0.0036000000
0.0030000000
0.0030000000
0.0029000000
0.0022000000
0.0021000000
0.0298000000
0.0303000000
0.0305000000
0.0309000000
