0.3603000000
0.0533000000
0.0470000000
0.0376000000
0.0380000000
0.0320000000
0.0298000000
0.0276000000
0.0228000000
0.0251000000
0.0212000000
0.0170000000
0.0171000000
0.0166000000
0.0137000000
0.0133000000
0.0113000000
0.0094000000
0.0087000000
0.0098000000
0.0091000000
0.0081000000
0.0072000000
0.0046000000
0.0047000000
0.0042000000
0.0050000000
0.0051000000
0.0033000000
0.0041000000
0.0041000000
0.0024000000
0.0028000000
0.0023000000
0.0021000000
0.0012000000
0.0020000000
0.0009000000
0.0015000000
0.0009000000
0.0012000000
0.0054000000
0.0096000000
0.0137000000
0.0106000000
0.0113000000
0.0103000000
0.0103000000
0.0095000000
0.0131000000
0.0103000000
0.0075000000
