0.3521000000
0.0447000000
0.0435000000
0.0383000000
0.0364000000
0.0318000000
0.0293000000
0.0270000000
0.0222000000
0.0198000000
0.0220000000
0.0183000000
0.0164000000
0.0179000000
0.0146000000
0.0125000000
0.0139000000
0.0109000000
0.0109000000
0.0092000000
0.0083000000
0.0081000000
0.0077000000
0.0060000000
0.0056000000
0.0054000000
0.0050000000
0.0055000000
0.0050000000
0.0035000000
0.0044000000
0.0039000000
0.0038000000
0.0028000000
0.0028000000
0.0025000000
0.0019000000
0.0024000000
0.0023000000
0.0018000000
0.0019000000
0.0011000000
0.0013000000
0.0013000000
0.0006000000
0.0008000000
0.0013000000
0.0072000000
0.0093000000
0.0091000000
0.0099000000
0.0100000000
0.0070000000
0.0091000000
0.0091000000
0.0106000000
0.0104000000
0.0095000000
0.0101000000
