0.4655000000
0.0324000000
0.0304000000
0.0300000000
0.0261000000
0.0252000000
0.0209000000
0.0208000000
0.0191000000
0.0164000000
0.0169000000
0.0153000000
0.0139000000
0.0130000000
0.0113000000
0.0118000000
0.0105000000
0.0084000000
0.0077000000
0.0071000000
0.0071000000
0.0065000000
0.0064000000
0.0045000000
0.0064000000
0.0040000000
0.0047000000
0.0046000000
0.0052000000
0.0040000000
0.0027000000
0.0062000000
0.0100000000
0.0080000000
0.0080000000
0.0070000000
0.0082000000
0.0080000000
0.0084000000
0.0055000000
0.0078000000
0.0057000000
0.0055000000
0.0081000000
0.0063000000
0.0050000000
0.0054000000
0.0048000000
0.0060000000
0.0061000000
0.0059000000
0.0053000000
