0.4657000000
0.0340000000
0.0302000000
0.0297000000
0.0273000000
0.0240000000
0.0234000000
0.0179000000
0.0185000000
0.0178000000
0.0139000000
0.0148000000
0.0141000000
0.0138000000
0.0108000000
0.0103000000
0.0101000000
0.0083000000
0.0091000000
0.0093000000
0.0084000000
0.0058000000
0.0056000000
0.0049000000
0.0057000000
0.0050000000
0.0043000000
0.0049000000
0.0032000000
0.0032000000
0.0062000000
0.0078000000
0.0076000000
0.0081000000
0.0072000000
0.0081000000
0.0079000000
0.0067000000
0.0080000000
0.0086000000
0.0066000000
0.0079000000
0.0055000000
0.0073000000
0.0049000000
0.0070000000
0.0071000000
0.0059000000
0.0054000000
0.0056000000
0.0066000000
