0.4682000000
0.0388000000
0.0317000000
0.0282000000
0.0298000000
0.0240000000
0.0245000000
0.0226000000
0.0209000000
0.0157000000
0.0185000000
0.0142000000
0.0138000000
0.0113000000
0.0115000000
0.0123000000
0.0085000000
0.0082000000
0.0078000000
0.0086000000
0.0071000000
0.0057000000
0.0049000000
0.0046000000
0.0057000000
0.0046000000
0.0050000000
0.0031000000
0.0101000000
0.0095000000
0.0078000000
0.0103000000
0.0093000000
0.0080000000
0.0075000000
0.0078000000
0.0077000000
0.0073000000
0.0073000000
0.0060000000
0.0072000000
0.0066000000
0.0075000000
0.0066000000
0.0063000000
0.0074000000
