0.4767000000
0.0294000000
0.0281000000
0.0276000000
0.0246000000
0.0234000000
0.0232000000
0.0209000000
0.0157000000
0.0171000000
0.0168000000
0.0141000000
0.0141000000
0.0122000000
0.0120000000
0.0101000000
0.0097000000
0.0080000000
0.0080000000
0.0080000000
0.0072000000
0.0080000000
0.0060000000
0.0069000000
0.0049000000
0.0048000000
0.0050000000
0.0032000000
0.0039000000
0.0040000000
0.0037000000
0.0071000000
0.0081000000
0.0081000000
0.0085000000
0.0061000000
0.0086000000
0.0065000000
0.0080000000
0.0080000000
0.0071000000
0.0080000000
0.0047000000
0.0063000000
0.0073000000
0.0058000000
0.0061000000
0.0058000000
0.0061000000
0.0053000000
0.0063000000
0.0049000000
