0.5261000000
0.0310000000
0.0337000000
0.0267000000
0.0285000000
0.0211000000
0.0206000000
0.0203000000
0.0175000000
0.0149000000
0.0156000000
0.0128000000
0.0123000000
0.0110000000
0.0113000000
0.0087000000
0.0080000000
0.0057000000
0.0077000000
0.0043000000
0.0058000000
0.0104000000
0.0100000000
0.0106000000
0.0105000000
0.0081000000
0.0092000000
0.0084000000
0.0090000000
0.0076000000
0.0086000000
0.0063000000
0.0075000000
0.0060000000
0.0056000000
0.0064000000
0.0061000000
0.0063000000
0.0049000000
0.0062000000
0.0047000000
0.0040000000
