0.5279000000
0.0269000000
0.0272000000
0.0233000000
0.0224000000
0.0222000000
0.0200000000
0.0173000000
0.0162000000
0.0152000000
0.0132000000
0.0126000000
0.0114000000
0.0100000000
0.0104000000
0.0096000000
0.0088000000
0.0091000000
0.0071000000
0.0081000000
0.0061000000
0.0053000000
0.0058000000
0.0050000000
0.0046000000
0.0049000000
0.0085000000
0.0074000000
0.0085000000
0.0064000000
0.0077000000
0.0073000000
0.0066000000
0.0048000000
0.0070000000
0.0049000000
0.0056000000
0.0061000000
0.0058000000
0.0061000000
0.0050000000
0.0055000000
0.0051000000
0.0058000000
0.0059000000
0.0056000000
0.0050000000
0.0041000000
0.0050000000
0.0047000000
0.0050000000
