0.5348000000
0.0384000000
0.0326000000
0.0294000000
0.0256000000
0.0200000000
0.0201000000
0.0186000000
0.0163000000
0.0159000000
0.0158000000
0.0110000000
0.0097000000
0.0101000000
0.0097000000
0.0104000000
0.0068000000
0.0087000000
0.0076000000
0.0053000000
0.0090000000
0.0093000000
0.0100000000
0.0085000000
0.0087000000
0.0079000000
0.0102000000
0.0099000000
0.0062000000
0.0074000000
0.0075000000
0.0070000000
0.0060000000
0.0083000000
0.0064000000
0.0070000000
0.0066000000
0.0070000000
0.0056000000
0.0047000000
