0.5307000000
0.0362000000
0.0314000000
0.0296000000
0.0275000000
0.0258000000
0.0215000000
0.0196000000
0.0197000000
0.0151000000
0.0127000000
0.0138000000
0.0149000000
0.0113000000
0.0109000000
0.0063000000
0.0071000000
0.0061000000
0.0055000000
0.0053000000
0.0115000000
0.0103000000
0.0080000000
0.0096000000
0.0095000000
0.0092000000
0.0080000000
0.0078000000
0.0079000000
0.0063000000
0.0073000000
0.0064000000
0.0078000000
0.0072000000
0.0061000000
0.0066000000
0.0059000000
0.0068000000
0.0068000000
