0.5241000000
0.0342000000
0.0348000000
0.0292000000
0.0275000000
0.0245000000
0.0222000000
0.0184000000
0.0184000000
0.0152000000
0.0169000000
0.0118000000
0.0108000000
0.0101000000
0.0079000000
0.0081000000
0.0080000000
0.0083000000
0.0080000000
0.0048000000
0.0104000000
0.0117000000
0.0090000000
0.0098000000
0.0090000000
0.0093000000
0.0089000000
0.0086000000
0.0067000000
0.0079000000
0.0070000000
0.0068000000
0.0072000000
0.0059000000
0.0064000000
0.0073000000
0.0063000000
0.0069000000
0.0055000000
0.0062000000
