0.1469000000
0.0125000000
0.0123000000
0.0137000000
0.0136000000
0.0130000000
0.0134000000
0.0144000000
0.0130000000
0.0143000000
0.0171000000
0.0143000000
0.0142000000
0.0183000000
0.0170000000
0.0170000000
0.0166000000
0.0176000000
0.0172000000
0.0161000000
0.0184000000
0.0171000000
0.0167000000
0.0172000000
0.0147000000
0.0146000000
0.0149000000
0.0121000000
0.0111000000
0.0127000000
0.0128000000
0.0143000000
0.0160000000
0.0168000000
0.0157000000
0.0120000000
0.0179000000
0.0140000000
0.0149000000
0.0127000000
0.0131000000
0.0133000000
0.0114000000
0.0106000000
0.0114000000
0.0104000000
0.0107000000
0.0101000000
0.0091000000
0.0099000000
0.0119000000
0.1490000000
