0.1483000000
0.0105000000
0.0099000000
0.0108000000
0.0108000000
0.0093000000
0.0128000000
0.0113000000
0.0148000000
0.0120000000
0.0146000000
0.0125000000
0.0150000000
0.0128000000
0.0148000000
0.0140000000
0.0152000000
0.0127000000
0.0148000000
0.0141000000
0.0165000000
0.0161000000
0.0134000000
0.0152000000
0.0146000000
0.0132000000
0.0143000000
0.0131000000
0.0150000000
0.0119000000
0.0140000000
0.0122000000
0.0111000000
0.0116000000
0.0099000000
0.0109000000
0.0148000000
0.0120000000
0.0141000000
0.0132000000
0.0137000000
0.0150000000
0.0117000000
0.0118000000
0.0097000000
0.0103000000
0.0135000000
0.0106000000
0.0107000000
0.0106000000
0.0105000000
0.0108000000
0.0107000000
0.0094000000
0.0092000000
0.0080000000
0.0079000000
0.0072000000
0.1506000000
