0.1458000000
0.0112000000
0.0128000000
0.0114000000
0.0108000000
0.0107000000
0.0131000000
0.0120000000
0.0140000000
0.0139000000
0.0130000000
0.0128000000
0.0126000000
0.0137000000
0.0130000000
0.0130000000
0.0146000000
0.0127000000
0.0128000000
0.0148000000
0.0131000000
0.0134000000
0.0157000000
0.0148000000
0.0135000000
0.0138000000
0.0124000000
0.0155000000
0.0118000000
0.0132000000
0.0133000000
0.0118000000
0.0117000000
0.0118000000
0.0123000000
0.0097000000
0.0136000000
0.0143000000
0.0153000000
0.0117000000
0.0144000000
0.0113000000
0.0109000000
0.0119000000
0.0109000000
0.0136000000
0.0113000000
0.0111000000
0.0110000000
0.0112000000
0.0106000000
0.0099000000
0.0102000000
0.0090000000
0.0067000000
0.0097000000
0.0090000000
0.0078000000
0.0077000000
0.1504000000
