0.1408000000
0.0148000000
0.0140000000
0.0128000000
0.0166000000
0.0152000000
0.0180000000
0.0163000000
0.0160000000
0.0180000000
0.0176000000
0.0174000000
0.0172000000
0.0189000000
0.0190000000
0.0203000000
0.0187000000
0.0197000000
0.0210000000
0.0207000000
0.0166000000
0.0186000000
0.0178000000
0.0157000000
0.0173000000
0.0121000000
0.0142000000
0.0143000000
0.0192000000
0.0193000000
0.0180000000
0.0195000000
0.0174000000
0.0179000000
0.0144000000
0.0136000000
0.0142000000
0.0122000000
0.0164000000
0.0119000000
0.0120000000
0.0129000000
0.0117000000
0.0090000000
0.0106000000
0.1502000000
