0.1452000000
0.0148000000
0.0145000000
0.0152000000
0.0160000000
0.0156000000
0.0172000000
0.0165000000
0.0179000000
0.0150000000
0.0178000000
0.0187000000
0.0166000000
0.0211000000
0.0218000000
0.0192000000
0.0182000000
0.0176000000
0.0172000000
0.0199000000
0.0197000000
0.0194000000
0.0178000000
0.0167000000
0.0152000000
0.0142000000
0.0137000000
0.0144000000
0.0181000000
0.0192000000
0.0171000000
0.0148000000
0.0151000000
0.0152000000
0.0139000000
0.0141000000
0.0115000000
0.0139000000
0.0130000000
0.0125000000
0.0137000000
0.0110000000
0.0116000000
0.0103000000
0.0084000000
0.1595000000
