20.0 2 0.09486389726362685
20.0 3 0.10002680845105943
20.0 4 0.11738685757301837
20.0 5 0.14117716700395533
21.0 2 0.07701040112648608
21.0 3 0.09743408407917553
21.0 4 0.10429833853066385
21.0 5 0.12577905497215416
22.0 2 0.08011687597100407
22.0 3 0.1084015801028669
22.0 4 0.11020654218041447
22.0 5 0.1276468366480377
23.0 2 0.07364588647844726
23.0 3 0.0927532290316008
23.0 4 0.1138383378069717
23.0 5 0.1300368066034493
24.0 2 0.07268597691106127
24.0 3 0.101926180486249
24.0 4 0.10815423177611852
24.0 5 0.1327435665875042
25.0 2 0.08118092790960661
25.0 3 0.08578795258685043
25.0 4 0.12263592603369478
25.0 5 0.13431938953071873
26.0 2 0.06540406171364563
26.0 3 0.09444131708108604
26.0 4 0.09990323154583133
26.0 5 0.12169894798934165
27.0 2 0.09476254519166649
27.0 3 0.08943221957592033
27.0 4 0.09405761082393681
27.0 5 0.09538187207046789
28.0 2 0.06280507507313549
28.0 3 0.08051562296594454
28.0 4 0.08833377866301897
28.0 5 0.0932533066502154
29.0 2 0.06262196375785031
29.0 3 0.07013047447187519
29.0 4 0.07942493190249306
29.0 5 0.08433546536213393
30.0 2 0.06320908958925395
30.0 3 0.06364424720585758
30.0 4 0.0836485990233012
30.0 5 0.0946915783947608
31.0 2 0.05775542208956293
31.0 3 0.06726864510419271
31.0 4 0.07895987268432904
31.0 5 0.08315708633486853
32.0 2 0.05320106503842851
32.0 3 0.06634587982229359
32.0 4 0.09803472828578491
32.0 5 0.0784816743841659
33.0 2 0.06661204627627484
33.0 3 0.06686679154201831
33.0 4 0.07628886007125471
33.0 5 0.08214922195590972
34.0 2 0.0533284345075547
34.0 3 0.06997823272660822
34.0 4 0.07202485868587537
34.0 5 0.07563612405733343
35.0 2 0.04970066611186106
35.0 3 0.06405075047957956
35.0 4 0.07097987278694923
35.0 5 0.06943164052711481
36.0 2 0.04814683413409262
36.0 3 0.05703541664068304
36.0 4 0.06549169113284421
36.0 5 0.0705639196639547
37.0 2 0.05285889768888211
37.0 3 0.061498601435597045
37.0 4 0.06408228740377793
37.0 5 0.06394674869994728
38.0 2 0.04841818329248954
38.0 3 0.05585581717968792
38.0 4 0.07132864180862843
38.0 5 0.08119761737452874
39.0 2 0.04688411842841798
39.0 3 0.056595886293072016
39.0 4 0.06257836612341706
39.0 5 0.06375387517506598
40.0 2 0.04783162851670596
40.0 3 0.053314514172069095
40.0 4 0.06879886582297678
40.0 5 0.07395623825357878
