0 2 0.387665272893619
0 3 0.32243501784210965
0 4 0.27750637272979867
0 5 0.24306151320570166
1 2 0.3861778633928646
1 3 0.3432827328968587
1 4 0.2966069558174937
1 5 0.25549769141176965
2 2 0.4300851228207429
2 3 0.35578631674821554
2 4 0.2781549466148396
2 5 0.27102276414350607
3 2 0.43693736915164955
3 3 0.3454293420845422
3 4 0.30307968050353007
3 5 0.2720517598110313
4 2 0.4535411343507808
4 3 0.36909897708360584
4 4 0.30607356346726483
4 5 0.25805209004140556
5 2 0.21922719934923726
5 3 0.34874059171946026
5 4 0.0
5 5 0.018022958700830986
6 2 0.39646541941282076
6 3 0.35091560395786486
6 4 0.30304818303352266
6 5 0.2683657726440713
7 2 0.45538080496452754
7 3 0.36650416937878577
7 4 0.2965415071427873
7 5 0.24398456196178714
8 2 0.4215363320483395
8 3 0.31244277394878284
8 4 0.30682446197999985
8 5 0.20286826614128387
9 2 0.39252686298544054
9 3 0.3416157000305741
9 4 0.2913195365974939
9 5 0.25951661580668517
10 2 0.18408749978355526
10 3 0.10115429090920938
10 4 0.13120111590243416
10 5 0.0893835376299555
11 2 0.45445512855953063
11 3 0.3731307699005627
11 4 0.30987570764177574
11 5 0.22591736544470647
12 2 0.055346350631625844
12 3 0.07746080872837567
12 4 0.02708211907942871
12 5 0.14416736971845084
20 2 0.24947655632344917
20 3 0.31124983836326536
20 4 0.3787898130646333
20 5 0.2699883425237492
21 2 0.5595560959507417
21 3 0.395994959309175
21 4 0.3314581873050585
21 5 0.34762266440389417
22 2 0.1133530601740572
22 3 0.05234461977025007
22 4 0.36123160695037454
22 5 0.0
23 2 0.5872978864637374
23 3 0.438118844437352
23 4 0.0
23 5 0.3249069416389931
24 2 0.5829883517465079
24 3 0.46470051976521193
24 4 0.20767670800337995
24 5 0.3416735494641146
25 2 0.5708485038575452
25 3 0.4547795849050081
25 4 0.38551857485538504
25 5 0.35917970381618297
