15.308577
28.168843
28.736834
45.673719
58.834341
60.209349
78.294281
97.024031
111.091214
114.331490
114.904975
130.244744
141.189913
151.275006
164.242783
188.284638
192.429054
200.237346
212.693078
217.574084
218.248848
239.442180
240.733131
241.303931
247.650354
249.361522
253.693470
255.795908
268.776892
272.479220
280.385961
289.968795
292.157637
307.863327
324.282617
326.825684
328.264900
339.231551
353.789386
354.369579
370.436541
375.372164
388.415250
389.226645
390.099611
393.087057
394.470428
405.000672
408.887709
415.664656
426.641744
429.485031
447.068889
450.084231
470.519475
472.276495
482.088055
499.786393
510.116616
512.108820
516.885373
523.822026
583.345490
596.188877
600.561569
631.829749
633.296000
644.165014
648.004199
667.799766
677.318324
689.799661
696.092669
699.481659
714.712345
747.488640
749.668277
750.769258
756.234619
761.035962
