11.059301
12.278308
13.313884
16.298422
19.469743
25.271682
39.190201
42.151070
44.707630
59.187405
61.831872
108.982946
110.826146
111.434428
113.387187
117.787665
124.067092
126.003878
128.063311
130.281661
135.112174
136.527465
144.242507
182.659511
188.316728
196.567482
198.640397
202.577384
205.445388
208.311589
210.352617
216.915956
219.316948
219.924738
221.932792
223.284355
228.356269
234.700255
236.370280
237.502253
240.390250
245.058901
247.428306
256.404051
265.049913
269.374710
274.972858
276.919753
302.544454
310.096896
340.872387
342.900892
344.289625
348.027022
350.548174
352.596142
356.792696
361.094291
367.036624
374.099870
377.763855
379.633885
381.811185
384.291404
385.450924
389.125307
395.812813
399.065308
406.869056
411.348454
414.458062
447.113449
452.751529
456.524324
459.271258
461.153424
464.214479
468.716796
470.868446
478.649798
490.122285
497.598102
519.099186
526.471155
531.079155
535.629875
540.709409
545.004904
553.198407
565.383280
572.143835
581.337721
588.631304
632.252369
633.796146
635.630467
637.165751
638.460427
640.465774
648.902294
653.401472
