0.1567000000
0.0141000000
0.0122000000
0.0128000000
0.0158000000
0.0157000000
0.0145000000
0.0168000000
0.0148000000
0.0150000000
0.0154000000
0.0163000000
0.0168000000
0.0135000000
0.0147000000
0.0151000000
0.0166000000
0.0172000000
0.0197000000
0.0163000000
0.0185000000
0.0152000000
0.0176000000
0.0161000000
0.0170000000
0.0164000000
0.0187000000
0.0201000000
0.0188000000
0.0185000000
0.0189000000
0.0181000000
0.0145000000
0.0165000000
0.0144000000
0.0149000000
0.0150000000
0.0137000000
0.0143000000
0.0123000000
0.0110000000
0.0118000000
0.0097000000
0.0101000000
0.0100000000
0.0108000000
0.1571000000
