0.1600000000
0.0126000000
0.0154000000
0.0141000000
0.0146000000
0.0145000000
0.0156000000
0.0139000000
0.0132000000
0.0167000000
0.0156000000
0.0171000000
0.0155000000
0.0171000000
0.0171000000
0.0187000000
0.0173000000
0.0196000000
0.0184000000
0.0192000000
0.0155000000
0.0167000000
0.0177000000
0.0159000000
0.0152000000
0.0172000000
0.0176000000
0.0190000000
0.0189000000
0.0169000000
0.0198000000
0.0146000000
0.0143000000
0.0150000000
0.0146000000
0.0164000000
0.0129000000
0.0117000000
0.0136000000
0.0144000000
0.0117000000
0.0119000000
0.0111000000
0.0107000000
0.0100000000
0.1605000000
