0.1631000000
0.0101000000
0.0120000000
0.0108000000
0.0110000000
0.0132000000
0.0149000000
0.0147000000
0.0155000000
0.0135000000
0.0138000000
0.0152000000
0.0169000000
0.0157000000
0.0153000000
0.0144000000
0.0143000000
0.0157000000
0.0133000000
0.0182000000
0.0151000000
0.0152000000
0.0180000000
0.0157000000
0.0172000000
0.0132000000
0.0160000000
0.0121000000
0.0163000000
0.0176000000
0.0190000000
0.0153000000
0.0186000000
0.0156000000
0.0161000000
0.0144000000
0.0142000000
0.0125000000
0.0121000000
0.0134000000
0.0119000000
0.0126000000
0.0105000000
0.0119000000
0.0101000000
0.0095000000
0.0097000000
0.0082000000
0.0076000000
0.0097000000
0.1591000000
