0.1590000000
0.0142000000
0.0132000000
0.0138000000
0.0139000000
0.0181000000
0.0157000000
0.0144000000
0.0150000000
0.0149000000
0.0189000000
0.0169000000
0.0157000000
0.0171000000
0.0131000000
0.0186000000
0.0179000000
0.0174000000
0.0166000000
0.0198000000
0.0177000000
0.0184000000
0.0178000000
0.0170000000
0.0151000000
0.0164000000
0.0195000000
0.0174000000
0.0161000000
0.0167000000
0.0185000000
0.0150000000
0.0165000000
0.0166000000
0.0169000000
0.0146000000
0.0155000000
0.0128000000
0.0126000000
0.0118000000
0.0108000000
0.0105000000
0.0108000000
0.0121000000
0.0105000000
0.1582000000
