0.1598000000
0.0132000000
0.0140000000
0.0128000000
0.0171000000
0.0153000000
0.0171000000
0.0164000000
0.0162000000
0.0148000000
0.0155000000
0.0153000000
0.0170000000
0.0182000000
0.0153000000
0.0183000000
0.0174000000
0.0155000000
0.0173000000
0.0189000000
0.0166000000
0.0183000000
0.0199000000
0.0181000000
0.0160000000
0.0160000000
0.0184000000
0.0173000000
0.0199000000
0.0162000000
0.0191000000
0.0155000000
0.0159000000
0.0159000000
0.0112000000
0.0136000000
0.0111000000
0.0114000000
0.0130000000
0.0132000000
0.0116000000
0.0115000000
0.0101000000
0.0117000000
0.0109000000
0.1622000000
