0.1604000000
0.0139000000
0.0146000000
0.0153000000
0.0165000000
0.0171000000
0.0173000000
0.0165000000
0.0173000000
0.0185000000
0.0163000000
0.0218000000
0.0186000000
0.0199000000
0.0193000000
0.0208000000
0.0214000000
0.0213000000
0.0206000000
0.0197000000
0.0194000000
0.0171000000
0.0184000000
0.0243000000
0.0226000000
0.0190000000
0.0200000000
0.0165000000
0.0195000000
0.0166000000
0.0168000000
0.0171000000
0.0168000000
0.0146000000
0.0144000000
0.0152000000
0.0130000000
0.0113000000
0.0113000000
0.0105000000
0.1585000000
