0.2159000000
0.0562000000
0.0541000000
0.0497000000
0.0427000000
0.0396000000
0.0353000000
0.0323000000
0.0311000000
0.0283000000
0.0257000000
0.0225000000
0.0231000000
0.0186000000
0.0183000000
0.0163000000
0.0164000000
0.0130000000
0.0128000000
0.0129000000
0.0095000000
0.0105000000
0.0085000000
0.0104000000
0.0082000000
0.0081000000
0.0054000000
0.0079000000
0.0044000000
0.0049000000
0.0049000000
0.0035000000
0.0027000000
0.0046000000
0.0039000000
0.0026000000
0.0035000000
0.0022000000
0.0023000000
0.0024000000
0.0026000000
0.0020000000
0.0013000000
0.0011000000
0.0017000000
0.0014000000
0.0012000000
0.0011000000
0.0012000000
0.0005000000
0.0007000000
0.0009000000
0.0006000000
0.0164000000
0.0187000000
0.0189000000
0.0178000000
0.0187000000
0.0180000000
