0.2364000000
0.0803000000
0.0661000000
0.0637000000
0.0567000000
0.0429000000
0.0408000000
0.0397000000
0.0328000000
0.0277000000
0.0265000000
0.0201000000
0.0211000000
0.0193000000
0.0146000000
0.0129000000
0.0104000000
0.0117000000
0.0089000000
0.0070000000
0.0079000000
0.0057000000
0.0053000000
0.0047000000
0.0049000000
0.0042000000
0.0034000000
0.0024000000
0.0023000000
0.0030000000
0.0017000000
0.0018000000
0.0013000000
0.0016000000
0.0017000000
0.0005000000
0.0267000000
0.0265000000
0.0288000000
0.0260000000
