0.2307000000
0.0683000000
0.0623000000
0.0558000000
0.0506000000
0.0480000000
0.0404000000
0.0345000000
0.0317000000
0.0303000000
0.0251000000
0.0237000000
0.0218000000
0.0174000000
0.0168000000
0.0114000000
0.0127000000
0.0139000000
0.0104000000
0.0100000000
0.0090000000
0.0089000000
0.0067000000
0.0061000000
0.0058000000
0.0048000000
0.0048000000
0.0038000000
0.0035000000
0.0031000000
0.0017000000
0.0032000000
0.0021000000
0.0027000000
0.0017000000
0.0013000000
0.0015000000
0.0013000000
0.0013000000
0.0012000000
0.0011000000
0.0126000000
0.0243000000
0.0238000000
0.0228000000
0.0251000000
