0.2198000000
0.0589000000
0.0508000000
0.0457000000
0.0419000000
0.0387000000
0.0365000000
0.0341000000
0.0294000000
0.0262000000
0.0270000000
0.0243000000
0.0209000000
0.0202000000
0.0177000000
0.0187000000
0.0159000000
0.0146000000
0.0123000000
0.0107000000
0.0110000000
0.0110000000
0.0090000000
0.0088000000
0.0084000000
0.0061000000
0.0053000000
0.0064000000
0.0056000000
0.0054000000
0.0050000000
0.0043000000
0.0035000000
0.0041000000
0.0034000000
0.0035000000
0.0026000000
0.0026000000
0.0025000000
0.0029000000
0.0017000000
0.0016000000
0.0018000000
0.0016000000
0.0015000000
0.0011000000
0.0018000000
0.0011000000
0.0010000000
0.0009000000
0.0013000000
0.0004000000
0.0009000000
0.0006000000
0.0162000000
0.0197000000
0.0179000000
0.0185000000
0.0192000000
0.0155000000
