0.2326000000
0.0832000000
0.0679000000
0.0642000000
0.0489000000
0.0496000000
0.0405000000
0.0362000000
0.0337000000
0.0282000000
0.0256000000
0.0227000000
0.0223000000
0.0167000000
0.0145000000
0.0149000000
0.0104000000
0.0112000000
0.0092000000
0.0064000000
0.0075000000
0.0064000000
0.0059000000
0.0045000000
0.0045000000
0.0042000000
0.0037000000
0.0020000000
0.0028000000
0.0023000000
0.0025000000
0.0016000000
0.0013000000
0.0012000000
0.0014000000
0.0016000000
0.0245000000
0.0295000000
0.0262000000
0.0275000000
