0.2380000000
0.0738000000
0.0684000000
0.0635000000
0.0525000000
0.0433000000
0.0408000000
0.0365000000
0.0327000000
0.0314000000
0.0246000000
0.0241000000
0.0167000000
0.0182000000
0.0145000000
0.0152000000
0.0140000000
0.0104000000
0.0091000000
0.0085000000
0.0053000000
0.0073000000
0.0067000000
0.0049000000
0.0043000000
0.0052000000
0.0036000000
0.0030000000
0.0023000000
0.0024000000
0.0023000000
0.0016000000
0.0019000000
0.0011000000
0.0015000000
0.0011000000
0.0019000000
0.0281000000
0.0268000000
0.0270000000
0.0255000000
