0.0000000000
0.0028000000
0.0041000000
0.0067000000
0.0097000000
0.0103000000
0.0143000000
0.0122000000
0.0185000000
0.0176000000
0.0181000000
0.0232000000
0.0221000000
0.0226000000
0.0238000000
0.0253000000
0.0261000000
0.0250000000
0.0297000000
0.0254000000
0.0272000000
0.0275000000
0.0296000000
0.0295000000
0.0289000000
0.0305000000
0.0305000000
0.0248000000
0.0262000000
0.0244000000
0.0205000000
0.0214000000
0.0183000000
0.0153000000
0.0143000000
0.0143000000
0.0137000000
0.0110000000
0.0113000000
0.0117000000
0.0093000000
0.0090000000
0.0085000000
0.0083000000
0.0086000000
0.0076000000
0.0064000000
0.0052000000
0.0058000000
0.0046000000
0.0040000000
0.1543000000
