0.0000000000
0.0032000000
0.0061000000
0.0087000000
0.0118000000
0.0129000000
0.0171000000
0.0185000000
0.0213000000
0.0198000000
0.0211000000
0.0208000000
0.0233000000
0.0259000000
0.0270000000
0.0264000000
0.0292000000
0.0303000000
0.0310000000
0.0304000000
0.0317000000
0.0312000000
0.0304000000
0.0303000000
0.0364000000
0.0281000000
0.0252000000
0.0256000000
0.0245000000
0.0201000000
0.0191000000
0.0164000000
0.0168000000
0.0141000000
0.0144000000
0.0116000000
0.0124000000
0.0086000000
0.0099000000
0.0084000000
0.0089000000
0.0071000000
0.0056000000
0.0065000000
0.0064000000
0.0062000000
0.1593000000
