0.0000000000
0.0030000000
0.0035000000
0.0074000000
0.0081000000
0.0107000000
0.0133000000
0.0158000000
0.0159000000
0.0187000000
0.0199000000
0.0195000000
0.0219000000
0.0207000000
0.0227000000
0.0244000000
0.0254000000
0.0253000000
0.0254000000
0.0268000000
0.0275000000
0.0315000000
0.0254000000
0.0279000000
0.0312000000
0.0288000000
0.0298000000
0.0262000000
0.0261000000
0.0247000000
0.0211000000
0.0191000000
0.0169000000
0.0173000000
0.0150000000
0.0156000000
0.0121000000
0.0156000000
0.0133000000
0.0090000000
0.0115000000
0.0091000000
0.0084000000
0.0091000000
0.0068000000
0.0070000000
0.0049000000
0.0060000000
0.0055000000
0.0051000000
0.0046000000
0.1595000000
