0.0000000000
0.0049000000
0.0084000000
0.0108000000
0.0137000000
0.0168000000
0.0199000000
0.0234000000
0.0268000000
0.0272000000
0.0265000000
0.0252000000
0.0301000000
0.0294000000
0.0337000000
0.0366000000
0.0348000000
0.0350000000
0.0359000000
0.0372000000
0.0389000000
0.0364000000
0.0315000000
0.0309000000
0.0282000000
0.0239000000
0.0216000000
0.0207000000
0.0197000000
0.0169000000
0.0145000000
0.0120000000
0.0097000000
0.0100000000
0.0102000000
0.0093000000
0.0072000000
0.0086000000
0.0065000000
0.0068000000
0.1602000000
