0.0000000000
0.0048000000
0.0081000000
0.0121000000
0.0142000000
0.0183000000
0.0221000000
0.0217000000
0.0255000000
0.0299000000
0.0268000000
0.0296000000
0.0331000000
0.0326000000
0.0330000000
0.0329000000
0.0393000000
0.0392000000
0.0374000000
0.0360000000
0.0376000000
0.0347000000
0.0304000000
0.0286000000
0.0258000000
0.0253000000
0.0196000000
0.0196000000
0.0176000000
0.0172000000
0.0147000000
0.0093000000
0.0139000000
0.0103000000
0.0096000000
0.0087000000
0.0077000000
0.0060000000
0.0067000000
0.1601000000
