0.2582000000
0.0191000000
0.0186000000
0.0169000000
0.0160000000
0.0175000000
0.0198000000
0.0220000000
0.0199000000
0.0173000000
0.0167000000
0.0203000000
0.0221000000
0.0208000000
0.0205000000
0.0176000000
0.0224000000
0.0232000000
0.0193000000
0.0219000000
0.0213000000
0.0190000000
0.0202000000
0.0153000000
0.0150000000
0.0171000000
0.0160000000
0.0150000000
0.0142000000
0.0145000000
0.0134000000
0.0133000000
0.0109000000
0.0095000000
0.0089000000
0.0088000000
0.0076000000
0.0084000000
0.0077000000
0.0061000000
0.0066000000
0.0062000000
0.0063000000
0.0052000000
0.0046000000
0.0788000000
