0.2541000000
0.0221000000
0.0217000000
0.0236000000
0.0241000000
0.0225000000
0.0226000000
0.0241000000
0.0253000000
0.0273000000
0.0240000000
0.0258000000
0.0226000000
0.0267000000
0.0242000000
0.0268000000
0.0262000000
0.0264000000
0.0218000000
0.0206000000
0.0180000000
0.0174000000
0.0183000000
0.0171000000
0.0156000000
0.0161000000
0.0155000000
0.0123000000
0.0111000000
0.0109000000
0.0083000000
0.0099000000
0.0073000000
0.0090000000
0.0078000000
0.0080000000
0.0061000000
0.0070000000
0.0718000000
