0.0456752165
0.0433571883
0.0411568006
0.0390680830
0.0370853684
0.0352032771
0.0334167023
0.0317207966
0.0301109585
0.0285828201
0.0271322351
0.0257552677
0.0244481817
0.0232074306
0.0220296479
0.0209116379
0.0198503673
0.0188429564
0.0178866718
0.0169789189
0.0161172347
0.0152992811
0.0145228389
0.0137858014
0.0130861686
0.0124220424
0.0117916208
0.0111931932
0.0106251359
0.0100859077
0.0095740455
0.0090881604
0.0086269341
0.0081891151
0.0077735155
0.0073790077
0.0070045213
0.0066490402
0.2243659087
