0.0305572850
0.0295197875
0.0285175158
0.0275492738
0.0266139060
0.0257102963
0.0248373665
0.0239940748
0.0231794150
0.0223924151
0.0216321357
0.0208976698
0.0201881408
0.0195027022
0.0188405360
0.0182008519
0.0175828868
0.0169859031
0.0164091886
0.0158520550
0.0153138375
0.0147938938
0.0142916036
0.0138063673
0.0133376061
0.0128847605
0.0124472902
0.0120246731
0.0116164049
0.0112219985
0.0108409831
0.0104729042
0.0101173225
0.0097738138
0.0094419680
0.0091213892
0.0088116949
0.0085125155
0.0082234939
0.0079442854
0.0076745568
0.0074139861
0.0071622624
0.0069190855
0.0066841649
0.0064572206
0.0062379815
0.0060261862
0.0058215819
0.0056239244
0.0054329779
0.0052485145
0.0050703141
0.0048981641
0.0047318590
0.0045712003
0.0044159965
0.2256478115
