0.0138352366
0.0136225546
0.0134131421
0.0132069488
0.0130039251
0.0128040225
0.0126071928
0.0124133890
0.0122225643
0.0120346731
0.0118496703
0.0116675114
0.0114881528
0.0113115513
0.0111376647
0.0109664511
0.0107978695
0.0106318794
0.0104684410
0.0103075150
0.0101490629
0.0099930466
0.0098394286
0.0096881722
0.0095392409
0.0093925990
0.0092482115
0.0091060435
0.0089660609
0.0088282303
0.0086925185
0.0085588929
0.0084273214
0.0082977725
0.0081702151
0.0080446186
0.0079209529
0.0077991881
0.0076792952
0.0075612454
0.0074450102
0.0073305619
0.0072178730
0.0071069163
0.0069976654
0.0068900939
0.0067841760
0.0066798864
0.0065771999
0.0064760920
0.0063765384
0.0062785151
0.0061819987
0.0060869661
0.0059933943
0.0059012609
0.0058105439
0.0057212214
0.0056332720
0.0055466746
0.0054614084
0.0053774530
0.0052947882
0.0052133941
0.0051332513
0.0050543405
0.0049766427
0.0049001393
0.0048248120
0.0047506427
0.0046776135
0.0046057069
0.0045349058
0.0044651930
0.0043965519
0.0043289660
0.0042624190
0.0041968950
0.0041323783
0.0040688534
0.0040063050
0.0039447181
0.0038840780
0.0038243701
0.0037655800
0.0037076937
0.0036506972
0.0035945769
0.0035393194
0.0034849112
0.0034313395
0.0033785913
0.0033266539
0.0032755150
0.0032251622
0.0031755834
0.0031267668
0.0030787006
0.0030313734
0.0029847736
0.0029388902
0.0028937122
0.0028492286
0.0028054289
0.0027623025
0.0027198390
0.0026780284
0.0026368604
0.0025963253
0.0025564133
0.0025171149
0.0024784206
0.0024403211
0.0024028073
0.0023658702
0.0023295009
0.0022936907
0.0022584309
0.0022237132
0.0021895293
0.0021558707
0.0021227297
0.0020900980
0.0020579680
0.0020263319
0.0019951822
0.0019645113
0.0019343119
0.0019045767
0.2219905948
