0.0309247387
0.0298621393
0.0288360516
0.0278452212
0.0268884366
0.0259645278
0.0250723653
0.0242108583
0.0233789533
0.0225756333
0.0217999160
0.0210508530
0.0203275284
0.0196290579
0.0189545873
0.0183032922
0.0176743760
0.0170670699
0.0164806314
0.0159143434
0.0153675135
0.0148394731
0.0143295766
0.0138372006
0.0133617431
0.0129026226
0.0124592779
0.0120311669
0.0116177661
0.0112185701
0.0108330909
0.0104608570
0.0101014133
0.0097543205
0.0094191540
0.0090955042
0.0087829752
0.0084811849
0.0081897645
0.0079083574
0.0076366198
0.0073742193
0.0071208350
0.0068761573
0.0066398869
0.0064117349
0.0061914225
0.0059786801
0.0057732477
0.0055748742
0.0053833170
0.0051983418
0.0050197225
0.0048472407
0.0046806855
0.0045198533
0.0043645475
0.2226565006
