0.0072580250
0.0071994929
0.0071414328
0.0070838409
0.0070267134
0.0069700467
0.0069138370
0.0068580805
0.0068027737
0.0067479129
0.0066934946
0.0066395151
0.0065859709
0.0065328585
0.0064801745
0.0064279153
0.0063760775
0.0063246578
0.0062736528
0.0062230591
0.0061728734
0.0061230924
0.0060737129
0.0060247316
0.0059761454
0.0059279509
0.0058801451
0.0058327248
0.0057856870
0.0057390285
0.0056927462
0.0056468373
0.0056012985
0.0055561270
0.0055113197
0.0054668739
0.0054227864
0.0053790545
0.0053356753
0.0052926459
0.0052499635
0.0052076253
0.0051656285
0.0051239705
0.0050826483
0.0050416595
0.0050010011
0.0049606707
0.0049206655
0.0048809829
0.0048416204
0.0048025753
0.0047638450
0.0047254271
0.0046873191
0.0046495183
0.0046120224
0.0045748289
0.0045379353
0.0045013392
0.0044650383
0.0044290301
0.0043933124
0.0043578826
0.0043227386
0.0042878780
0.0042532985
0.0042189979
0.0041849739
0.0041512243
0.0041177469
0.0040845394
0.0040515998
0.0040189257
0.0039865152
0.0039543661
0.0039224762
0.0038908435
0.0038594659
0.0038283414
0.0037974678
0.0037668432
0.0037364656
0.0037063330
0.0036764434
0.0036467948
0.0036173853
0.0035882130
0.0035592760
0.0035305723
0.0035021001
0.0034738575
0.0034458427
0.0034180538
0.0033904890
0.0033631465
0.0033360245
0.0033091212
0.0032824349
0.0032559638
0.0032297061
0.0032036603
0.0031778244
0.0031521970
0.0031267762
0.0031015604
0.0030765479
0.0030517372
0.0030271265
0.0030027144
0.0029784990
0.0029544790
0.0029306527
0.0029070185
0.0028835750
0.0028603205
0.0028372535
0.0028143725
0.0027916761
0.0027691627
0.0027468309
0.0027246791
0.0027027060
0.0026809101
0.0026592900
0.0026378442
0.0026165714
0.0025954701
0.0025745391
0.0025537768
0.0025331819
0.0025127531
0.0024924891
0.0024723885
0.0024524500
0.0024326723
0.0024130540
0.0023935940
0.0023742910
0.0023551436
0.0023361506
0.0023173107
0.0022986229
0.0022800857
0.0022616980
0.0022434586
0.0022253663
0.0022074199
0.0021896182
0.0021719601
0.0021544444
0.0021370699
0.0021198356
0.0021027402
0.0020857827
0.0020689620
0.0020522769
0.0020357264
0.0020193093
0.0020030247
0.0019868713
0.0019708482
0.0019549544
0.0019391887
0.0019235502
0.0019080378
0.0018926505
0.0018773872
0.0018622471
0.0018472290
0.0018323321
0.0018175553
0.0018028977
0.0017883583
0.0017739361
0.0017596303
0.0017454398
0.0017313637
0.0017174012
0.0017035513
0.0016898130
0.0016761856
0.0016626680
0.0016492595
0.0016359591
0.0016227659
0.0016096792
0.0015966980
0.0015838214
0.0015710487
0.0015583791
0.0015458116
0.0015333454
0.0015209798
0.0015087139
0.0014965469
0.0014844780
0.0014725065
0.0014606315
0.0014488523
0.0014371681
0.0014255781
0.0014140815
0.0014026777
0.0013913659
0.0013801452
0.0013690151
0.0013579747
0.0013470233
0.0013361603
0.0013253849
0.0013146964
0.0013040940
0.0012935772
0.0012831452
0.0012727973
0.0012625329
0.0012523512
0.0012422516
0.0012322335
0.0012222962
0.0012124390
0.0012026614
0.0011929625
0.0011833419
0.0011737989
0.0011643328
0.0011549431
0.0011456291
0.0011363902
0.0011272258
0.0011181353
0.0011091182
0.0011001737
0.0010913014
0.0010825006
0.0010737708
0.0010651114
0.0010565219
0.0010480016
0.0010395500
0.0010311666
0.0010228508
0.0010146020
0.0010064198
0.0009983035
0.0009902527
0.2218017549
