0.0072259747
0.0071679583
0.0071104078
0.0070533193
0.0069966892
0.0069405138
0.0068847893
0.0068295123
0.0067746791
0.0067202862
0.0066663299
0.0066128069
0.0065597136
0.0065070466
0.0064548024
0.0064029777
0.0063515691
0.0063005732
0.0062499868
0.0061998065
0.0061500291
0.0061006514
0.0060516701
0.0060030821
0.0059548842
0.0059070732
0.0058596462
0.0058125999
0.0057659313
0.0057196375
0.0056737153
0.0056281618
0.0055829741
0.0055381492
0.0054936842
0.0054495761
0.0054058222
0.0053624196
0.0053193655
0.0052766571
0.0052342915
0.0051922661
0.0051505782
0.0051092249
0.0050682036
0.0050275117
0.0049871465
0.0049471054
0.0049073858
0.0048679851
0.0048289007
0.0047901301
0.0047516709
0.0047135204
0.0046756762
0.0046381358
0.0046008969
0.0045639569
0.0045273135
0.0044909644
0.0044549070
0.0044191392
0.0043836585
0.0043484628
0.0043135496
0.0042789167
0.0042445618
0.0042104828
0.0041766775
0.0041431435
0.0041098788
0.0040768811
0.0040441484
0.0040116785
0.0039794693
0.0039475187
0.0039158246
0.0038843850
0.0038531978
0.0038222610
0.0037915726
0.0037611306
0.0037309330
0.0037009779
0.0036712633
0.0036417872
0.0036125478
0.0035835432
0.0035547714
0.0035262306
0.0034979190
0.0034698347
0.0034419759
0.0034143407
0.0033869275
0.0033597343
0.0033327595
0.0033060012
0.0032794578
0.0032531275
0.0032270086
0.0032010994
0.0031753982
0.0031499033
0.0031246132
0.0030995261
0.0030746405
0.0030499546
0.0030254669
0.0030011759
0.0029770799
0.0029531773
0.0029294667
0.0029059464
0.0028826149
0.0028594708
0.0028365125
0.0028137386
0.0027911475
0.0027687377
0.0027465079
0.0027244566
0.0027025823
0.0026808836
0.0026593592
0.0026380076
0.0026168274
0.0025958172
0.0025749758
0.0025543017
0.0025337935
0.0025134501
0.0024932699
0.0024732518
0.0024533944
0.0024336964
0.0024141566
0.0023947737
0.0023755464
0.0023564735
0.0023375537
0.0023187858
0.0023001686
0.0022817008
0.0022633814
0.0022452090
0.0022271825
0.0022093008
0.0021915626
0.0021739669
0.0021565124
0.0021391981
0.0021220227
0.0021049853
0.0020880847
0.0020713197
0.0020546894
0.0020381926
0.0020218282
0.0020055952
0.0019894926
0.0019735192
0.0019576741
0.0019419562
0.0019263645
0.0019108980
0.0018955557
0.0018803365
0.0018652396
0.0018502638
0.0018354083
0.0018206721
0.0018060542
0.0017915536
0.0017771695
0.0017629008
0.0017487467
0.0017347063
0.0017207786
0.0017069627
0.0016932577
0.0016796628
0.0016661770
0.0016527995
0.0016395294
0.0016263659
0.0016133080
0.0016003550
0.0015875059
0.0015747601
0.0015621165
0.0015495745
0.0015371332
0.0015247918
0.0015125494
0.0015004054
0.0014883588
0.0014764090
0.0014645551
0.0014527964
0.0014411321
0.0014295615
0.0014180837
0.0014066981
0.0013954039
0.0013842004
0.0013730869
0.0013620626
0.0013511268
0.0013402787
0.0013295178
0.0013188433
0.0013082545
0.0012977507
0.0012873313
0.0012769955
0.0012667426
0.0012565721
0.0012464833
0.0012364755
0.0012265480
0.0012167002
0.0012069315
0.0011972412
0.0011876287
0.0011780934
0.0011686346
0.0011592518
0.0011499444
0.0011407116
0.0011315530
0.0011224679
0.0011134558
0.0011045160
0.0010956480
0.0010868512
0.0010781250
0.0010694689
0.0010608823
0.0010523646
0.0010439153
0.0010355339
0.0010272197
0.0010189723
0.0010107911
0.0010026756
0.0009946253
0.0009866396
0.2218999821
