0.0346777054
0.0333415462
0.0320568703
0.0308216940
0.0296341099
0.0284922845
0.0273944544
0.0263389246
0.0253240652
0.0243483091
0.0234101497
0.0225081383
0.0216408821
0.0208070419
0.0200053303
0.0192345092
0.0184933885
0.0177808238
0.0170957147
0.0164370034
0.0158036728
0.0151947449
0.0146092794
0.0140463725
0.0135051547
0.0129847905
0.0124844764
0.0120034397
0.0115409378
0.0110962564
0.0106687089
0.0102576352
0.0098624005
0.0094823945
0.0091170304
0.0087657441
0.0084279931
0.0081032559
0.0077910311
0.0074908366
0.0072022088
0.0069247020
0.0066578878
0.0064013542
0.0061547050
0.0059175594
0.0056895512
0.0054703283
0.0052595523
0.0050568976
0.2261861530
