0.0142627736
0.0140367439
0.0138142962
0.0135953738
0.0133799208
0.0131678821
0.0129592038
0.0127538325
0.0125517158
0.0123528021
0.0121570408
0.0119643817
0.0117747759
0.0115881748
0.0114045309
0.0112237973
0.0110459279
0.0108708773
0.0106986007
0.0105290544
0.0103621949
0.0101979798
0.0100363670
0.0098773154
0.0097207844
0.0095667340
0.0094151250
0.0092659185
0.0091190766
0.0089745618
0.0088323372
0.0086923665
0.0085546140
0.0084190445
0.0082856235
0.0081543169
0.0080250911
0.0078979133
0.0077727509
0.0076495720
0.0075283452
0.0074090396
0.0072916246
0.0071760704
0.0070623475
0.0069504267
0.0068402797
0.0067318781
0.0066251945
0.0065202016
0.0064168725
0.0063151810
0.0062151010
0.0061166070
0.0060196739
0.0059242770
0.0058303918
0.0057379945
0.0056470615
0.0055575696
0.0054694958
0.0053828179
0.0052975135
0.0052135610
0.0051309390
0.0050496263
0.0049696022
0.0048908463
0.0048133385
0.0047370590
0.0046619883
0.0045881073
0.0045153972
0.0044438393
0.0043734154
0.0043041076
0.0042358982
0.0041687697
0.0041027050
0.0040376873
0.0039736999
0.0039107266
0.0038487512
0.0037877581
0.0037277315
0.0036686561
0.0036105170
0.0035532993
0.0034969883
0.0034415696
0.0033870293
0.0033333532
0.0032805278
0.0032285396
0.0031773752
0.0031270217
0.0030774661
0.0030286959
0.0029806986
0.0029334619
0.0028869737
0.0028412224
0.0027961960
0.0027518832
0.0027082727
0.0026653533
0.0026231140
0.0025815441
0.0025406330
0.0025003703
0.0024607456
0.0024217489
0.0023833702
0.0023455996
0.0023084277
0.0022718448
0.0022358417
0.0022004091
0.0021655381
0.0021312197
0.0020974451
0.0020642058
0.0020314932
0.0019992991
0.0019676152
0.2221915202
