0.0340223345
0.0327362020
0.0314986886
0.0303079565
0.0291622371
0.0280598289
0.0269990946
0.0259784588
0.0249964057
0.0240514767
0.0231422685
0.0222674307
0.0214256641
0.0206157184
0.0198363908
0.0190865237
0.0183650036
0.0176707589
0.0170027583
0.0163600100
0.0157415592
0.0151464874
0.0145739109
0.0140229793
0.0134928743
0.0129828086
0.0124920248
0.0120197938
0.0115654145
0.0111282118
0.0107075365
0.0103027639
0.0099132927
0.0095385445
0.0091779628
0.0088310120
0.0084971768
0.0081759615
0.0078668889
0.0075695001
0.0072833534
0.0070080237
0.0067431023
0.0064881955
0.0062429249
0.0060069261
0.0057798487
0.0055613555
0.0053511218
0.0051488355
0.0049541962
0.2261002019
