0.0113206045
0.0111782089
0.0110376043
0.0108987684
0.0107616788
0.0106263135
0.0104926510
0.0103606697
0.0102303485
0.0101016666
0.0099746033
0.0098491383
0.0097252514
0.0096029228
0.0094821329
0.0093628624
0.0092450921
0.0091288032
0.0090139770
0.0089005951
0.0087886395
0.0086780920
0.0085689351
0.0084611511
0.0083547230
0.0082496335
0.0081458659
0.0080434036
0.0079422300
0.0078423291
0.0077436847
0.0076462812
0.0075501028
0.0074551342
0.0073613602
0.0072687657
0.0071773359
0.0070870562
0.0069979120
0.0069098891
0.0068229734
0.0067371510
0.0066524081
0.0065687311
0.0064861066
0.0064045215
0.0063239625
0.0062444169
0.0061658718
0.0060883147
0.0060117331
0.0059361148
0.0058614477
0.0057877198
0.0057149193
0.0056430344
0.0055720538
0.0055019660
0.0054327598
0.0053644241
0.0052969480
0.0052303206
0.0051645313
0.0050995695
0.0050354248
0.0049720870
0.0049095458
0.0048477913
0.0047868136
0.0047266029
0.0046671496
0.0046084441
0.0045504770
0.0044932391
0.0044367211
0.0043809140
0.0043258089
0.0042713970
0.0042176694
0.0041646177
0.0041122332
0.0040605077
0.0040094328
0.0039590004
0.0039092023
0.0038600306
0.0038114774
0.0037635349
0.0037161955
0.0036694515
0.0036232955
0.0035777200
0.0035327179
0.0034882818
0.0034444046
0.0034010793
0.0033582990
0.0033160568
0.0032743460
0.0032331598
0.0031924916
0.0031523350
0.0031126836
0.0030735308
0.0030348706
0.0029966966
0.0029590028
0.0029217831
0.0028850316
0.0028487424
0.0028129096
0.0027775276
0.0027425906
0.0027080931
0.0026740295
0.0026403943
0.0026071823
0.0025743879
0.0025420061
0.0025100316
0.0024784593
0.0024472842
0.0024165011
0.0023861053
0.0023560918
0.0023264558
0.0022971926
0.0022682975
0.0022397658
0.0022115930
0.0021837746
0.0021563061
0.0021291831
0.0021024013
0.0020759564
0.0020498440
0.0020240602
0.0019986006
0.0019734613
0.0019486383
0.0019241274
0.0018999249
0.0018760268
0.0018524293
0.0018291286
0.0018061210
0.0017834028
0.0017609703
0.0017388201
0.0017169484
0.0016953518
0.0016740269
0.0016529703
0.0016321785
0.0016116482
0.0015913762
0.0015713591
0.0015515939
0.2218017549
