0.0304024641
0.0293754532
0.0283831353
0.0274243383
0.0264979300
0.0256028163
0.0247379399
0.0239022796
0.0230948482
0.0223146924
0.0215608905
0.0208325525
0.0201288182
0.0194488563
0.0187918639
0.0181570651
0.0175437100
0.0169510745
0.0163784584
0.0158251857
0.0152906027
0.0147740783
0.0142750023
0.0137927854
0.0133268580
0.0128766698
0.0124416893
0.0120214026
0.0116153134
0.0112229421
0.0108438254
0.0104775154
0.0101235795
0.0097815997
0.0094511723
0.0091319068
0.0088234263
0.0085253664
0.0082373751
0.0079591123
0.0076902494
0.0074304688
0.0071794637
0.0069369378
0.0067026044
0.0064761870
0.0062574181
0.0060460392
0.0058418009
0.0056444619
0.0054537890
0.0052695572
0.0050915489
0.0049195537
0.0047533687
0.0045927974
0.0044376504
0.0042877442
0.2226417637
