0.0341514197
0.0328555091
0.0316087733
0.0304093461
0.0292554324
0.0281453051
0.0270773027
0.0260498268
0.0250613395
0.0241103614
0.0231954691
0.0223152933
0.0214685167
0.0206538719
0.0198701396
0.0191161469
0.0183907651
0.0176929088
0.0170215333
0.0163756338
0.0157542436
0.0151564328
0.0145813064
0.0140280039
0.0134956969
0.0129835889
0.0124909134
0.0120169329
0.0115609381
0.0111222465
0.0107002015
0.0102941714
0.0099035485
0.0095277483
0.0091662081
0.0088183870
0.0084837643
0.0081618392
0.0078521299
0.0075541728
0.0072675220
0.0069917484
0.0067264394
0.0064711978
0.0062256415
0.0059894032
0.0057621292
0.0055434793
0.0053331263
0.0051307554
0.0049360636
0.2251451254
