0.0126937232
0.0125146892
0.0123381803
0.0121641609
0.0119925959
0.0118234507
0.0116566911
0.0114922836
0.0113301948
0.0111703922
0.0110128435
0.0108575168
0.0107043809
0.0105534049
0.0104045582
0.0102578109
0.0101131333
0.0099704963
0.0098298711
0.0096912292
0.0095545428
0.0094197842
0.0092869263
0.0091559422
0.0090268055
0.0088994902
0.0087739706
0.0086502213
0.0085282174
0.0084079343
0.0082893476
0.0081724335
0.0080571684
0.0079435290
0.0078314924
0.0077210359
0.0076121374
0.0075047748
0.0073989264
0.0072945709
0.0071916873
0.0070902548
0.0069902528
0.0068916613
0.0067944604
0.0066986304
0.0066041520
0.0065110061
0.0064191740
0.0063286371
0.0062393772
0.0061513761
0.0060646163
0.0059790801
0.0058947503
0.0058116100
0.0057296422
0.0056488306
0.0055691587
0.0054906105
0.0054131702
0.0053368221
0.0052615508
0.0051873412
0.0051141782
0.0050420471
0.0049709334
0.0049008227
0.0048317008
0.0047635539
0.0046963680
0.0046301298
0.0045648258
0.0045004429
0.0044369680
0.0043743884
0.0043126915
0.0042518647
0.0041918958
0.0041327727
0.0040744835
0.0040170165
0.0039603599
0.0039045025
0.0038494328
0.0037951399
0.0037416127
0.0036888405
0.0036368126
0.0035855185
0.0035349478
0.0034850905
0.0034359363
0.0033874753
0.0033396979
0.0032925944
0.0032461552
0.0032003710
0.0031552325
0.0031107307
0.0030668565
0.0030236011
0.0029809558
0.0029389120
0.0028974612
0.0028565950
0.0028163052
0.0027765837
0.0027374223
0.0026988134
0.0026607489
0.0026232214
0.0025862231
0.0025497466
0.0025137847
0.0024783299
0.0024433752
0.0024089135
0.0023749379
0.0023414414
0.0023084174
0.0022758592
0.0022437601
0.0022121138
0.0021809139
0.0021501540
0.0021198279
0.0020899296
0.0020604529
0.0020313920
0.0020027410
0.0019744940
0.0019466455
0.0019191897
0.0018921212
0.0018654345
0.0018391241
0.0018131849
0.0017876115
0.0017623988
0.2231937599
