0.0143423235
0.0141137655
0.0138888497
0.0136675182
0.0134497138
0.0132353803
0.0130244624
0.0128169056
0.0126126565
0.0124116623
0.0122138711
0.0120192319
0.0118276944
0.0116392093
0.0114537279
0.0112712022
0.0110915853
0.0109148307
0.0107408929
0.0105697270
0.0104012887
0.0102355346
0.0100724220
0.0099119088
0.0097539534
0.0095985153
0.0094455541
0.0092950306
0.0091469058
0.0090011415
0.0088577000
0.0087165445
0.0085776384
0.0084409459
0.0083064317
0.0081740611
0.0080437999
0.0079156146
0.0077894721
0.0076653397
0.0075431855
0.0074229779
0.0073046860
0.0071882791
0.0070737273
0.0069610010
0.0068500711
0.0067409089
0.0066334864
0.0065277757
0.0064237496
0.0063213813
0.0062206443
0.0061215126
0.0060239607
0.0059279634
0.0058334959
0.0057405338
0.0056490531
0.0055590303
0.0054704421
0.0053832656
0.0052974783
0.0052130581
0.0051299833
0.0050482323
0.0049677841
0.0048886179
0.0048107133
0.0047340502
0.0046586088
0.0045843696
0.0045113135
0.0044394216
0.0043686753
0.0042990565
0.0042305471
0.0041631294
0.0040967862
0.0040315001
0.0039672545
0.0039040327
0.0038418183
0.0037805954
0.0037203482
0.0036610610
0.0036027187
0.0035453061
0.0034888084
0.0034332110
0.0033784996
0.0033246602
0.0032716787
0.0032195415
0.0031682351
0.0031177464
0.0030680623
0.0030191699
0.0029710566
0.0029237101
0.0028771181
0.0028312686
0.0027861498
0.0027417499
0.0026980576
0.0026550616
0.0026127508
0.0025711142
0.0025301412
0.0024898210
0.0024501435
0.0024110982
0.0023726751
0.0023348644
0.0022976562
0.0022610409
0.0022250092
0.0021895516
0.0021546591
0.0021203226
0.0020865334
0.0020532825
0.0020205616
0.0019883621
0.2227840218
