0.0296513088
0.0286744198
0.0277297153
0.0268161349
0.0259326532
0.0250782787
0.0242520522
0.0234530466
0.0226803649
0.0219331399
0.0212105329
0.0205117328
0.0198359553
0.0191824420
0.0185504592
0.0179392976
0.0173482713
0.0167767169
0.0162239929
0.0156894789
0.0151725749
0.0146727008
0.0141892955
0.0137218164
0.0132697388
0.0128325554
0.0124097753
0.0120009241
0.0116055429
0.0112231878
0.0108534298
0.0104958538
0.0101500585
0.0098156557
0.0094922701
0.0091795387
0.0088771106
0.0085846462
0.0083018173
0.0080283065
0.0077638067
0.0075080211
0.0072606626
0.0070214535
0.0067901254
0.0065664187
0.0063500821
0.0061408729
0.0059385564
0.0057429053
0.0055537001
0.0053707285
0.0051937850
0.0050226711
0.0048571947
0.0046971700
0.0045424175
0.0043927635
0.0042480400
0.2246918320
