0.0376512937
0.0360761604
0.0345669225
0.0331208232
0.0317352212
0.0304075855
0.0291354911
0.0279166145
0.0267487294
0.0256297024
0.0245574897
0.0235301327
0.0225457550
0.0216025585
0.0206988204
0.0198328900
0.0190031856
0.0182081917
0.0174464562
0.0167165877
0.0160172531
0.0153471750
0.0147051294
0.0140899437
0.0135004941
0.0129357041
0.0123945419
0.0118760190
0.0113791885
0.0109031428
0.0104470123
0.0100099639
0.0095911994
0.0091899537
0.0088054941
0.0084371183
0.0080841534
0.0077459547
0.0074219045
0.0071114108
0.0068139065
0.0065288483
0.0062557155
0.0059940090
0.0057432510
0.0055029834
0.2260379179
