0.0123879655
0.0122174525
0.0120492865
0.0118834352
0.0117198668
0.0115585498
0.0113994532
0.0112425465
0.0110877996
0.0109351826
0.0107846663
0.0106362218
0.0104898205
0.0103454343
0.0102030356
0.0100625968
0.0099240912
0.0097874920
0.0096527729
0.0095199083
0.0093888724
0.0092596401
0.0091321867
0.0090064876
0.0088825186
0.0087602560
0.0086396763
0.0085207563
0.0084034731
0.0082878043
0.0081737276
0.0080612211
0.0079502632
0.0078408325
0.0077329081
0.0076264692
0.0075214954
0.0074179665
0.0073158626
0.0072151641
0.0071158516
0.0070179062
0.0069213089
0.0068260412
0.0067320848
0.0066394216
0.0065480339
0.0064579041
0.0063690149
0.0062813492
0.0061948901
0.0061096212
0.0060255259
0.0059425881
0.0058607919
0.0057801216
0.0057005616
0.0056220968
0.0055447119
0.0054683923
0.0053931231
0.0053188900
0.0052456786
0.0051734750
0.0051022652
0.0050320355
0.0049627725
0.0048944629
0.0048270935
0.0047606515
0.0046951239
0.0046304983
0.0045667623
0.0045039035
0.0044419099
0.0043807697
0.0043204710
0.0042610023
0.0042023521
0.0041445092
0.0040874625
0.0040312010
0.0039757139
0.0039209906
0.0038670205
0.0038137932
0.0037612986
0.0037095266
0.0036584672
0.0036081105
0.0035584471
0.0035094671
0.0034611614
0.0034135206
0.0033665355
0.0033201971
0.0032744966
0.0032294251
0.0031849740
0.0031411347
0.0030978988
0.0030552581
0.0030132043
0.0029717293
0.0029308252
0.0028904842
0.0028506984
0.0028114602
0.0027727621
0.0027345967
0.0026969566
0.0026598346
0.0026232235
0.0025871164
0.0025515063
0.0025163863
0.0024817498
0.0024475900
0.0024139003
0.0023806744
0.0023479059
0.0023155883
0.0022837156
0.0022522817
0.0022212803
0.0021907057
0.0021605520
0.0021308133
0.0021014839
0.0020725582
0.0020440307
0.0020158958
0.0019881482
0.0019607825
0.0019337935
0.0019071760
0.0018809248
0.0018550350
0.0018295016
0.0018043196
0.0017794842
0.0017549906
0.0017308342
0.0017070103
0.2223092615
