0.0118108530
0.0116558572
0.0115028954
0.0113519409
0.0112029675
0.0110559490
0.0109108599
0.0107676749
0.0106263688
0.0104869172
0.0103492956
0.0102134800
0.0100794468
0.0099471725
0.0098166341
0.0096878087
0.0095606739
0.0094352076
0.0093113878
0.0091891928
0.0090686015
0.0089495927
0.0088321457
0.0087162399
0.0086018552
0.0084889716
0.0083775694
0.0082676291
0.0081591316
0.0080520580
0.0079463894
0.0078421076
0.0077391943
0.0076376315
0.0075374016
0.0074384870
0.0073408705
0.0072445350
0.0071494637
0.0070556401
0.0069630477
0.0068716705
0.0067814924
0.0066924977
0.0066046709
0.0065179967
0.0064324599
0.0063480456
0.0062647392
0.0061825259
0.0061013916
0.0060213220
0.0059423031
0.0058643213
0.0057873628
0.0057114143
0.0056364624
0.0055624941
0.0054894966
0.0054174570
0.0053463628
0.0052762016
0.0052069611
0.0051386292
0.0050711941
0.0050046440
0.0049389672
0.0048741523
0.0048101880
0.0047470630
0.0046847665
0.0046232875
0.0045626153
0.0045027394
0.0044436492
0.0043853344
0.0043277849
0.0042709906
0.0042149417
0.0041596283
0.0041050408
0.0040511697
0.0039980055
0.0039455390
0.0038937610
0.0038426625
0.0037922346
0.0037424684
0.0036933554
0.0036448869
0.0035970544
0.0035498496
0.0035032644
0.0034572904
0.0034119198
0.0033671446
0.0033229570
0.0032793493
0.0032363138
0.0031938431
0.0031519298
0.0031105665
0.0030697460
0.0030294612
0.0029897050
0.0029504706
0.0029117511
0.0028735397
0.0028358297
0.0027986147
0.0027618880
0.0027256432
0.0026898742
0.0026545745
0.0026197381
0.0025853588
0.0025514307
0.0025179478
0.0024849044
0.0024522946
0.0024201127
0.0023883531
0.0023570104
0.0023260789
0.0022955534
0.0022654284
0.0022356988
0.0022063594
0.0021774050
0.0021488305
0.0021206310
0.0020928016
0.0020653374
0.0020382337
0.0020114856
0.0019850885
0.0019590379
0.0019333291
0.0019079577
0.0018829192
0.0018582093
0.0018338237
0.0018097582
0.0017860084
0.0017625703
0.0017394398
0.0017166128
0.0016940854
0.0016718537
0.0016499136
0.0016282615
0.2224470607
