0.0139748723
0.0137578756
0.0135442483
0.0133339381
0.0131268936
0.0129230640
0.0127223993
0.0125248505
0.0123303692
0.0121389077
0.0119504192
0.0117648574
0.0115821770
0.0114023332
0.0112252819
0.0110509798
0.0108793842
0.0107104531
0.0105441451
0.0103804195
0.0102192361
0.0100605555
0.0099043389
0.0097505479
0.0095991449
0.0094500929
0.0093033553
0.0091588962
0.0090166802
0.0088766725
0.0087388387
0.0086031452
0.0084695587
0.0083380465
0.0082085763
0.0080811166
0.0079556359
0.0078321037
0.0077104896
0.0075907640
0.0074728974
0.0073568609
0.0072426263
0.0071301654
0.0070194508
0.0069104553
0.0068031523
0.0066975154
0.0065935188
0.0064911371
0.0063903451
0.0062911181
0.0061934319
0.0060972626
0.0060025865
0.0059093805
0.0058176218
0.0057272879
0.0056383566
0.0055508063
0.0054646154
0.0053797628
0.0052962278
0.0052139899
0.0051330290
0.0050533252
0.0049748590
0.0048976112
0.0048215629
0.0047466954
0.0046729905
0.0046004300
0.0045289962
0.0044586716
0.0043894389
0.0043212813
0.0042541820
0.0041881246
0.0041230930
0.0040590711
0.0039960433
0.0039339942
0.0038729086
0.0038127715
0.0037535681
0.0036952841
0.0036379051
0.0035814170
0.0035258061
0.0034710586
0.0034171613
0.0033641009
0.0033118643
0.0032604389
0.0032098120
0.0031599712
0.0031109043
0.0030625993
0.0030150444
0.0029682279
0.0029221383
0.0028767644
0.0028320951
0.0027881193
0.0027448264
0.0027022058
0.0026602469
0.0026189396
0.0025782736
0.0025382391
0.0024988263
0.0024600254
0.0024218270
0.0023842218
0.0023472005
0.0023107540
0.0022748734
0.0022395500
0.0022047751
0.0021705402
0.0021368368
0.0021036568
0.0020709920
0.0020388344
0.0020071761
0.0019760094
0.0019453266
0.2233362450
