0.0146815641
0.0144420659
0.0142064747
0.0139747266
0.0137467590
0.0135225102
0.0133019195
0.0130849273
0.0128714749
0.0126615045
0.0124549593
0.0122517834
0.0120519219
0.0118553207
0.0116619267
0.0114716874
0.0112845515
0.0111004683
0.0109193881
0.0107412617
0.0105660411
0.0103936789
0.0102241284
0.0100573437
0.0098932798
0.0097318922
0.0095731373
0.0094169722
0.0092633546
0.0091122428
0.0089635962
0.0088173744
0.0086735379
0.0085320478
0.0083928658
0.0082559542
0.0081212761
0.0079887950
0.0078584750
0.0077302808
0.0076041779
0.0074801321
0.0073581099
0.0072380781
0.0071200045
0.0070038569
0.0068896040
0.0067772150
0.0066666593
0.0065579071
0.0064509289
0.0063456959
0.0062421795
0.0061403518
0.0060401852
0.0059416525
0.0058447273
0.0057493831
0.0056555943
0.0055633354
0.0054725816
0.0053833082
0.0052954911
0.0052091065
0.0051241312
0.0050405420
0.0049583164
0.0048774321
0.0047978673
0.0047196004
0.0046426103
0.0045668761
0.0044923773
0.0044190939
0.0043470059
0.0042760938
0.0042063385
0.0041377212
0.0040702231
0.0040038262
0.0039385124
0.0038742640
0.0038110638
0.0037488944
0.0036877393
0.0036275818
0.0035684056
0.0035101947
0.0034529334
0.0033966063
0.0033411979
0.0032866935
0.0032330781
0.0031803374
0.0031284571
0.0030774230
0.0030272215
0.0029778389
0.0029292618
0.0028814772
0.0028344721
0.0027882338
0.0027427498
0.0026980077
0.0026539955
0.0026107013
0.0025681133
0.0025262201
0.0024850102
0.0024444726
0.0024045963
0.0023653705
0.0023267846
0.0022888281
0.0022514908
0.0022147625
0.0021786335
0.0021430937
0.0021081338
0.0020737441
0.0020399154
0.2230096963
