0.0072434215
0.0071851247
0.0071272970
0.0070699348
0.0070130342
0.0069565916
0.0069006032
0.0068450655
0.0067899747
0.0067353273
0.0066811197
0.0066273484
0.0065740099
0.0065211007
0.0064686172
0.0064165562
0.0063649142
0.0063136878
0.0062628737
0.0062124685
0.0061624690
0.0061128720
0.0060636741
0.0060148721
0.0059664630
0.0059184434
0.0058708103
0.0058235606
0.0057766911
0.0057301989
0.0056840809
0.0056383340
0.0055929553
0.0055479418
0.0055032906
0.0054589988
0.0054150634
0.0053714816
0.0053282506
0.0052853676
0.0052428296
0.0052006340
0.0051587780
0.0051172589
0.0050760740
0.0050352205
0.0049946958
0.0049544972
0.0049146222
0.0048750681
0.0048358324
0.0047969124
0.0047583057
0.0047200097
0.0046820219
0.0046443398
0.0046069610
0.0045698831
0.0045331035
0.0044966200
0.0044604301
0.0044245314
0.0043889217
0.0043535986
0.0043185598
0.0042838029
0.0042493258
0.0042151262
0.0041812019
0.0041475505
0.0041141700
0.0040810581
0.0040482128
0.0040156318
0.0039833130
0.0039512543
0.0039194536
0.0038879089
0.0038566181
0.0038255790
0.0037947898
0.0037642484
0.0037339528
0.0037039011
0.0036740912
0.0036445212
0.0036151892
0.0035860932
0.0035572315
0.0035286020
0.0035002029
0.0034720325
0.0034440887
0.0034163698
0.0033888740
0.0033615995
0.0033345445
0.0033077073
0.0032810861
0.0032546791
0.0032284846
0.0032025010
0.0031767265
0.0031511594
0.0031257981
0.0031006409
0.0030756862
0.0030509323
0.0030263776
0.0030020206
0.0029778596
0.0029538931
0.0029301194
0.0029065371
0.0028831446
0.0028599403
0.0028369228
0.0028140905
0.0027914420
0.0027689758
0.0027466904
0.0027245844
0.0027026563
0.0026809046
0.0026593280
0.0026379251
0.0026166944
0.0025956346
0.0025747443
0.0025540222
0.0025334668
0.0025130768
0.0024928509
0.0024727879
0.0024528863
0.0024331448
0.0024135623
0.0023941373
0.0023748687
0.0023557552
0.0023367955
0.0023179884
0.0022993327
0.0022808271
0.0022624704
0.0022442615
0.0022261991
0.0022082821
0.0021905093
0.0021728796
0.0021553917
0.0021380446
0.0021208371
0.0021037680
0.0020868364
0.0020700410
0.0020533808
0.0020368547
0.0020204616
0.0020042004
0.0019880701
0.0019720697
0.0019561980
0.0019404540
0.0019248367
0.0019093452
0.0018939783
0.0018787351
0.0018636146
0.0018486157
0.0018337376
0.0018189793
0.0018043397
0.0017898179
0.0017754130
0.0017611240
0.0017469501
0.0017328902
0.0017189435
0.0017051090
0.0016913859
0.0016777732
0.0016642700
0.0016508756
0.0016375889
0.0016244092
0.0016113356
0.0015983671
0.0015855031
0.0015727426
0.0015600847
0.0015475288
0.0015350739
0.0015227193
0.0015104640
0.0014983074
0.0014862487
0.0014742870
0.0014624216
0.0014506517
0.0014389765
0.0014273952
0.0014159072
0.0014045116
0.0013932078
0.0013819949
0.0013708722
0.0013598391
0.0013488948
0.0013380386
0.0013272697
0.0013165875
0.0013059913
0.0012954804
0.0012850540
0.0012747116
0.0012644524
0.0012542758
0.0012441810
0.0012341676
0.0012242347
0.0012143817
0.0012046081
0.0011949131
0.0011852962
0.0011757566
0.0011662938
0.0011569072
0.0011475961
0.0011383600
0.0011291982
0.0011201101
0.0011110952
0.0011021528
0.0010932824
0.0010844834
0.0010757552
0.0010670973
0.0010585090
0.0010499899
0.0010415393
0.0010331568
0.0010248417
0.0010165935
0.0010084117
0.0010002957
0.0009922451
0.2222948788
