0.0372616442
0.0357189441
0.0342401146
0.0328225113
0.0314635993
0.0301609488
0.0289122304
0.0277152113
0.0265677509
0.0254677975
0.0244133841
0.0234026254
0.0224337140
0.0215049172
0.0206145744
0.0197610933
0.0189429480
0.0181586753
0.0174068730
0.0166861966
0.0159953576
0.0153331206
0.0146983014
0.0140897649
0.0135064228
0.0129472323
0.0124111932
0.0118973471
0.0114047752
0.0109325967
0.0104799672
0.0100460774
0.0096301515
0.0092314456
0.0088492469
0.0084828719
0.0081316655
0.0077949997
0.0074722725
0.0071629067
0.0068663493
0.0065820699
0.0063095602
0.0060483329
0.0057979208
0.0055578763
0.0053277701
0.2233566500
