0.0021055085
0.0021005827
0.0020956685
0.0020907658
0.0020858745
0.0020809947
0.0020761263
0.0020712693
0.0020664237
0.0020615894
0.0020567664
0.0020519547
0.0020471542
0.0020423650
0.0020375870
0.0020328201
0.0020280645
0.0020233199
0.0020185864
0.0020138640
0.0020091527
0.0020044524
0.0019997631
0.0019950847
0.0019904173
0.0019857608
0.0019811152
0.0019764805
0.0019718566
0.0019672435
0.0019626413
0.0019580497
0.0019534690
0.0019488989
0.0019443396
0.0019397909
0.0019352528
0.0019307254
0.0019262085
0.0019217023
0.0019172065
0.0019127213
0.0019082466
0.0019037823
0.0018993285
0.0018948851
0.0018904521
0.0018860295
0.0018816172
0.0018772153
0.0018728236
0.0018684422
0.0018640711
0.0018597102
0.0018553595
0.0018510190
0.0018466886
0.0018423683
0.0018380582
0.0018337582
0.0018294682
0.0018251882
0.0018209183
0.0018166583
0.0018124083
0.0018081683
0.0018039382
0.0017997179
0.0017955076
0.0017913071
0.0017871164
0.0017829355
0.0017787644
0.0017746031
0.0017704515
0.0017663096
0.0017621774
0.0017580548
0.0017539420
0.0017498387
0.0017457450
0.0017416609
0.0017375864
0.0017335214
0.0017294659
0.0017254199
0.0017213834
0.0017173563
0.0017133386
0.0017093303
0.0017053314
0.0017013419
0.0016973617
0.0016933908
0.0016894291
0.0016854768
0.0016815337
0.0016775998
0.0016736752
0.0016697597
0.0016658534
0.0016619562
0.0016580681
0.0016541891
0.0016503192
0.0016464584
0.0016426066
0.0016387638
0.0016349300
0.0016311051
0.0016272892
0.0016234823
0.0016196842
0.0016158950
0.0016121147
0.0016083432
0.0016045806
0.0016008267
0.0015970817
0.0015933454
0.0015896178
0.0015858990
0.0015821889
0.0015784874
0.0015747946
0.0015711104
0.0015674349
0.0015637680
0.0015601096
0.0015564598
0.0015528185
0.0015491858
0.0015455615
0.0015419458
0.0015383384
0.0015347396
0.0015311491
0.0015275671
0.0015239934
0.0015204281
0.0015168711
0.0015133225
0.0015097821
0.0015062500
0.0015027262
0.0014992107
0.0014957034
0.0014922042
0.0014887133
0.0014852305
0.0014817559
0.0014782894
0.0014748310
0.0014713807
0.0014679385
0.0014645043
0.0014610781
0.0014576600
0.0014542499
0.0014508477
0.0014474536
0.0014440673
0.0014406890
0.0014373185
0.0014339560
0.0014306013
0.0014272545
0.0014239155
0.0014205843
0.0014172609
0.0014139453
0.0014106375
0.0014073373
0.0014040449
0.0014007602
0.0013974832
0.0013942139
0.0013909522
0.0013876981
0.0013844517
0.0013812128
0.0013779815
0.0013747578
0.0013715416
0.0013683329
0.0013651318
0.0013619381
0.0013587519
0.0013555732
0.0013524019
0.0013492380
0.0013460815
0.0013429324
0.0013397907
0.0013366563
0.0013335293
0.0013304096
0.0013272971
0.0013241920
0.0013210941
0.0013180035
0.0013149200
0.0013118439
0.0013087749
0.0013057130
0.0013026584
0.0012996109
0.0012965705
0.0012935372
0.0012905111
0.0012874920
0.0012844799
0.0012814750
0.0012784770
0.0012754861
0.0012725021
0.0012695252
0.0012665552
0.0012635921
0.0012606360
0.0012576868
0.0012547445
0.0012518091
0.0012488805
0.0012459588
0.0012430440
0.0012401359
0.0012372347
0.0012343402
0.0012314526
0.0012285716
0.0012256974
0.0012228300
0.0012199692
0.0012171152
0.0012142678
0.0012114271
0.0012085930
0.0012057655
0.0012029447
0.0012001305
0.0011973228
0.0011945217
0.0011917272
0.0011889392
0.0011861577
0.0011833828
0.0011806143
0.0011778523
0.0011750968
0.0011723477
0.0011696051
0.0011668688
0.0011641390
0.0011614155
0.0011586985
0.0011559877
0.0011532834
0.0011505853
0.0011478936
0.0011452081
0.0011425290
0.0011398561
0.0011371894
0.0011345290
0.0011318748
0.0011292269
0.0011265851
0.0011239495
0.0011213201
0.0011186968
0.0011160797
0.0011134686
0.0011108637
0.0011082649
0.0011056722
0.0011030855
0.0011005049
0.0010979303
0.0010953618
0.0010927992
0.0010902427
0.0010876921
0.0010851475
0.0010826088
0.0010800761
0.0010775493
0.0010750284
0.0010725135
0.0010700044
0.0010675011
0.0010650038
0.0010625122
0.0010600266
0.0010575467
0.0010550726
0.0010526043
0.0010501418
0.0010476850
0.0010452340
0.0010427887
0.0010403492
0.0010379153
0.0010354872
0.0010330647
0.0010306479
0.0010282367
0.0010258312
0.0010234313
0.0010210371
0.0010186484
0.0010162653
0.0010138878
0.0010115159
0.0010091495
0.0010067886
0.0010044333
0.0010020835
0.0009997391
0.0009974003
0.0009950669
0.0009927390
0.0009904165
0.0009880995
0.0009857879
0.0009834817
0.0009811809
0.0009788854
0.0009765954
0.0009743107
0.0009720313
0.0009697573
0.0009674886
0.0009652252
0.0009629671
0.0009607143
0.0009584667
0.0009562245
0.0009539874
0.0009517556
0.0009495290
0.0009473076
0.0009450915
0.0009428805
0.0009406746
0.0009384740
0.0009362784
0.0009340881
0.0009319028
0.0009297227
0.0009275476
0.0009253777
0.0009232128
0.0009210530
0.0009188982
0.0009167485
0.0009146038
0.0009124641
0.0009103295
0.0009081998
0.0009060751
0.0009039554
0.0009018406
0.0008997308
0.0008976259
0.0008955260
0.0008934309
0.0008913408
0.0008892555
0.0008871752
0.0008850997
0.0008830290
0.0008809632
0.0008789022
0.0008768461
0.0008747947
0.0008727482
0.0008707064
0.0008686695
0.0008666373
0.0008646098
0.0008625871
0.0008605691
0.0008585558
0.0008565473
0.0008545434
0.0008525443
0.0008505498
0.0008485600
0.0008465748
0.0008445943
0.0008426184
0.0008406471
0.0008386805
0.0008367184
0.0008347609
0.0008328081
0.0008308597
0.0008289160
0.0008269768
0.0008250421
0.0008231119
0.0008211863
0.0008192652
0.0008173486
0.0008154364
0.0008135287
0.0008116255
0.0008097268
0.0008078324
0.0008059426
0.0008040571
0.0008021760
0.0008002994
0.0007984271
0.0007965592
0.0007946957
0.0007928366
0.0007909818
0.0007891313
0.0007872852
0.0007854433
0.0007836058
0.0007817726
0.0007799437
0.0007781191
0.0007762987
0.0007744826
0.0007726707
0.0007708631
0.0007690597
0.0007672605
0.0007654655
0.0007636748
0.0007618882
0.0007601058
0.0007583275
0.0007565535
0.0007547835
0.0007530178
0.0007512561
0.0007494986
0.0007477452
0.0007459959
0.0007442506
0.0007425095
0.0007407724
0.0007390394
0.0007373105
0.0007355856
0.0007338647
0.0007321479
0.0007304350
0.0007287262
0.0007270214
0.0007253206
0.0007236237
0.0007219308
0.0007202419
0.0007185569
0.0007168759
0.0007151988
0.0007135256
0.0007118564
0.0007101910
0.0007085295
0.0007068720
0.0007052183
0.0007035685
0.0007019225
0.0007002804
0.0006986421
0.0006970077
0.0006953770
0.0006937502
0.0006921272
0.0006905080
0.0006888926
0.0006872810
0.0006856731
0.0006840690
0.0006824687
0.0006808721
0.0006792792
0.0006776901
0.0006761046
0.0006745229
0.0006729449
0.0006713706
0.0006698000
0.0006682330
0.0006666697
0.0006651100
0.0006635540
0.0006620017
0.0006604530
0.0006589079
0.0006573664
0.0006558285
0.0006542942
0.0006527635
0.0006512364
0.0006497129
0.0006481929
0.0006466765
0.0006451636
0.0006436543
0.0006421485
0.0006406462
0.0006391475
0.0006376522
0.0006361604
0.0006346722
0.0006331874
0.0006317061
0.0006302282
0.0006287538
0.0006272829
0.0006258154
0.0006243513
0.0006228907
0.0006214335
0.0006199797
0.0006185292
0.0006170822
0.0006156386
0.0006141983
0.0006127614
0.0006113279
0.0006098977
0.0006084709
0.0006070474
0.0006056273
0.0006042104
0.0006027969
0.0006013867
0.0005999798
0.0005985761
0.0005971758
0.0005957787
0.0005943849
0.0005929944
0.0005916071
0.0005902231
0.0005888423
0.0005874647
0.0005860904
0.0005847192
0.0005833513
0.0005819866
0.0005806251
0.0005792667
0.0005779115
0.0005765595
0.0005752107
0.0005738650
0.0005725225
0.0005711831
0.0005698469
0.0005685137
0.0005671837
0.0005658568
0.0005645330
0.0005632123
0.0005618947
0.0005605802
0.0005592687
0.0005579604
0.0005566550
0.0005553528
0.0005540535
0.0005527574
0.0005514642
0.0005501741
0.0005488870
0.0005476029
0.0005463218
0.0005450437
0.0005437686
0.0005424965
0.0005412273
0.0005399611
0.0005386979
0.0005374377
0.0005361804
0.0005349260
0.0005336746
0.0005324260
0.0005311805
0.0005299378
0.0005286980
0.0005274612
0.0005262272
0.0005249961
0.0005237679
0.0005225426
0.0005213201
0.0005201005
0.0005188838
0.0005176698
0.0005164588
0.0005152505
0.0005140451
0.0005128426
0.0005116428
0.0005104458
0.0005092517
0.0005080603
0.0005068717
0.0005056859
0.0005045029
0.0005033226
0.0005021451
0.0005009704
0.0004997984
0.0004986291
0.0004974626
0.0004962988
0.0004951377
0.0004939794
0.0004928237
0.0004916708
0.0004905206
0.0004893730
0.0004882281
0.0004870860
0.0004859464
0.0004848096
0.0004836754
0.0004825439
0.0004814150
0.0004802887
0.0004791651
0.0004780441
0.0004769258
0.0004758100
0.0004746969
0.0004735864
0.0004724784
0.0004713731
0.0004702703
0.0004691702
0.0004680726
0.0004669775
0.0004658850
0.0004647951
0.0004637078
0.0004626229
0.0004615407
0.0004604609
0.0004593837
0.0004583090
0.0004572368
0.0004561671
0.0004550999
0.0004540352
0.0004529730
0.0004519133
0.0004508561
0.0004498013
0.0004487490
0.0004476992
0.0004466518
0.0004456069
0.0004445644
0.0004435244
0.0004424868
0.0004414516
0.0004404189
0.0004393885
0.0004383606
0.0004373351
0.0004363119
0.0004352912
0.0004342729
0.0004332569
0.0004322433
0.0004312321
0.0004302233
0.0004292168
0.0004282126
0.0004272109
0.0004262114
0.0004252143
0.0004242196
0.0004232271
0.0004222370
0.0004212492
0.0004202637
0.0004192805
0.0004182996
0.0004173210
0.0004163447
0.0004153707
0.0004143990
0.0004134295
0.0004124623
0.0004114974
0.0004105347
0.0004095743
0.0004086161
0.0004076601
0.0004067064
0.0004057550
0.0004048057
0.0004038587
0.0004029139
0.0004019713
0.0004010309
0.0004000927
0.0003991567
0.0003982229
0.0003972913
0.0003963618
0.0003954346
0.0003945095
0.0003935865
0.0003926657
0.0003917471
0.0003908306
0.0003899163
0.0003890041
0.0003880941
0.0003871861
0.0003862803
0.0003853766
0.0003844751
0.0003835756
0.0003826783
0.0003817830
0.0003808898
0.0003799988
0.0003791098
0.0003782229
0.0003773380
0.0003764553
0.0003755746
0.0003746959
0.0003738193
0.0003729448
0.0003720723
0.0003712019
0.0003703335
0.0003694671
0.0003686027
0.0003677404
0.0003668801
0.0003660218
0.0003651655
0.0003643112
0.0003634589
0.0003626086
0.0003617603
0.0003609140
0.0003600697
0.0003592273
0.0003583869
0.0003575485
0.0003567120
0.0003558775
0.0003550449
0.0003542143
0.0003533856
0.0003525589
0.0003517341
0.0003509113
0.0003500903
0.0003492713
0.0003484542
0.0003476390
0.0003468257
0.0003460143
0.0003452048
0.0003443973
0.0003435916
0.0003427877
0.0003419858
0.0003411857
0.0003403876
0.0003395912
0.0003387968
0.0003380042
0.0003372134
0.0003364245
0.0003356375
0.0003348523
0.0003340689
0.0003332874
0.0003325077
0.0003317298
0.0003309537
0.0003301795
0.0003294070
0.0003286364
0.0003278676
0.0003271005
0.0003263353
0.0003255718
0.0003248102
0.0003240503
0.0003232922
0.0003225359
0.0003217813
0.0003210285
0.0003202775
0.0003195282
0.0003187807
0.0003180349
0.0003172909
0.0003165486
0.0003158081
0.0003150692
0.0003143321
0.0003135968
0.0003128631
0.0003121312
0.0003114010
0.0003106725
0.0003099457
0.0003092206
0.0003084972
0.0003077755
0.0003070554
0.0003063371
0.0003056204
0.0003049054
0.0003041921
0.0003034805
0.0003027705
0.0003020622
0.0003013555
0.0003006505
0.0002999472
0.0002992454
0.0002985454
0.0002978469
0.0002971501
0.0002964550
0.0002957614
0.0002950695
0.0002943792
0.0002936905
0.0002930034
0.0002923180
0.0002916341
0.0002909519
0.0002902712
0.0002895921
0.0002889146
0.0002882387
0.0002875644
0.0002868917
0.0002862205
0.2220587808
