0.0306613777
0.0296167999
0.0286078089
0.0276331924
0.0266917793
0.0257824385
0.0249040773
0.0240556403
0.0232361080
0.0224444957
0.0216798522
0.0209412587
0.0202278277
0.0195387021
0.0188730537
0.0182300828
0.0176090168
0.0170091093
0.0164296396
0.0158699114
0.0153292521
0.0148070121
0.0143025639
0.0138153014
0.0133446389
0.0128900111
0.0124508717
0.0120266929
0.0116169652
0.0112211961
0.0108389102
0.0104696481
0.0101129660
0.0097684355
0.0094356425
0.0091141872
0.0088036833
0.0085037576
0.0082140499
0.0079342121
0.0076639078
0.0074028122
0.0071506118
0.0069070033
0.0066716942
0.0064444016
0.0062248524
0.0060127829
0.0058079382
0.0056100723
0.0054189472
0.0052343334
0.0050560091
0.0048837600
0.0047173791
0.0045566665
0.0044014291
0.2247932284
