0.0081669128
0.0080928034
0.0080193665
0.0079465960
0.0078744858
0.0078030300
0.0077322226
0.0076620577
0.0075925296
0.0075236323
0.0074553603
0.0073877077
0.0073206691
0.0072542388
0.0071884113
0.0071231812
0.0070585429
0.0069944913
0.0069310208
0.0068681263
0.0068058026
0.0067440444
0.0066828466
0.0066222041
0.0065621119
0.0065025650
0.0064435585
0.0063850874
0.0063271469
0.0062697322
0.0062128384
0.0061564610
0.0061005951
0.0060452362
0.0059903796
0.0059360208
0.0058821553
0.0058287786
0.0057758862
0.0057234738
0.0056715370
0.0056200715
0.0055690730
0.0055185373
0.0054684602
0.0054188375
0.0053696651
0.0053209389
0.0052726548
0.0052248089
0.0051773972
0.0051304157
0.0050838605
0.0050377278
0.0049920137
0.0049467144
0.0049018262
0.0048573454
0.0048132681
0.0047695909
0.0047263099
0.0046834218
0.0046409228
0.0045988094
0.0045570782
0.0045157257
0.0044747484
0.0044341430
0.0043939061
0.0043540342
0.0043145242
0.0042753727
0.0042365765
0.0041981323
0.0041600370
0.0041222874
0.0040848803
0.0040478127
0.0040110814
0.0039746835
0.0039386158
0.0039028755
0.0038674594
0.0038323647
0.0037975885
0.0037631279
0.0037289800
0.0036951419
0.0036616109
0.0036283842
0.0035954590
0.0035628325
0.0035305021
0.0034984651
0.0034667188
0.0034352606
0.0034040879
0.0033731980
0.0033425884
0.0033122566
0.0032822001
0.0032524162
0.0032229027
0.0031936569
0.0031646766
0.0031359592
0.0031075024
0.0030793039
0.0030513612
0.0030236721
0.0029962342
0.0029690454
0.0029421032
0.0029154055
0.0028889501
0.0028627348
0.0028367573
0.0028110156
0.0027855075
0.0027602308
0.0027351835
0.0027103635
0.0026857687
0.0026613971
0.0026372467
0.0026133154
0.0025896013
0.0025661023
0.0025428166
0.0025197422
0.0024968772
0.0024742197
0.0024517678
0.0024295196
0.0024074733
0.0023856270
0.0023639790
0.0023425274
0.0023212705
0.0023002065
0.0022793336
0.0022586502
0.0022381544
0.0022178446
0.0021977191
0.0021777762
0.0021580143
0.0021384318
0.0021190269
0.0020997981
0.0020807438
0.0020618624
0.0020431524
0.0020246121
0.0020062401
0.0019880347
0.0019699946
0.0019521182
0.0019344040
0.0019168505
0.0018994564
0.0018822200
0.0018651401
0.0018482152
0.0018314439
0.0018148247
0.0017983563
0.0017820374
0.0017658666
0.0017498425
0.0017339638
0.0017182293
0.0017026374
0.0016871871
0.0016718770
0.0016567058
0.0016416723
0.0016267752
0.0016120132
0.0015973853
0.0015828901
0.0015685264
0.0015542930
0.0015401888
0.0015262126
0.0015123632
0.0014986395
0.0014850403
0.0014715646
0.0014582111
0.0014449788
0.0014318665
0.0014188733
0.0014059979
0.0013932394
0.0013805967
0.0013680686
0.0013556543
0.0013433526
0.0013311626
0.0013190832
0.0013071133
0.0012952521
0.0012834986
0.0012718517
0.0012603104
0.0012488739
0.0012375412
0.0012263113
0.0012151834
0.0012041564
0.0011932294
0.0011824017
0.0011716721
0.0011610400
0.0011505043
0.0011400642
0.0011297189
0.0011194674
0.2222466923
