0.0431569918
0.0410875185
0.0391172811
0.0372415209
0.0354557075
0.0337555279
0.0321368756
0.0305958413
0.0291287030
0.0277319172
0.0264021104
0.0251360708
0.0239307406
0.0227832086
0.0216907033
0.0206505861
0.0196603448
0.0187175878
0.0178200380
0.0169655277
0.0161519931
0.0153774693
0.0146400856
0.0139380611
0.0132697003
0.0126333888
0.0120275898
0.0114508403
0.0109017471
0.0103789842
0.0098812890
0.0094074593
0.0089563508
0.0085268740
0.0081179915
0.0077287158
0.0073581068
0.0070052693
0.0066693511
0.0063495410
0.2260643887
