0.0070754351
0.0070198109
0.0069646240
0.0069098710
0.0068555483
0.0068016528
0.0067481810
0.0066951295
0.0066424951
0.0065902745
0.0065384644
0.0064870617
0.0064360630
0.0063854653
0.0063352654
0.0062854601
0.0062360464
0.0061870211
0.0061383812
0.0060901238
0.0060422457
0.0059947440
0.0059476158
0.0059008580
0.0058544679
0.0058084424
0.0057627788
0.0057174742
0.0056725257
0.0056279306
0.0055836861
0.0055397894
0.0054962378
0.0054530286
0.0054101591
0.0053676267
0.0053254286
0.0052835622
0.0052420250
0.0052008143
0.0051599276
0.0051193623
0.0050791160
0.0050391860
0.0049995700
0.0049602654
0.0049212698
0.0048825808
0.0048441959
0.0048061128
0.0047683291
0.0047308424
0.0046936505
0.0046567509
0.0046201414
0.0045838197
0.0045477836
0.0045120308
0.0044765590
0.0044413661
0.0044064499
0.0043718082
0.0043374388
0.0043033396
0.0042695085
0.0042359433
0.0042026421
0.0041696026
0.0041368229
0.0041043009
0.0040720345
0.0040400218
0.0040082608
0.0039767495
0.0039454859
0.0039144681
0.0038836941
0.0038531621
0.0038228701
0.0037928162
0.0037629987
0.0037334155
0.0037040649
0.0036749450
0.0036460541
0.0036173903
0.0035889519
0.0035607370
0.0035327439
0.0035049709
0.0034774162
0.0034500782
0.0034229551
0.0033960452
0.0033693469
0.0033428584
0.0033165782
0.0032905046
0.0032646360
0.0032389708
0.0032135073
0.0031882440
0.0031631793
0.0031383117
0.0031136396
0.0030891614
0.0030648757
0.0030407808
0.0030168755
0.0029931580
0.0029696270
0.0029462810
0.0029231185
0.0029001382
0.0028773385
0.0028547180
0.0028322754
0.0028100092
0.0027879180
0.0027660005
0.0027442553
0.0027226811
0.0027012765
0.0026800402
0.0026589708
0.0026380670
0.0026173276
0.0025967512
0.0025763366
0.0025560825
0.0025359876
0.0025160507
0.0024962706
0.0024766459
0.0024571755
0.0024378582
0.0024186927
0.0023996780
0.0023808127
0.0023620957
0.0023435258
0.0023251020
0.0023068230
0.0022886877
0.0022706949
0.0022528437
0.0022351327
0.0022175610
0.0022001274
0.0021828309
0.0021656704
0.0021486448
0.0021317530
0.0021149940
0.0020983668
0.0020818703
0.0020655035
0.0020492653
0.0020331548
0.0020171710
0.0020013128
0.0019855793
0.0019699695
0.0019544824
0.0019391170
0.0019238725
0.0019087478
0.0018937420
0.0018788541
0.0018640834
0.0018494287
0.0018348892
0.0018204641
0.0018061523
0.0017919531
0.0017778655
0.0017638886
0.0017500216
0.0017362637
0.0017226139
0.0017090714
0.0016956354
0.0016823050
0.0016690794
0.0016559577
0.0016429393
0.0016300231
0.0016172086
0.0016044947
0.0015918808
0.0015793661
0.0015669498
0.0015546311
0.0015424092
0.0015302834
0.0015182529
0.0015063170
0.0014944750
0.0014827260
0.0014710694
0.0014595045
0.0014480304
0.0014366466
0.0014253523
0.0014141467
0.0014030293
0.0013919992
0.0013810559
0.0013701986
0.0013594267
0.0013487394
0.0013381362
0.0013276163
0.0013171791
0.0013068240
0.0012965502
0.0012863573
0.0012762445
0.0012662112
0.0012562567
0.0012463805
0.0012365820
0.0012268605
0.0012172154
0.0012076462
0.0011981521
0.0011887327
0.0011793874
0.0011701155
0.0011609166
0.0011517899
0.0011427350
0.0011337513
0.0011248382
0.0011159952
0.0011072217
0.0010985171
0.0010898811
0.0010813128
0.0010728120
0.0010643780
0.0010560103
0.0010477084
0.0010394717
0.0010312998
0.0010231921
0.0010151482
0.0010071675
0.0009992496
0.0009913939
0.0009836000
0.0009758673
0.0009681954
0.2221868985
