0.0410885846
0.0392127271
0.0374225099
0.0357140233
0.0340835359
0.0325274867
0.0310424774
0.0296252647
0.0282727533
0.0269819895
0.0257501542
0.0245745571
0.0234526307
0.0223819247
0.0213601007
0.0203849270
0.0194542739
0.0185661088
0.0177184920
0.0169095723
0.0161375830
0.0154008380
0.0146977284
0.0140267186
0.0133863430
0.0127752031
0.0121919642
0.0116353525
0.0111041523
0.0105972035
0.0101133990
0.0096516821
0.0092110443
0.0087905235
0.0083892011
0.0080062006
0.0076406857
0.0072918579
0.0069589556
0.0066412515
0.0063380520
0.0060486946
0.2264412712
