0.0330844391
0.0318682389
0.0306967469
0.0295683195
0.0284813737
0.0274343845
0.0264258831
0.0254544548
0.0245187366
0.0236174159
0.0227492282
0.0219129554
0.0211074245
0.0203315053
0.0195841092
0.0188641878
0.0181707311
0.0175027661
0.0168593559
0.0162395978
0.0156426222
0.0150675918
0.0145136998
0.0139801691
0.0134662513
0.0129712253
0.0124943967
0.0120350966
0.0115926806
0.0111665280
0.0107560410
0.0103606437
0.0099797813
0.0096129197
0.0092595441
0.0089191587
0.0085912861
0.0082754662
0.0079712561
0.0076782288
0.0073959734
0.0071240938
0.0068622086
0.0066099505
0.0063669655
0.0061329127
0.0059074639
0.0056903026
0.0054811243
0.0052796355
0.0050855535
0.0048986061
0.0047185309
0.2236402373
