0.0148879951
0.0146417147
0.0143995083
0.0141613085
0.0139270490
0.0136966648
0.0134700916
0.0132472664
0.0130281272
0.0128126131
0.0126006641
0.0123922212
0.0121872264
0.0119856226
0.0117873539
0.0115923649
0.0114006015
0.0112120103
0.0110265388
0.0108441354
0.0106647493
0.0104883307
0.0103148305
0.0101442003
0.0099763928
0.0098113611
0.0096490595
0.0094894426
0.0093324662
0.0091780865
0.0090262606
0.0088769463
0.0087301019
0.0085856867
0.0084436604
0.0083039835
0.0081666172
0.0080315233
0.0078986641
0.0077680027
0.0076395027
0.0075131284
0.0073888446
0.0072666167
0.0071464107
0.0070281933
0.0069119314
0.0067975927
0.0066851455
0.0065745583
0.0064658006
0.0063588419
0.0062536525
0.0061502033
0.0060484653
0.0059484102
0.0058500104
0.0057532382
0.0056580669
0.0055644699
0.0054724213
0.0053818953
0.0052928668
0.0052053111
0.0051192037
0.0050345207
0.0049512386
0.0048693341
0.0047887845
0.0047095674
0.0046316607
0.0045550428
0.0044796923
0.0044055882
0.0043327100
0.0042610374
0.0041905504
0.0041212294
0.0040530552
0.0039860086
0.0039200712
0.0038552245
0.0037914506
0.0037287316
0.0036670501
0.0036063890
0.0035467313
0.0034880605
0.0034303602
0.0033736145
0.0033178074
0.0032629235
0.0032089475
0.0031558644
0.0031036594
0.0030523180
0.0030018259
0.0029521691
0.0029033337
0.0028553061
0.0028080730
0.0027616212
0.0027159379
0.0026710103
0.0026268258
0.0025833723
0.0025406376
0.0024986098
0.0024572773
0.0024166285
0.0023766521
0.0023373370
0.0022986722
0.0022606471
0.0022232510
0.0021864735
0.0021503044
0.0021147336
0.0020797512
0.2236440995
