0.0371080330
0.0355780262
0.0341111034
0.0327046634
0.0313562126
0.0300633600
0.0288238131
0.0276353742
0.0264959360
0.0254034782
0.0243560636
0.0233518352
0.0223890122
0.0214658875
0.0205808243
0.0197322533
0.0189186699
0.0181386314
0.0173907548
0.0166737140
0.0159862377
0.0153271067
0.0146951525
0.0140892545
0.0135083384
0.0129513741
0.0124173741
0.0119053915
0.0114145185
0.0109438848
0.0104926559
0.0100600317
0.0096452450
0.0092475605
0.0088662729
0.0085007063
0.0081502125
0.0078141698
0.0074919827
0.0071830796
0.0068869130
0.0066029577
0.0063307101
0.0060696877
0.0058194275
0.0055794858
0.0053494372
0.2243931849
