0.0083025239
0.0082259329
0.0081500484
0.0080748640
0.0080003732
0.0079265695
0.0078534467
0.0077809985
0.0077092185
0.0076381008
0.0075676391
0.0074978274
0.0074286598
0.0073601302
0.0072922328
0.0072249618
0.0071583113
0.0070922757
0.0070268492
0.0069620264
0.0068978015
0.0068341691
0.0067711237
0.0067086599
0.0066467723
0.0065854557
0.0065247047
0.0064645141
0.0064048788
0.0063457936
0.0062872535
0.0062292534
0.0061717884
0.0061148535
0.0060584438
0.0060025545
0.0059471808
0.0058923179
0.0058379611
0.0057841057
0.0057307472
0.0056778809
0.0056255023
0.0055736069
0.0055221902
0.0054712479
0.0054207755
0.0053707687
0.0053212232
0.0052721348
0.0052234992
0.0051753123
0.0051275699
0.0050802679
0.0050334023
0.0049869690
0.0049409641
0.0048953836
0.0048502235
0.0048054801
0.0047611494
0.0047172277
0.0046737111
0.0046305960
0.0045878787
0.0045455554
0.0045036225
0.0044620765
0.0044209137
0.0043801306
0.0043397238
0.0042996897
0.0042600250
0.0042207261
0.0041817898
0.0041432127
0.0041049915
0.0040671228
0.0040296035
0.0039924303
0.0039556000
0.0039191095
0.0038829556
0.0038471352
0.0038116453
0.0037764828
0.0037416446
0.0037071279
0.0036729295
0.0036390466
0.0036054763
0.0035722157
0.0035392619
0.0035066122
0.0034742636
0.0034422134
0.0034104589
0.0033789973
0.0033478260
0.0033169422
0.0032863433
0.0032560267
0.0032259898
0.0031962299
0.0031667446
0.0031375313
0.0031085875
0.0030799107
0.0030514985
0.0030233483
0.0029954578
0.0029678247
0.0029404464
0.0029133207
0.0028864452
0.0028598177
0.0028334358
0.0028072973
0.0027813999
0.0027557414
0.0027303196
0.0027051323
0.0026801774
0.0026554527
0.0026309561
0.0026066855
0.0025826387
0.0025588138
0.0025352087
0.0025118213
0.0024886497
0.0024656918
0.0024429458
0.0024204095
0.0023980812
0.0023759588
0.0023540405
0.0023323245
0.0023108087
0.0022894914
0.0022683708
0.0022474450
0.0022267123
0.0022061708
0.0021858188
0.0021656546
0.0021456764
0.0021258824
0.0021062711
0.0020868407
0.0020675896
0.0020485160
0.0020296184
0.0020108951
0.0019923445
0.0019739651
0.0019557552
0.0019377133
0.0019198379
0.0019021273
0.0018845801
0.0018671948
0.0018499699
0.0018329039
0.0018159953
0.0017992427
0.0017826446
0.0017661997
0.0017499065
0.0017337635
0.0017177695
0.0017019230
0.0016862227
0.0016706673
0.0016552553
0.0016399856
0.0016248567
0.0016098673
0.0015950162
0.0015803022
0.0015657239
0.0015512800
0.0015369694
0.0015227908
0.0015087430
0.0014948248
0.0014810350
0.0014673725
0.0014538359
0.0014404242
0.0014271363
0.0014139709
0.0014009270
0.0013880034
0.0013751990
0.0013625128
0.0013499436
0.0013374903
0.0013251519
0.0013129274
0.0013008156
0.0012888155
0.0012769262
0.0012651465
0.0012534755
0.0012419121
0.0012304555
0.0012191045
0.0012078582
0.0011967157
0.0011856759
0.0011747380
0.0011639011
0.0011531640
0.0011425261
0.2227081824
