0.0140622117
0.0138424941
0.0136262096
0.0134133044
0.0132037258
0.0129974218
0.0127943413
0.0125944338
0.0123976498
0.0122039405
0.0120132578
0.0118255545
0.0116407840
0.0114589005
0.0112798589
0.0111036147
0.0109301243
0.0107593446
0.0105912333
0.0104257486
0.0102628497
0.0101024959
0.0099446477
0.0097892657
0.0096363116
0.0094857473
0.0093375355
0.0091916395
0.0090480231
0.0089066506
0.0087674871
0.0086304979
0.0084956491
0.0083629073
0.0082322396
0.0081036135
0.0079769971
0.0078523591
0.0077296685
0.0076088949
0.0074900084
0.0073729794
0.0072577789
0.0071443785
0.0070327499
0.0069228654
0.0068146978
0.0067082204
0.0066034066
0.0065002305
0.0063986664
0.0062986893
0.0062002743
0.0061033970
0.0060080334
0.0059141598
0.0058217530
0.0057307899
0.0056412482
0.0055531055
0.0054663400
0.0053809302
0.0052968549
0.0052140932
0.0051326247
0.0050524291
0.0049734865
0.0048957773
0.0048192824
0.0047439826
0.0046698594
0.0045968944
0.0045250694
0.0044543666
0.0043847686
0.0043162580
0.0042488178
0.0041824314
0.0041170822
0.0040527541
0.0039894312
0.0039270976
0.0038657379
0.0038053370
0.0037458799
0.0036873517
0.0036297380
0.0035730245
0.0035171971
0.0034622421
0.0034081456
0.0033548944
0.0033024753
0.0032508752
0.0032000813
0.0031500811
0.0031008620
0.0030524121
0.0030047191
0.0029577713
0.0029115571
0.0028660650
0.0028212836
0.0027772020
0.0027338091
0.0026910942
0.0026490467
0.0026076562
0.0025669124
0.0025268052
0.0024873247
0.0024484610
0.0024102046
0.0023725459
0.0023354757
0.0022989846
0.0022630637
0.0022277041
0.0021928969
0.0021586336
0.0021249056
0.0020917047
0.0020590225
0.0020268509
0.0019951820
0.0019640079
0.0019333209
0.2218017549
