0.0072726875
0.0072139187
0.0071556247
0.0070978018
0.0070404461
0.0069835539
0.0069271215
0.0068711451
0.0068156209
0.0067605455
0.0067059152
0.0066517262
0.0065979752
0.0065446585
0.0064917727
0.0064393142
0.0063872796
0.0063356655
0.0062844685
0.0062336852
0.0061833123
0.0061333464
0.0060837843
0.0060346226
0.0059858583
0.0059374880
0.0058895085
0.0058419168
0.0057947096
0.0057478840
0.0057014367
0.0056553647
0.0056096650
0.0055643347
0.0055193706
0.0054747699
0.0054305295
0.0053866467
0.0053431185
0.0052999420
0.0052571144
0.0052146329
0.0051724947
0.0051306970
0.0050892370
0.0050481121
0.0050073195
0.0049668566
0.0049267206
0.0048869089
0.0048474189
0.0048082481
0.0047693938
0.0047308534
0.0046926245
0.0046547045
0.0046170910
0.0045797813
0.0045427732
0.0045060641
0.0044696517
0.0044335335
0.0043977071
0.0043621703
0.0043269206
0.0042919558
0.0042572735
0.0042228715
0.0041887475
0.0041548992
0.0041213244
0.0040880210
0.0040549867
0.0040222193
0.0039897167
0.0039574767
0.0039254973
0.0038937763
0.0038623116
0.0038311011
0.0038001429
0.0037694349
0.0037389750
0.0037087612
0.0036787916
0.0036490641
0.0036195769
0.0035903279
0.0035613153
0.0035325372
0.0035039916
0.0034756767
0.0034475905
0.0034197314
0.0033920973
0.0033646866
0.0033374974
0.0033105278
0.0032837762
0.0032572408
0.0032309198
0.0032048115
0.0031789142
0.0031532261
0.0031277457
0.0031024711
0.0030774008
0.0030525330
0.0030278662
0.0030033987
0.0029791290
0.0029550553
0.0029311762
0.0029074901
0.0028839954
0.0028606905
0.0028375739
0.0028146441
0.0027918997
0.0027693390
0.0027469606
0.0027247631
0.0027027449
0.0026809047
0.0026592409
0.0026377522
0.0026164371
0.0025952943
0.0025743224
0.0025535199
0.0025328855
0.0025124178
0.0024921156
0.0024719774
0.0024520019
0.0024321879
0.0024125339
0.0023930388
0.0023737012
0.0023545199
0.0023354936
0.0023166210
0.0022979010
0.0022793322
0.0022609134
0.0022426435
0.0022245212
0.0022065454
0.0021887148
0.0021710283
0.0021534848
0.0021360830
0.0021188218
0.0021017001
0.0020847168
0.0020678707
0.0020511607
0.0020345857
0.0020181447
0.0020018366
0.0019856602
0.0019696146
0.0019536986
0.0019379112
0.0019222514
0.0019067181
0.0018913104
0.0018760272
0.0018608674
0.0018458302
0.0018309145
0.0018161193
0.0018014437
0.0017868866
0.0017724472
0.0017581245
0.0017439175
0.0017298253
0.0017158470
0.0017019816
0.0016882283
0.0016745862
0.0016610542
0.0016476316
0.0016343175
0.0016211110
0.0016080112
0.0015950172
0.0015821282
0.0015693434
0.0015566619
0.0015440829
0.0015316056
0.0015192290
0.0015069525
0.0014947752
0.0014826962
0.0014707149
0.0014588304
0.0014470419
0.0014353487
0.0014237500
0.0014122450
0.0014008330
0.0013895132
0.0013782849
0.0013671473
0.0013560997
0.0013451414
0.0013342716
0.0013234897
0.0013127949
0.0013021865
0.0012916638
0.0012812262
0.0012708729
0.0012606033
0.0012504166
0.0012403123
0.0012302897
0.0012203480
0.0012104866
0.0012007050
0.0011910024
0.0011813781
0.0011718317
0.0011623624
0.0011529696
0.0011436528
0.0011344112
0.0011252443
0.0011161514
0.0011071321
0.0010981856
0.0010893114
0.0010805090
0.0010717776
0.0010631168
0.0010545260
0.0010460047
0.0010375521
0.0010291679
0.0010208515
0.0010126022
0.0010044196
0.0009963031
0.2222968833
