0.0307136905
0.0296655452
0.0286531692
0.0276753419
0.0267308842
0.0258186575
0.0249375616
0.0240865344
0.0232645495
0.0224706160
0.0217037765
0.0209631064
0.0202477127
0.0195567327
0.0188893333
0.0182447098
0.0176220850
0.0170207080
0.0164398538
0.0158788221
0.0153369363
0.0148135430
0.0143080113
0.0138197315
0.0133481149
0.0128925928
0.0124526160
0.0120276540
0.0116171944
0.0112207423
0.0108378196
0.0104679647
0.0101107315
0.0097656894
0.0094324224
0.0091105285
0.0087996197
0.0084993210
0.0082092704
0.0079291182
0.0076585266
0.0073971692
0.0071447310
0.0069009076
0.0066654050
0.0064379393
0.0062182361
0.0060060305
0.0058010668
0.0056030977
0.0054118846
0.0052271969
0.0050488119
0.0048765145
0.0047100970
0.0045493587
0.0043941058
0.2243659087
