0.0417556707
0.0398184084
0.0379710258
0.0362093529
0.0345294131
0.0329274144
0.0313997408
0.0299429438
0.0285537353
0.0272289793
0.0259656857
0.0247610027
0.0236122113
0.0225167183
0.0214720509
0.0204758510
0.0195258700
0.0186199636
0.0177560868
0.0169322898
0.0161467130
0.0153975832
0.0146832094
0.0140019791
0.0133523547
0.0127328696
0.0121421257
0.0115787895
0.0110415894
0.0105293127
0.0100408033
0.0095749583
0.0091307263
0.0087071045
0.0083031368
0.0079179112
0.0075505582
0.0072002486
0.0068661917
0.0065476334
0.0062438547
0.0059541699
0.2223817622
