0.0040115824
0.0039937015
0.0039759003
0.0039581785
0.0039405356
0.0039229714
0.0039054855
0.0038880775
0.0038707472
0.0038534940
0.0038363178
0.0038192181
0.0038021947
0.0037852471
0.0037683751
0.0037515782
0.0037348563
0.0037182088
0.0037016356
0.0036851363
0.0036687105
0.0036523579
0.0036360782
0.0036198710
0.0036037361
0.0035876731
0.0035716818
0.0035557616
0.0035399125
0.0035241340
0.0035084258
0.0034927877
0.0034772192
0.0034617202
0.0034462902
0.0034309290
0.0034156363
0.0034004117
0.0033852550
0.0033701659
0.0033551440
0.0033401890
0.0033253008
0.0033104789
0.0032957230
0.0032810330
0.0032664084
0.0032518490
0.0032373544
0.0032229245
0.0032085590
0.0031942574
0.0031800196
0.0031658452
0.0031517341
0.0031376858
0.0031237002
0.0031097769
0.0030959156
0.0030821161
0.0030683782
0.0030547014
0.0030410857
0.0030275306
0.0030140360
0.0030006015
0.0029872268
0.0029739118
0.0029606562
0.0029474596
0.0029343218
0.0029212426
0.0029082218
0.0028952589
0.0028823538
0.0028695063
0.0028567160
0.0028439827
0.0028313062
0.0028186862
0.0028061224
0.0027936146
0.0027811626
0.0027687661
0.0027564248
0.0027441386
0.0027319071
0.0027197301
0.0027076074
0.0026955388
0.0026835239
0.0026715626
0.0026596546
0.0026477997
0.0026359976
0.0026242482
0.0026125511
0.0026009061
0.0025893130
0.0025777717
0.0025662817
0.0025548430
0.0025434553
0.0025321183
0.0025208318
0.0025095957
0.0024984096
0.0024872735
0.0024761869
0.0024651498
0.0024541618
0.0024432228
0.0024323326
0.0024214910
0.0024106976
0.0023999524
0.0023892550
0.0023786054
0.0023680032
0.0023574483
0.0023469404
0.0023364793
0.0023260649
0.0023156969
0.0023053751
0.0022950993
0.0022848693
0.0022746850
0.0022645460
0.0022544522
0.0022444034
0.0022343994
0.0022244400
0.0022145249
0.0022046541
0.0021948273
0.0021850442
0.0021753048
0.0021656088
0.0021559560
0.0021463462
0.0021367793
0.0021272550
0.0021177731
0.0021083336
0.0020989361
0.0020895804
0.0020802665
0.0020709941
0.0020617631
0.0020525731
0.0020434242
0.0020343160
0.0020252484
0.0020162212
0.0020072343
0.0019982874
0.0019893804
0.0019805131
0.0019716854
0.0019628970
0.0019541477
0.0019454375
0.0019367660
0.0019281333
0.0019195390
0.0019109830
0.0019024651
0.0018939852
0.0018855432
0.0018771387
0.0018687717
0.0018604420
0.0018521494
0.0018438938
0.0018356750
0.0018274928
0.0018193471
0.0018112377
0.0018031645
0.0017951272
0.0017871257
0.0017791600
0.0017712297
0.0017633348
0.0017554750
0.0017476503
0.0017398605
0.0017321054
0.0017243849
0.0017166987
0.0017090469
0.0017014291
0.0016938453
0.0016862953
0.0016787790
0.0016712961
0.0016638466
0.0016564303
0.0016490471
0.0016416968
0.0016343792
0.0016270943
0.0016198418
0.0016126217
0.0016054337
0.0015982778
0.0015911538
0.0015840615
0.0015770008
0.0015699716
0.0015629738
0.0015560071
0.0015490715
0.0015421668
0.0015352929
0.0015284496
0.0015216368
0.0015148544
0.0015081022
0.0015013802
0.0014946880
0.0014880257
0.0014813931
0.0014747901
0.0014682165
0.0014616722
0.0014551571
0.0014486710
0.0014422138
0.0014357854
0.0014293857
0.0014230144
0.0014166716
0.0014103571
0.0014040707
0.0013978123
0.0013915818
0.0013853791
0.0013792040
0.0013730565
0.0013669363
0.0013608434
0.0013547777
0.0013487391
0.0013427273
0.0013367424
0.0013307841
0.0013248524
0.0013189471
0.0013130681
0.0013072154
0.0013013887
0.0012955880
0.0012898132
0.0012840640
0.0012783406
0.0012726426
0.0012669700
0.0012613228
0.0012557006
0.0012501036
0.0012445315
0.0012389842
0.0012334617
0.0012279638
0.0012224903
0.0012170413
0.0012116166
0.0012062160
0.0012008395
0.0011954870
0.0011901584
0.0011848535
0.0011795722
0.0011743145
0.0011690802
0.0011638692
0.0011586815
0.0011535169
0.0011483753
0.0011432566
0.0011381608
0.0011330876
0.0011280371
0.0011230091
0.0011180035
0.0011130202
0.0011080591
0.0011031201
0.0010982032
0.0010933082
0.0010884349
0.0010835834
0.0010787536
0.0010739452
0.0010691583
0.0010643927
0.0010596484
0.0010549252
0.0010502231
0.0010455419
0.0010408816
0.0010362421
0.0010316232
0.0010270250
0.0010224472
0.0010178898
0.0010133528
0.0010088359
0.0010043392
0.0009998626
0.0009954059
0.0009909690
0.0009865520
0.0009821546
0.0009777768
0.0009734186
0.0009690797
0.0009647603
0.0009604600
0.0009561789
0.0009519170
0.0009476740
0.0009434499
0.0009392446
0.0009350581
0.0009308903
0.0009267410
0.0009226102
0.0009184979
0.0009144038
0.0009103280
0.0009062704
0.0009022309
0.0008982094
0.0008942058
0.0008902200
0.0008862520
0.0008823017
0.0008783690
0.0008744539
0.0008705561
0.0008666758
0.0008628128
0.0008589669
0.0008551382
0.0008513266
0.0008475320
0.0008437543
0.0008399934
0.0008362493
0.0008325219
0.0008288110
0.0008251168
0.0008214390
0.0008177776
0.0008141325
0.0008105036
0.0008068910
0.0008032944
0.0007997139
0.0007961493
0.0007926006
0.0007890677
0.0007855506
0.0007820492
0.0007785633
0.0007750930
0.0007716382
0.0007681987
0.0007647746
0.0007613658
0.0007579722
0.0007545936
0.0007512302
0.0007478817
0.0007445482
0.0007412295
0.0007379256
0.0007346364
0.0007313619
0.0007281020
0.0007248566
0.0007216257
0.0007184092
0.0007152070
0.0007120191
0.0007088454
0.0007056859
0.0007025404
0.0006994090
0.0006962915
0.0006931879
0.0006900982
0.0006870222
0.0006839599
0.0006809113
0.0006778762
0.0006748547
0.0006718467
0.0006688521
0.0006658708
0.0006629028
0.0006599480
0.0006570064
0.0006540779
0.0006511625
0.0006482601
0.0006453706
0.0006424940
0.0006396302
0.0006367791
0.0006339408
0.0006311151
0.0006283020
0.0006255015
0.0006227134
0.0006199378
0.0006171746
0.0006144236
0.0006116849
0.0006089585
0.0006062442
0.0006035419
0.0006008518
0.0005981736
0.0005955073
0.0005928530
0.0005902104
0.0005875797
0.0005849606
0.0005823533
0.0005797576
0.0005771734
0.0005746008
0.0005720396
0.0005694898
0.0005669514
0.0005644243
0.0005619085
0.0005594039
0.0005569105
0.0005544282
0.0005519569
0.0005494967
0.0005470474
0.2221832366
