0.0075598042
0.0074963035
0.0074333361
0.0073708977
0.0073089838
0.0072475899
0.0071867117
0.0071263449
0.0070664852
0.0070071282
0.0069482699
0.0068899059
0.0068320322
0.0067746446
0.0067177391
0.0066613116
0.0066053580
0.0065498744
0.0064948569
0.0064403015
0.0063862044
0.0063325617
0.0062793695
0.0062266242
0.0061743219
0.0061224589
0.0060710316
0.0060200363
0.0059694693
0.0059193270
0.0058696060
0.0058203026
0.0057714133
0.0057229347
0.0056748633
0.0056271956
0.0055799284
0.0055330582
0.0054865817
0.0054404957
0.0053947967
0.0053494816
0.0053045471
0.0052599900
0.0052158073
0.0051719956
0.0051285520
0.0050854733
0.0050427564
0.0050003983
0.0049583961
0.0049167466
0.0048754470
0.0048344943
0.0047938856
0.0047536180
0.0047136887
0.0046740947
0.0046348333
0.0045959017
0.0045572972
0.0045190169
0.0044810581
0.0044434182
0.0044060945
0.0043690842
0.0043323849
0.0042959938
0.0042599084
0.0042241261
0.0041886443
0.0041534606
0.0041185724
0.0040839773
0.0040496728
0.0040156564
0.0039819258
0.0039484785
0.0039153121
0.0038824244
0.0038498128
0.0038174753
0.0037854093
0.0037536127
0.0037220831
0.0036908185
0.0036598164
0.0036290747
0.0035985913
0.0035683639
0.0035383904
0.0035086687
0.0034791967
0.0034499722
0.0034209932
0.0033922576
0.0033637633
0.0033355084
0.0033074909
0.0032797087
0.0032521599
0.0032248424
0.0031977544
0.0031708940
0.0031442592
0.0031178481
0.0030916588
0.0030656896
0.0030399385
0.0030144036
0.0029890833
0.0029639757
0.0029390789
0.0029143913
0.0028899110
0.0028656364
0.0028415657
0.0028176972
0.0027940291
0.0027705599
0.0027472878
0.0027242112
0.0027013284
0.0026786378
0.0026561378
0.0026338268
0.0026117033
0.0025897655
0.0025680121
0.0025464413
0.0025250518
0.0025038419
0.0024828102
0.0024619551
0.0024412752
0.0024207690
0.0024004351
0.0023802720
0.0023602782
0.0023404524
0.0023207931
0.0023012989
0.0022819685
0.0022628005
0.0022437934
0.0022249461
0.0022062570
0.0021877249
0.0021693485
0.0021511265
0.0021330575
0.0021151402
0.0020973735
0.0020797560
0.0020622865
0.0020449638
0.0020277865
0.0020107536
0.0019938637
0.0019771157
0.0019605083
0.0019440405
0.0019277110
0.0019115186
0.0018954623
0.0018795408
0.0018637531
0.0018480979
0.0018325743
0.0018171811
0.0018019172
0.0017867815
0.0017717729
0.0017568904
0.0017421329
0.0017274993
0.0017129887
0.0016986000
0.0016843321
0.0016701841
0.0016561549
0.0016422436
0.0016284491
0.0016147705
0.0016012067
0.0015877570
0.0015744201
0.0015611954
0.0015480817
0.0015350781
0.0015221838
0.0015093978
0.0014967192
0.0014841470
0.0014716805
0.0014593187
0.0014470608
0.0014349058
0.0014228529
0.0014109012
0.0013990500
0.0013872982
0.0013756452
0.0013640901
0.0013526321
0.0013412702
0.0013300039
0.0013188321
0.0013077542
0.0012967694
0.0012858768
0.0012750757
0.0012643653
0.0012537450
0.0012432138
0.0012327710
0.0012224160
0.0012121480
0.0012019662
0.0011918700
0.0011818585
0.0011719312
0.0011620872
0.0011523259
0.0011426466
0.0011330487
0.0011235313
0.0011140939
0.0011047357
0.0010954562
0.0010862546
0.0010771303
0.0010680826
0.0010591110
0.0010502147
0.0010413931
0.0010326456
0.2219045412
