0.1349000000
0.0274000000
0.0230000000
0.0238000000
0.0241000000
0.0226000000
0.0221000000
0.0201000000
0.0191000000
0.0182000000
0.0189000000
0.0186000000
0.0146000000
0.0188000000
0.0175000000
0.0144000000
0.0141000000
0.0164000000
0.0146000000
0.0146000000
0.0140000000
0.0136000000
0.0124000000
0.0113000000
0.0122000000
0.0125000000
0.0094000000
0.0107000000
0.0103000000
0.0090000000
0.0096000000
0.0097000000
0.0101000000
0.0090000000
0.0094000000
0.0076000000
0.0062000000
0.0078000000
0.0075000000
0.0072000000
0.0064000000
0.0072000000
0.0066000000
0.0056000000
0.0058000000
0.0053000000
0.0058000000
0.0055000000
0.0053000000
0.0042000000
0.0269000000
0.0301000000
0.0289000000
0.0264000000
0.0259000000
0.0271000000
0.0287000000
0.0255000000
0.0255000000
