0.1372000000
0.0257000000
0.0231000000
0.0217000000
0.0234000000
0.0221000000
0.0236000000
0.0213000000
0.0202000000
0.0180000000
0.0198000000
0.0189000000
0.0171000000
0.0180000000
0.0160000000
0.0170000000
0.0143000000
0.0143000000
0.0132000000
0.0127000000
0.0135000000
0.0116000000
0.0124000000
0.0118000000
0.0129000000
0.0112000000
0.0119000000
0.0121000000
0.0110000000
0.0103000000
0.0092000000
0.0093000000
0.0089000000
0.0063000000
0.0094000000
0.0074000000
0.0073000000
0.0073000000
0.0077000000
0.0070000000
0.0069000000
0.0068000000
0.0057000000
0.0064000000
0.0049000000
0.0064000000
0.0066000000
0.0042000000
0.0056000000
0.0052000000
0.0269000000
0.0301000000
0.0283000000
0.0296000000
0.0284000000
0.0280000000
0.0263000000
0.0244000000
0.0232000000
