0.1370000000
0.0292000000
0.0289000000
0.0249000000
0.0264000000
0.0249000000
0.0232000000
0.0247000000
0.0234000000
0.0200000000
0.0189000000
0.0191000000
0.0193000000
0.0186000000
0.0187000000
0.0153000000
0.0153000000
0.0156000000
0.0156000000
0.0154000000
0.0128000000
0.0138000000
0.0123000000
0.0135000000
0.0105000000
0.0121000000
0.0108000000
0.0115000000
0.0088000000
0.0107000000
0.0104000000
0.0080000000
0.0085000000
0.0089000000
0.0078000000
0.0065000000
0.0079000000
0.0078000000
0.0066000000
0.0064000000
0.0065000000
0.0070000000
0.0061000000
0.0060000000
0.0262000000
0.0316000000
0.0335000000
0.0315000000
0.0310000000
0.0316000000
0.0301000000
0.0289000000
