0.1368000000
0.0300000000
0.0280000000
0.0257000000
0.0269000000
0.0274000000
0.0234000000
0.0221000000
0.0221000000
0.0195000000
0.0219000000
0.0194000000
0.0181000000
0.0182000000
0.0181000000
0.0174000000
0.0152000000
0.0166000000
0.0144000000
0.0157000000
0.0122000000
0.0134000000
0.0135000000
0.0126000000
0.0122000000
0.0126000000
0.0103000000
0.0112000000
0.0091000000
0.0116000000
0.0078000000
0.0083000000
0.0073000000
0.0088000000
0.0077000000
0.0084000000
0.0074000000
0.0069000000
0.0067000000
0.0071000000
0.0064000000
0.0071000000
0.0068000000
0.0057000000
0.0252000000
0.0326000000
0.0323000000
0.0327000000
0.0315000000
0.0293000000
0.0292000000
0.0292000000
