0.1369000000
0.0235000000
0.0248000000
0.0225000000
0.0253000000
0.0200000000
0.0223000000
0.0198000000
0.0207000000
0.0199000000
0.0200000000
0.0192000000
0.0172000000
0.0178000000
0.0165000000
0.0168000000
0.0146000000
0.0160000000
0.0119000000
0.0122000000
0.0130000000
0.0132000000
0.0131000000
0.0117000000
0.0126000000
0.0105000000
0.0100000000
0.0113000000
0.0108000000
0.0111000000
0.0082000000
0.0095000000
0.0082000000
0.0088000000
0.0085000000
0.0093000000
0.0089000000
0.0084000000
0.0072000000
0.0071000000
0.0063000000
0.0053000000
0.0053000000
0.0064000000
0.0063000000
0.0051000000
0.0054000000
0.0053000000
0.0049000000
0.0056000000
0.0044000000
0.0260000000
0.0296000000
0.0259000000
0.0260000000
0.0282000000
0.0248000000
0.0280000000
0.0268000000
0.0251000000
