0.1420000000
0.0328000000
0.0321000000
0.0276000000
0.0267000000
0.0297000000
0.0278000000
0.0234000000
0.0260000000
0.0223000000
0.0223000000
0.0186000000
0.0205000000
0.0179000000
0.0198000000
0.0159000000
0.0155000000
0.0175000000
0.0155000000
0.0174000000
0.0123000000
0.0141000000
0.0131000000
0.0118000000
0.0116000000
0.0131000000
0.0107000000
0.0086000000
0.0105000000
0.0078000000
0.0095000000
0.0097000000
0.0090000000
0.0085000000
0.0074000000
0.0064000000
0.0076000000
0.0070000000
0.0068000000
0.0326000000
0.0375000000
0.0354000000
0.0368000000
0.0322000000
0.0370000000
0.0317000000
