0.1407000000
0.0372000000
0.0354000000
0.0333000000
0.0333000000
0.0289000000
0.0285000000
0.0279000000
0.0269000000
0.0237000000
0.0251000000
0.0216000000
0.0222000000
0.0218000000
0.0216000000
0.0167000000
0.0151000000
0.0165000000
0.0168000000
0.0151000000
0.0159000000
0.0122000000
0.0124000000
0.0131000000
0.0128000000
0.0107000000
0.0090000000
0.0103000000
0.0099000000
0.0091000000
0.0079000000
0.0077000000
0.0094000000
0.0074000000
0.0474000000
0.0396000000
0.0405000000
0.0390000000
0.0369000000
0.0405000000
