0.1394000000
0.0416000000
0.0371000000
0.0359000000
0.0338000000
0.0301000000
0.0284000000
0.0298000000
0.0273000000
0.0252000000
0.0245000000
0.0222000000
0.0216000000
0.0195000000
0.0202000000
0.0183000000
0.0191000000
0.0176000000
0.0139000000
0.0131000000
0.0161000000
0.0130000000
0.0122000000
0.0134000000
0.0129000000
0.0099000000
0.0100000000
0.0104000000
0.0089000000
0.0090000000
0.0088000000
0.0082000000
0.0083000000
0.0330000000
0.0439000000
0.0424000000
0.0410000000
0.0391000000
0.0409000000
