0.0000000000
0.0022000000
0.0033000000
0.0062000000
0.0090000000
0.0101000000
0.0116000000
0.0114000000
0.0146000000
0.0171000000
0.0165000000
0.0176000000
0.0175000000
0.0222000000
0.0207000000
0.0250000000
0.0247000000
0.0242000000
0.0268000000
0.0266000000
0.0284000000
0.0292000000
0.0271000000
0.0227000000
0.0250000000
0.0217000000
0.0222000000
0.0216000000
0.0222000000
0.0185000000
0.0191000000
0.0182000000
0.0146000000
0.0141000000
0.0148000000
0.0133000000
0.0128000000
0.0107000000
0.0113000000
0.0120000000
0.0117000000
0.0079000000
0.0086000000
0.0101000000
0.0080000000
0.0071000000
0.0089000000
0.0075000000
0.0076000000
0.0064000000
0.0074000000
0.0064000000
0.0055000000
0.0059000000
0.0044000000
0.0057000000
0.0053000000
0.0048000000
0.1840000000
