0.0000000000
0.0019000000
0.0052000000
0.0068000000
0.0096000000
0.0100000000
0.0126000000
0.0140000000
0.0180000000
0.0161000000
0.0212000000
0.0218000000
0.0233000000
0.0231000000
0.0272000000
0.0276000000
0.0297000000
0.0315000000
0.0294000000
0.0304000000
0.0278000000
0.0263000000
0.0252000000
0.0264000000
0.0237000000
0.0228000000
0.0204000000
0.0203000000
0.0194000000
0.0170000000
0.0168000000
0.0171000000
0.0141000000
0.0136000000
0.0144000000
0.0113000000
0.0126000000
0.0112000000
0.0108000000
0.0104000000
0.0094000000
0.0099000000
0.0081000000
0.0068000000
0.0071000000
0.0076000000
0.0072000000
0.0067000000
0.0066000000
0.0058000000
0.0058000000
0.0050000000
0.0056000000
0.0050000000
0.1824000000
