0.0000000000
0.0030000000
0.0066000000
0.0079000000
0.0117000000
0.0171000000
0.0195000000
0.0219000000
0.0212000000
0.0252000000
0.0290000000
0.0293000000
0.0293000000
0.0347000000
0.0375000000
0.0370000000
0.0331000000
0.0370000000
0.0300000000
0.0326000000
0.0242000000
0.0266000000
0.0245000000
0.0233000000
0.0220000000
0.0202000000
0.0186000000
0.0189000000
0.0156000000
0.0174000000
0.0171000000
0.0120000000
0.0126000000
0.0116000000
0.0104000000
0.0106000000
0.0078000000
0.0095000000
0.0075000000
0.0081000000
0.0073000000
0.0084000000
0.0064000000
0.0047000000
0.0069000000
0.1842000000
