0.0000000000
0.0025000000
0.0047000000
0.0068000000
0.0082000000
0.0131000000
0.0117000000
0.0135000000
0.0152000000
0.0189000000
0.0168000000
0.0202000000
0.0201000000
0.0216000000
0.0221000000
0.0242000000
0.0242000000
0.0245000000
0.0275000000
0.0261000000
0.0288000000
0.0295000000
0.0271000000
0.0263000000
0.0224000000
0.0237000000
0.0187000000
0.0217000000
0.0192000000
0.0179000000
0.0175000000
0.0151000000
0.0171000000
0.0147000000
0.0126000000
0.0130000000
0.0120000000
0.0131000000
0.0120000000
0.0111000000
0.0100000000
0.0100000000
0.0091000000
0.0080000000
0.0096000000
0.0082000000
0.0073000000
0.0075000000
0.0075000000
0.0071000000
0.0055000000
0.0065000000
0.0060000000
0.0065000000
0.0036000000
0.0046000000
0.0044000000
0.1832000000
