0.0000000000
0.0032000000
0.0046000000
0.0071000000
0.0097000000
0.0128000000
0.0144000000
0.0185000000
0.0189000000
0.0206000000
0.0216000000
0.0220000000
0.0244000000
0.0268000000
0.0270000000
0.0268000000
0.0302000000
0.0315000000
0.0317000000
0.0329000000
0.0299000000
0.0270000000
0.0249000000
0.0252000000
0.0220000000
0.0209000000
0.0198000000
0.0206000000
0.0171000000
0.0183000000
0.0145000000
0.0151000000
0.0150000000
0.0140000000
0.0133000000
0.0124000000
0.0117000000
0.0108000000
0.0112000000
0.0092000000
0.0086000000
0.0094000000
0.0068000000
0.0078000000
0.0071000000
0.0057000000
0.0069000000
0.0065000000
0.0065000000
0.0056000000
0.0044000000
0.1871000000
