0.0000000000
0.0035000000
0.0075000000
0.0097000000
0.0134000000
0.0172000000
0.0190000000
0.0206000000
0.0247000000
0.0253000000
0.0272000000
0.0284000000
0.0322000000
0.0331000000
0.0336000000
0.0339000000
0.0333000000
0.0338000000
0.0322000000
0.0321000000
0.0285000000
0.0256000000
0.0242000000
0.0220000000
0.0200000000
0.0201000000
0.0199000000
0.0156000000
0.0166000000
0.0164000000
0.0151000000
0.0138000000
0.0144000000
0.0106000000
0.0108000000
0.0101000000
0.0107000000
0.0092000000
0.0092000000
0.0081000000
0.0092000000
0.0080000000
0.0067000000
0.0038000000
0.0054000000
0.1853000000
