0.0000000000
0.0023000000
0.0049000000
0.0077000000
0.0083000000
0.0130000000
0.0137000000
0.0170000000
0.0177000000
0.0175000000
0.0227000000
0.0241000000
0.0232000000
0.0244000000
0.0298000000
0.0254000000
0.0272000000
0.0318000000
0.0309000000
0.0272000000
0.0303000000
0.0269000000
0.0253000000
0.0263000000
0.0229000000
0.0200000000
0.0192000000
0.0193000000
0.0191000000
0.0187000000
0.0158000000
0.0201000000
0.0151000000
0.0124000000
0.0140000000
0.0114000000
0.0131000000
0.0099000000
0.0094000000
0.0097000000
0.0093000000
0.0096000000
0.0084000000
0.0086000000
0.0072000000
0.0065000000
0.0049000000
0.0058000000
0.0067000000
0.0057000000
0.0062000000
0.0058000000
0.0045000000
0.1831000000
