0.3566000000
0.0299000000
0.0288000000
0.0301000000
0.0270000000
0.0247000000
0.0229000000
0.0221000000
0.0214000000
0.0192000000
0.0173000000
0.0167000000
0.0155000000
0.0143000000
0.0146000000
0.0127000000
0.0124000000
0.0127000000
0.0110000000
0.0113000000
0.0108000000
0.0095000000
0.0083000000
0.0073000000
0.0078000000
0.0084000000
0.0090000000
0.0074000000
0.0079000000
0.0049000000
0.0054000000
0.0060000000
0.0043000000
0.0041000000
0.0108000000
0.0126000000
0.0103000000
0.0111000000
0.0115000000
0.0119000000
0.0111000000
0.0098000000
0.0096000000
0.0095000000
0.0104000000
0.0096000000
0.0094000000
0.0079000000
0.0087000000
0.0089000000
0.0082000000
0.0064000000
