0.3577000000
0.0353000000
0.0287000000
0.0289000000
0.0299000000
0.0270000000
0.0267000000
0.0223000000
0.0247000000
0.0199000000
0.0187000000
0.0167000000
0.0192000000
0.0153000000
0.0144000000
0.0140000000
0.0126000000
0.0107000000
0.0118000000
0.0112000000
0.0094000000
0.0099000000
0.0081000000
0.0072000000
0.0068000000
0.0064000000
0.0065000000
0.0056000000
0.0068000000
0.0068000000
0.0154000000
0.0132000000
0.0160000000
0.0131000000
0.0130000000
0.0103000000
0.0112000000
0.0097000000
0.0104000000
0.0105000000
0.0114000000
0.0103000000
0.0095000000
0.0098000000
0.0094000000
0.0076000000
