0.3589000000
0.0361000000
0.0370000000
0.0325000000
0.0325000000
0.0281000000
0.0264000000
0.0254000000
0.0237000000
0.0195000000
0.0184000000
0.0187000000
0.0167000000
0.0177000000
0.0131000000
0.0140000000
0.0128000000
0.0114000000
0.0111000000
0.0101000000
0.0099000000
0.0093000000
0.0065000000
0.0090000000
0.0089000000
0.0060000000
0.0062000000
0.0122000000
0.0132000000
0.0154000000
0.0134000000
0.0152000000
0.0126000000
0.0132000000
0.0120000000
0.0117000000
0.0111000000
0.0099000000
0.0090000000
0.0104000000
0.0115000000
0.0093000000
