0.3568000000
0.0300000000
0.0274000000
0.0277000000
0.0273000000
0.0256000000
0.0238000000
0.0231000000
0.0210000000
0.0200000000
0.0172000000
0.0175000000
0.0174000000
0.0144000000
0.0128000000
0.0153000000
0.0147000000
0.0122000000
0.0104000000
0.0106000000
0.0101000000
0.0106000000
0.0086000000
0.0087000000
0.0078000000
0.0059000000
0.0073000000
0.0073000000
0.0051000000
0.0058000000
0.0067000000
0.0060000000
0.0052000000
0.0119000000
0.0105000000
0.0109000000
0.0121000000
0.0123000000
0.0086000000
0.0107000000
0.0089000000
0.0092000000
0.0122000000
0.0106000000
0.0092000000
0.0097000000
0.0090000000
0.0089000000
0.0100000000
0.0078000000
0.0072000000
