0.3580000000
0.0272000000
0.0233000000
0.0247000000
0.0233000000
0.0229000000
0.0209000000
0.0190000000
0.0169000000
0.0191000000
0.0184000000
0.0162000000
0.0140000000
0.0155000000
0.0125000000
0.0130000000
0.0132000000
0.0137000000
0.0109000000
0.0105000000
0.0114000000
0.0100000000
0.0091000000
0.0078000000
0.0101000000
0.0094000000
0.0075000000
0.0064000000
0.0074000000
0.0068000000
0.0056000000
0.0039000000
0.0051000000
0.0049000000
0.0050000000
0.0047000000
0.0046000000
0.0038000000
0.0093000000
0.0110000000
0.0103000000
0.0112000000
0.0096000000
0.0108000000
0.0098000000
0.0102000000
0.0089000000
0.0087000000
0.0088000000
0.0084000000
0.0085000000
0.0080000000
0.0069000000
0.0073000000
0.0074000000
0.0084000000
0.0065000000
0.0051000000
0.0082000000
