0.3570000000
0.0253000000
0.0255000000
0.0264000000
0.0239000000
0.0228000000
0.0203000000
0.0216000000
0.0211000000
0.0209000000
0.0175000000
0.0164000000
0.0159000000
0.0151000000
0.0135000000
0.0118000000
0.0125000000
0.0132000000
0.0102000000
0.0098000000
0.0110000000
0.0100000000
0.0101000000
0.0083000000
0.0086000000
0.0082000000
0.0068000000
0.0068000000
0.0068000000
0.0080000000
0.0055000000
0.0068000000
0.0056000000
0.0053000000
0.0041000000
0.0035000000
0.0039000000
0.0100000000
0.0111000000
0.0088000000
0.0100000000
0.0096000000
0.0106000000
0.0088000000
0.0098000000
0.0094000000
0.0074000000
0.0095000000
0.0093000000
0.0072000000
0.0081000000
0.0083000000
0.0084000000
0.0084000000
0.0101000000
0.0084000000
0.0068000000
