0.3568000000
0.0297000000
0.0333000000
0.0256000000
0.0258000000
0.0245000000
0.0243000000
0.0227000000
0.0188000000
0.0213000000
0.0160000000
0.0168000000
0.0154000000
0.0138000000
0.0136000000
0.0126000000
0.0130000000
0.0126000000
0.0112000000
0.0116000000
0.0085000000
0.0116000000
0.0107000000
0.0073000000
0.0084000000
0.0081000000
0.0062000000
0.0064000000
0.0074000000
0.0060000000
0.0057000000
0.0049000000
0.0068000000
0.0043000000
0.0111000000
0.0129000000
0.0103000000
0.0116000000
0.0099000000
0.0115000000
0.0112000000
0.0092000000
0.0106000000
0.0083000000
0.0090000000
0.0103000000
0.0118000000
0.0078000000
0.0091000000
0.0079000000
0.0068000000
0.0090000000
