0.3692000000
0.0389000000
0.0361000000
0.0336000000
0.0315000000
0.0288000000
0.0232000000
0.0264000000
0.0225000000
0.0209000000
0.0210000000
0.0174000000
0.0157000000
0.0156000000
0.0148000000
0.0126000000
0.0116000000
0.0111000000
0.0120000000
0.0105000000
0.0082000000
0.0099000000
0.0074000000
0.0060000000
0.0077000000
0.0058000000
0.0143000000
0.0169000000
0.0132000000
0.0155000000
0.0145000000
0.0140000000
0.0127000000
0.0125000000
0.0114000000
0.0123000000
0.0106000000
0.0089000000
0.0119000000
0.0129000000
