0.3614000000
0.0394000000
0.0351000000
0.0341000000
0.0309000000
0.0305000000
0.0254000000
0.0248000000
0.0222000000
0.0202000000
0.0182000000
0.0172000000
0.0198000000
0.0146000000
0.0143000000
0.0143000000
0.0140000000
0.0123000000
0.0097000000
0.0101000000
0.0083000000
0.0107000000
0.0076000000
0.0058000000
0.0067000000
0.0071000000
0.0092000000
0.0148000000
0.0116000000
0.0148000000
0.0139000000
0.0164000000
0.0127000000
0.0118000000
0.0123000000
0.0125000000
0.0104000000
0.0128000000
0.0113000000
0.0105000000
0.0103000000
