0.0000000000
0.0058000000
0.0099000000
0.0124000000
0.0174000000
0.0188000000
0.0212000000
0.0235000000
0.0266000000
0.0277000000
0.0305000000
0.0339000000
0.0326000000
0.0356000000
0.0333000000
0.0374000000
0.0384000000
0.0381000000
0.0375000000
0.0387000000
0.0378000000
0.0373000000
0.0354000000
0.0295000000
0.0277000000
0.0218000000
0.0232000000
0.0184000000
0.0166000000
0.0153000000
0.0139000000
0.0111000000
0.0118000000
0.0100000000
0.0089000000
0.0081000000
0.0058000000
0.0062000000
0.0045000000
0.0038000000
0.0044000000
0.1292000000
