0.0000000000
0.0029000000
0.0045000000
0.0103000000
0.0110000000
0.0116000000
0.0181000000
0.0193000000
0.0204000000
0.0187000000
0.0228000000
0.0248000000
0.0259000000
0.0275000000
0.0281000000
0.0283000000
0.0271000000
0.0286000000
0.0291000000
0.0289000000
0.0318000000
0.0279000000
0.0315000000
0.0307000000
0.0336000000
0.0295000000
0.0306000000
0.0291000000
0.0233000000
0.0222000000
0.0207000000
0.0175000000
0.0169000000
0.0164000000
0.0130000000
0.0141000000
0.0114000000
0.0110000000
0.0093000000
0.0077000000
0.0072000000
0.0067000000
0.0068000000
0.0062000000
0.0059000000
0.0046000000
0.0039000000
0.0038000000
0.0027000000
0.0029000000
0.1332000000
