0.0000000000
0.0041000000
0.0074000000
0.0107000000
0.0133000000
0.0165000000
0.0155000000
0.0188000000
0.0226000000
0.0227000000
0.0254000000
0.0225000000
0.0293000000
0.0320000000
0.0285000000
0.0306000000
0.0291000000
0.0364000000
0.0313000000
0.0325000000
0.0341000000
0.0339000000
0.0355000000
0.0331000000
0.0353000000
0.0315000000
0.0271000000
0.0235000000
0.0209000000
0.0188000000
0.0181000000
0.0158000000
0.0160000000
0.0143000000
0.0121000000
0.0091000000
0.0098000000
0.0082000000
0.0072000000
0.0062000000
0.0078000000
0.0047000000
0.0039000000
0.0045000000
0.0032000000
0.0051000000
0.1311000000
