0.0000000000
0.0047000000
0.0111000000
0.0111000000
0.0175000000
0.0200000000
0.0233000000
0.0283000000
0.0301000000
0.0320000000
0.0356000000
0.0329000000
0.0363000000
0.0373000000
0.0360000000
0.0409000000
0.0376000000
0.0391000000
0.0396000000
0.0410000000
0.0425000000
0.0379000000
0.0288000000
0.0276000000
0.0234000000
0.0219000000
0.0226000000
0.0166000000
0.0150000000
0.0144000000
0.0102000000
0.0108000000
0.0086000000
0.0077000000
0.0068000000
0.0059000000
0.0059000000
0.0049000000
0.0036000000
0.1305000000
