0.0000000000
0.0032000000
0.0054000000
0.0087000000
0.0110000000
0.0125000000
0.0152000000
0.0158000000
0.0179000000
0.0187000000
0.0203000000
0.0210000000
0.0216000000
0.0231000000
0.0242000000
0.0261000000
0.0275000000
0.0289000000
0.0288000000
0.0305000000
0.0281000000
0.0284000000
0.0279000000
0.0286000000
0.0282000000
0.0301000000
0.0282000000
0.0294000000
0.0288000000
0.0271000000
0.0211000000
0.0207000000
0.0205000000
0.0165000000
0.0206000000
0.0136000000
0.0114000000
0.0123000000
0.0108000000
0.0097000000
0.0078000000
0.0087000000
0.0069000000
0.0062000000
0.0054000000
0.0053000000
0.0044000000
0.0058000000
0.0039000000
0.0035000000
0.0034000000
0.0038000000
0.0029000000
0.1296000000
