0.0000000000
0.0053000000
0.0108000000
0.0157000000
0.0185000000
0.0214000000
0.0246000000
0.0249000000
0.0271000000
0.0296000000
0.0292000000
0.0363000000
0.0359000000
0.0351000000
0.0389000000
0.0426000000
0.0381000000
0.0414000000
0.0412000000
0.0369000000
0.0403000000
0.0365000000
0.0343000000
0.0287000000
0.0235000000
0.0223000000
0.0192000000
0.0154000000
0.0142000000
0.0159000000
0.0117000000
0.0100000000
0.0097000000
0.0068000000
0.0054000000
0.0072000000
0.0052000000
0.0048000000
0.0038000000
0.1316000000
