0.0000000000
0.0045000000
0.0081000000
0.0133000000
0.0139000000
0.0162000000
0.0183000000
0.0204000000
0.0228000000
0.0291000000
0.0241000000
0.0283000000
0.0280000000
0.0311000000
0.0333000000
0.0312000000
0.0329000000
0.0317000000
0.0353000000
0.0359000000
0.0330000000
0.0359000000
0.0360000000
0.0349000000
0.0311000000
0.0285000000
0.0264000000
0.0194000000
0.0205000000
0.0202000000
0.0170000000
0.0125000000
0.0135000000
0.0120000000
0.0132000000
0.0089000000
0.0085000000
0.0082000000
0.0056000000
0.0063000000
0.0048000000
0.0047000000
0.0043000000
0.0033000000
0.0038000000
0.1291000000
