0.3084000000
0.0402000000
0.0413000000
0.0375000000
0.0364000000
0.0335000000
0.0305000000
0.0239000000
0.0259000000
0.0230000000
0.0230000000
0.0208000000
0.0197000000
0.0173000000
0.0179000000
0.0149000000
0.0142000000
0.0107000000
0.0113000000
0.0112000000
0.0108000000
0.0091000000
0.0076000000
0.0073000000
0.0067000000
0.0063000000
0.0064000000
0.0070000000
0.0057000000
0.0049000000
0.0062000000
0.0050000000
0.0049000000
0.0038000000
0.0031000000
0.0040000000
0.0024000000
0.0021000000
0.0027000000
0.0025000000
0.0021000000
0.0071000000
0.0140000000
0.0113000000
0.0120000000
0.0129000000
0.0123000000
0.0132000000
0.0118000000
0.0104000000
0.0118000000
0.0110000000
