0.3094000000
0.0511000000
0.0505000000
0.0471000000
0.0404000000
0.0374000000
0.0348000000
0.0299000000
0.0285000000
0.0257000000
0.0215000000
0.0194000000
0.0184000000
0.0173000000
0.0145000000
0.0140000000
0.0128000000
0.0119000000
0.0117000000
0.0098000000
0.0080000000
0.0082000000
0.0078000000
0.0056000000
0.0059000000
0.0052000000
0.0048000000
0.0050000000
0.0039000000
0.0039000000
0.0028000000
0.0030000000
0.0032000000
0.0075000000
0.0139000000
0.0150000000
0.0152000000
0.0156000000
0.0146000000
0.0141000000
0.0135000000
0.0172000000
