0.3133000000
0.0530000000
0.0520000000
0.0472000000
0.0428000000
0.0337000000
0.0346000000
0.0293000000
0.0282000000
0.0288000000
0.0231000000
0.0219000000
0.0186000000
0.0160000000
0.0157000000
0.0132000000
0.0126000000
0.0084000000
0.0108000000
0.0096000000
0.0071000000
0.0077000000
0.0077000000
0.0068000000
0.0056000000
0.0048000000
0.0047000000
0.0034000000
0.0040000000
0.0036000000
0.0031000000
0.0022000000
0.0165000000
0.0163000000
0.0136000000
0.0180000000
0.0177000000
0.0149000000
0.0150000000
0.0145000000
