0.0613000000
0.0494000000
0.0622000000
0.0626000000
0.0556000000
0.0529000000
0.0456000000
0.0435000000
0.0378000000
0.0339000000
0.0325000000
0.0302000000
0.0305000000
0.0262000000
0.0219000000
0.0212000000
0.0211000000
0.0187000000
0.0163000000
0.0138000000
0.0131000000
0.0134000000
0.0108000000
0.0112000000
0.0097000000
0.0090000000
0.0069000000
0.0077000000
0.0078000000
0.0051000000
0.0051000000
0.0061000000
0.0045000000
0.0046000000
0.0046000000
0.0030000000
0.0033000000
0.0033000000
0.0032000000
0.0020000000
0.0022000000
0.0024000000
0.0021000000
0.0095000000
0.0256000000
0.0866000000
