0.0559000000
0.0373000000
0.0465000000
0.0499000000
0.0492000000
0.0446000000
0.0390000000
0.0403000000
0.0357000000
0.0340000000
0.0329000000
0.0255000000
0.0270000000
0.0266000000
0.0239000000
0.0229000000
0.0188000000
0.0205000000
0.0183000000
0.0167000000
0.0152000000
0.0168000000
0.0130000000
0.0117000000
0.0110000000
0.0116000000
0.0114000000
0.0100000000
0.0086000000
0.0082000000
0.0081000000
0.0067000000
0.0064000000
0.0074000000
0.0051000000
0.0064000000
0.0052000000
0.0041000000
0.0051000000
0.0042000000
0.0040000000
0.0037000000
0.0024000000
0.0023000000
0.0039000000
0.0028000000
0.0027000000
0.0032000000
0.0024000000
0.0019000000
0.0017000000
0.0019000000
0.0015000000
0.0017000000
0.0021000000
0.0214000000
0.0213000000
0.0774000000
