0.0574000000
0.0353000000
0.0420000000
0.0497000000
0.0487000000
0.0419000000
0.0417000000
0.0373000000
0.0363000000
0.0349000000
0.0307000000
0.0262000000
0.0303000000
0.0274000000
0.0225000000
0.0223000000
0.0215000000
0.0167000000
0.0185000000
0.0159000000
0.0135000000
0.0157000000
0.0157000000
0.0140000000
0.0131000000
0.0100000000
0.0101000000
0.0094000000
0.0084000000
0.0099000000
0.0086000000
0.0079000000
0.0065000000
0.0059000000
0.0066000000
0.0057000000
0.0054000000
0.0046000000
0.0045000000
0.0037000000
0.0046000000
0.0042000000
0.0036000000
0.0032000000
0.0035000000
0.0034000000
0.0023000000
0.0024000000
0.0018000000
0.0029000000
0.0022000000
0.0021000000
0.0013000000
0.0020000000
0.0019000000
0.0012000000
0.0008000000
0.0181000000
0.0207000000
0.0814000000
