0.0571000000
0.0349000000
0.0424000000
0.0520000000
0.0492000000
0.0419000000
0.0401000000
0.0382000000
0.0376000000
0.0329000000
0.0317000000
0.0298000000
0.0256000000
0.0245000000
0.0253000000
0.0228000000
0.0202000000
0.0188000000
0.0179000000
0.0163000000
0.0157000000
0.0154000000
0.0142000000
0.0122000000
0.0129000000
0.0120000000
0.0103000000
0.0098000000
0.0088000000
0.0093000000
0.0080000000
0.0078000000
0.0063000000
0.0056000000
0.0063000000
0.0057000000
0.0056000000
0.0047000000
0.0038000000
0.0036000000
0.0049000000
0.0042000000
0.0038000000
0.0028000000
0.0036000000
0.0027000000
0.0031000000
0.0024000000
0.0028000000
0.0013000000
0.0024000000
0.0014000000
0.0019000000
0.0015000000
0.0023000000
0.0016000000
0.0192000000
0.0218000000
0.0791000000
