0.0568000000
0.0329000000
0.0449000000
0.0486000000
0.0458000000
0.0469000000
0.0422000000
0.0381000000
0.0375000000
0.0320000000
0.0296000000
0.0279000000
0.0272000000
0.0253000000
0.0247000000
0.0223000000
0.0228000000
0.0172000000
0.0187000000
0.0189000000
0.0167000000
0.0143000000
0.0152000000
0.0129000000
0.0106000000
0.0116000000
0.0106000000
0.0083000000
0.0093000000
0.0078000000
0.0071000000
0.0064000000
0.0066000000
0.0079000000
0.0064000000
0.0057000000
0.0055000000
0.0051000000
0.0059000000
0.0037000000
0.0043000000
0.0039000000
0.0039000000
0.0032000000
0.0039000000
0.0023000000
0.0024000000
0.0020000000
0.0022000000
0.0020000000
0.0020000000
0.0019000000
0.0017000000
0.0020000000
0.0016000000
0.0017000000
0.0192000000
0.0218000000
0.0801000000
