0.0586000000
0.0425000000
0.0508000000
0.0518000000
0.0557000000
0.0491000000
0.0440000000
0.0401000000
0.0383000000
0.0340000000
0.0324000000
0.0283000000
0.0262000000
0.0269000000
0.0254000000
0.0227000000
0.0196000000
0.0188000000
0.0178000000
0.0127000000
0.0163000000
0.0136000000
0.0134000000
0.0117000000
0.0118000000
0.0099000000
0.0108000000
0.0081000000
0.0066000000
0.0081000000
0.0065000000
0.0060000000
0.0066000000
0.0064000000
0.0051000000
0.0049000000
0.0046000000
0.0027000000
0.0038000000
0.0034000000
0.0041000000
0.0024000000
0.0031000000
0.0023000000
0.0023000000
0.0021000000
0.0021000000
0.0014000000
0.0020000000
0.0159000000
0.0242000000
0.0821000000
