0.0619000000
0.0588000000
0.0741000000
0.0694000000
0.0610000000
0.0551000000
0.0491000000
0.0448000000
0.0394000000
0.0368000000
0.0331000000
0.0328000000
0.0260000000
0.0236000000
0.0226000000
0.0223000000
0.0167000000
0.0174000000
0.0139000000
0.0148000000
0.0100000000
0.0108000000
0.0098000000
0.0095000000
0.0091000000
0.0087000000
0.0067000000
0.0053000000
0.0054000000
0.0047000000
0.0042000000
0.0041000000
0.0033000000
0.0035000000
0.0026000000
0.0033000000
0.0030000000
0.0018000000
0.0297000000
0.0909000000
