0.0571000000
0.0439000000
0.0502000000
0.0500000000
0.0517000000
0.0471000000
0.0422000000
0.0422000000
0.0354000000
0.0353000000
0.0329000000
0.0295000000
0.0263000000
0.0254000000
0.0240000000
0.0234000000
0.0185000000
0.0196000000
0.0177000000
0.0178000000
0.0162000000
0.0149000000
0.0112000000
0.0130000000
0.0099000000
0.0103000000
0.0100000000
0.0075000000
0.0107000000
0.0080000000
0.0066000000
0.0070000000
0.0062000000
0.0058000000
0.0052000000
0.0040000000
0.0045000000
0.0048000000
0.0037000000
0.0043000000
0.0037000000
0.0026000000
0.0029000000
0.0029000000
0.0030000000
0.0017000000
0.0021000000
0.0017000000
0.0012000000
0.0020000000
0.0021000000
0.0152000000
0.0231000000
0.0818000000
